# Radial distribution function (180 data points):
# "Pair separation distance" 0-0 0-1 1-1
0.0080555556 0.0 0.0 0.0 
0.0241666667 0.0 0.0 0.0 
0.0402777778 0.0 0.0 0.0 
0.0563888889 0.0 0.0 0.0 
0.0725 0.0 0.0 0.0 
0.0886111111 0.0 0.0 0.0 
0.1047222222 0.0 0.0 0.0 
0.1208333333 0.0 0.0 0.0 
0.1369444444 0.0 0.0 0.0 
0.1530555556 0.0 0.0 0.0 
0.1691666667 0.0 0.0 0.0 
0.1852777778 0.0 0.0 0.0 
0.2013888889 0.0 0.0 0.0 
0.2175 0.0 0.0 0.0 
0.2336111111 0.0 0.0 0.0 
0.2497222222 0.0 0.0 0.0 
0.2658333333 0.0 0.0 0.0 
0.2819444444 0.0 0.0 0.0 
0.2980555556 0.0 0.0 0.0 
0.3141666667 0.0 0.0 0.0 
0.3302777778 0.0 0.0 0.0 
0.3463888889 0.0 0.0 0.0 
0.3625 0.0 0.0 0.0 
0.3786111111 0.0 0.0 0.0 
0.3947222222 0.0 0.0 0.0 
0.4108333333 0.0 0.0 0.0 
0.4269444444 0.0 0.0 0.0 
0.4430555556 0.0 0.0 0.0 
0.4591666667 0.0 0.0 0.0 
0.4752777778 0.0 0.0 0.0 
0.4913888889 0.0 0.0 0.0 
0.5075 0.0 0.0 0.0 
0.5236111111 0.0 0.0 0.0 
0.5397222222 0.0 0.0 0.0 
0.5558333333 0.0 0.0 0.0 
0.5719444444 0.0 0.0 0.0 
0.5880555556 0.0 0.0 0.0 
0.6041666667 0.0 0.0 0.0 
0.6202777778 0.0 0.0 0.0 
0.6363888889 0.0 0.0 0.0 
0.6525 0.0 0.0 0.0 
0.6686111111 0.0 0.0 0.0 
0.6847222222 0.0 0.0 0.0 
0.7008333333 0.0 0.0 0.0 
0.7169444444 0.0 0.0 0.0 
0.7330555556 0.0 0.0 0.0 
0.7491666667 0.0 0.0 0.0 
0.7652777778 0.0 0.0 0.0 
0.7813888889 0.0285875344 0.0 0.0 
0.7975 0.0274441885 0.0 0.0 
0.8136111111 0.1318404326 0.0 0.0 
0.8297222222 0.5831433065 0.0 0.0 
0.8458333333 1.7566139267 0.0 0.0 
0.8619444444 6.0379356129 0.0 0.0 
0.8780555556 12.4518265622 0.0 0.0 
0.8941666667 19.8227404862 0.0 0.0 
0.9102777778 27.3006087575 0.0 0.0 
0.9263888889 34.1694673241 0.0 0.0 
0.9425 39.2991584674 0.0 0.0 
0.9586111111 42.6430003139 0.0 0.0 
0.9747222222 46.2972788982 0.0 0.0 
0.9908333333 45.5506824043 0.0 0.0 
1.0069444444 45.0687906921 0.0 0.0 
1.0230555556 42.6765616724 0.0 0.0 
1.0391666667 41.3797058554 0.0 0.0 
1.0552777778 39.5302543735 0.0 0.0 
1.0713888889 35.4915478106 0.0 0.0 
1.0875 33.9016681757 0.0 0.0 
1.1036111111 30.6117356869 0.0 0.6626810197 
1.1197222222 28.4842041657 0.0236672273 0.9656228744 
1.1358333333 27.3436420639 0.0460011791 2.0332521174 
1.1519444444 25.0319791143 0.2907024374 5.778269987 
1.1680555556 22.4399690156 0.3479858365 12.5709883436 
1.1841666667 21.7214901794 0.7194854627 17.2676511042 
1.2002777778 20.8878508502 0.8856739543 23.5300912873 
1.2163888889 18.5568404057 1.1832492643 29.866013633 
1.2325 18.1438162077 1.4455301323 39.318419599 
1.2486111111 17.1747922087 1.7891341558 41.0282721934 
1.2647222222 16.1070769443 1.780945093 37.4666323946 
1.2808333333 14.2680412647 1.7906870581 41.3268867701 
1.2969444444 14.5591455522 1.8876041168 38.9869635349 
1.3130555556 13.5358740152 1.8587782118 37.2168704186 
1.3291666667 13.6148093898 1.6460284792 29.3530547985 
1.3452777778 13.3195974384 1.6396318353 27.6507512703 
1.3613888889 12.7990145446 1.633075145 25.0404855564 
1.3775 12.8417378628 1.5325455071 21.3743183586 
1.3936111111 11.9893141538 1.2375776304 19.1167547059 
1.4097222222 11.576309771 1.1049315396 17.9715621765 
1.4258333333 11.5565834604 0.9633348174 14.1931329768 
1.4419444444 12.0133632025 1.01328647 10.8692813456 
1.4580555556 11.9463979748 1.2562191685 10.4405770892 
1.4741666667 11.2288743691 0.8738923686 7.3352340693 
1.4902777778 11.5139805578 1.0688746456 6.0872411069 
1.5063888889 11.7074645994 0.9284434804 6.4912583615 
1.5225 11.7622098185 1.1521242652 8.269691948 
1.5386111111 12.247134389 0.7144776173 6.2222226178 
1.5547222222 12.3701342298 0.7488516752 5.0921913914 
1.5708333333 13.2636726826 0.9019297424 5.5606975053 
1.5869444444 12.5729345246 0.8837095655 5.3682410408 
1.6030555556 12.7765777117 0.9930545781 3.6904679438 
1.6191666667 13.8418565775 1.0526202621 4.2331180433 
1.6352777778 14.0600111109 0.8988224373 3.3200947314 
1.6513888889 14.4590785733 1.0228245932 2.5157132547 
1.6675 14.1370850404 0.9071086982 3.8461408804 
1.6836111111 13.8986054483 0.931705363 4.0576291989 
1.6997222222 14.7239020842 0.9346687125 4.3302893319 
1.7158333333 14.6087769919 1.0885436103 3.975199999 
1.7319444444 15.9443223104 1.0486010512 4.9778872545 
1.7480555556 15.3147469663 0.9808064357 3.7639660839 
1.7641666667 15.6924956081 0.886698912 4.214203431 
1.7802777778 16.1477496748 0.7864592952 3.3742848809 
1.7963888889 16.3029487948 0.8735654381 4.3144937215 
1.8125 16.8379764241 0.9845620168 3.5010664012 
1.8286111111 16.7566061603 0.9761636611 3.5603350983 
1.8447222222 17.1114916797 1.0638259516 3.7355986692 
1.8608333333 17.3860960807 1.0369150373 3.6711934049 
1.8769444444 16.9997198002 0.9686520609 4.9830831237 
1.8930555556 16.8479773424 1.1095603465 4.2792596051 
1.9091666667 17.4028832766 1.343288046 4.2073409828 
1.9252777778 16.5289145275 1.2248349483 4.3549687051 
1.9413888889 17.0337669455 1.2282096232 4.2294500613 
1.9575 16.886635956 1.0531940202 3.7388387718 
1.9736111111 16.7644257403 1.0665419209 4.5587048963 
1.9897222222 16.696851301 1.3416561529 3.873563686 
2.0058333333 15.605402062 1.3275654798 4.0623503683 
2.0219444444 16.1262280731 1.1758441121 3.5043057859 
2.0380555556 15.4226255353 1.4287990959 4.274966895 
2.0541666667 15.1816519525 1.4557011777 3.9212510951 
2.0702777778 14.4209224702 1.2808190107 4.8020327882 
2.0863888889 14.6682251856 1.5337878987 4.1719030845 
2.1025 14.0691621903 1.3559781915 3.8343304107 
2.1186111111 14.0737731624 1.4940988254 4.0010115447 
2.1347222222 14.2796528017 1.4390733792 4.6050348134 
2.1508333333 13.4401747477 1.533055306 5.2778155053 
2.1669444444 13.6239478344 1.4597883532 4.211268219 
2.1830555556 13.1635513987 1.7683257138 4.1069987352 
2.1991666667 13.1843277128 1.4786802803 5.131818201 
2.2152777778 12.9576851472 1.5902775266 4.1939790587 
2.2313888889 12.2664267945 1.5673962332 4.4578417582 
2.2475 12.6095373023 1.7447397599 4.3941593953 
2.2636111111 12.171780074 1.6620799043 4.1743107841 
2.2797222222 12.1850735081 1.730025183 3.5719595858 
2.2958333333 12.2696525242 1.7001996237 4.2493730993 
2.3119444444 12.2723230379 1.7543086578 4.4168606587 
2.3280555556 12.090169879 1.5330103523 4.4676301695 
2.3441666667 11.8959652867 1.7820124235 5.0306750718 
2.3602777778 11.8688487926 1.7790740086 3.9118321913 
2.3763888889 11.7424616854 1.7340144789 3.9304328189 
2.3925 11.627539383 1.7625800586 4.1949405394 
2.4086111111 11.8275447958 1.8720677619 4.3824799409 
2.4247222222 11.9321573243 1.8926972616 4.5646810756 
2.4408333333 11.9568096287 1.7432741311 4.4030123769 
2.4569444444 11.867019907 1.9023665684 4.5794436567 
2.4730555556 12.1552783049 1.9116237165 4.5529636944 
2.4891666667 11.98716941 1.6762316801 4.7547508915 
2.5052777778 11.7945547676 1.8816778486 4.4687484987 
2.5213888889 11.8941619871 1.7736908226 4.6340006545 
2.5375 12.4131965108 1.9494058989 4.6066811738 
2.5536111111 12.3186240984 1.8884809434 4.1155232896 
2.5697222222 12.2677335123 1.5862673736 4.4307638253 
2.5858333333 12.2536979023 1.6508816688 3.8928854835 
2.6019444444 12.4350170007 1.7707587966 4.0534597404 
2.6180555556 12.0252314473 1.8442762842 3.5032590826 
2.6341666667 12.4043410114 1.8688267973 3.4023766588 
2.6502777778 12.236591573 1.7997034153 3.4760468783 
2.6663888889 12.1456330308 2.0534884712 3.2922595652 
2.6825 12.1845349869 1.7690984205 3.4771650073 
2.6986111111 12.2336292683 1.9476973243 3.9068037543 
2.7147222222 12.3778120143 1.8642510211 3.3403512897 
2.7308333333 12.168995066 1.8900679969 3.6528050971 
2.7469444444 12.2996346432 2.0056015113 3.6368240739 
2.7630555556 11.9439850571 1.8656760732 3.6738271342 
2.7791666667 12.0657984959 1.8825267179 3.1611081296 
2.7952777778 12.3359273813 1.9672252177 3.6154409406 
2.8113888889 12.024897837 2.1700026841 3.2677687477 
2.8275 11.8620527435 2.0933804842 3.3315927705 
2.8436111111 11.6999570558 1.9155981349 2.7699108664 
2.8597222222 11.6965628113 2.0355861228 3.059547627 
2.8758333333 11.4983383619 2.0056664731 3.2693439897 
2.8919444444 11.7066052289 1.9656410777 3.1123833092 
