# Radial distribution function (180 data points):
# "Pair separation distance" 0-0 0-1 1-1
0.0080555556 0.0 0.0 0.0 
0.0241666667 0.0 0.0 0.0 
0.0402777778 0.0 0.0 0.0 
0.0563888889 0.0 0.0 0.0 
0.0725 0.0 0.0 0.0 
0.0886111111 0.0 0.0 0.0 
0.1047222222 0.0 0.0 0.0 
0.1208333333 0.0 0.0 0.0 
0.1369444444 0.0 0.0 0.0 
0.1530555556 0.0 0.0 0.0 
0.1691666667 0.0 0.0 0.0 
0.1852777778 0.0 0.0 0.0 
0.2013888889 0.0 0.0 0.0 
0.2175 0.0 0.0 0.0 
0.2336111111 0.0 0.0 0.0 
0.2497222222 0.0 0.0 0.0 
0.2658333333 0.0 0.0 0.0 
0.2819444444 0.0 0.0 0.0 
0.2980555556 0.0 0.0 0.0 
0.3141666667 0.0 0.0 0.0 
0.3302777778 0.0 0.0 0.0 
0.3463888889 0.0 0.0 0.0 
0.3625 0.0 0.0 0.0 
0.3786111111 0.0 0.0 0.0 
0.3947222222 0.0 0.0 0.0 
0.4108333333 0.0 0.0 0.0 
0.4269444444 0.0 0.0 0.0 
0.4430555556 0.0 0.0 0.0 
0.4591666667 0.0 0.0 0.0 
0.4752777778 0.0 0.0 0.0 
0.4913888889 0.0 0.0 0.0 
0.5075 0.0 0.0 0.0 
0.5236111111 0.0 0.0 0.0 
0.5397222222 0.0 0.0 0.0 
0.5558333333 0.0 0.0 0.0 
0.5719444444 0.0 0.0 0.0 
0.5880555556 0.0 0.0 0.0 
0.6041666667 0.0 0.0 0.0 
0.6202777778 0.0 0.0 0.0 
0.6363888889 0.0 0.0 0.0 
0.6525 0.0 0.0 0.0 
0.6686111111 0.0 0.0 0.0 
0.6847222222 0.0 0.0 0.0 
0.7008333333 0.0 0.0 0.0 
0.7169444444 0.0 0.0 0.0 
0.7330555556 0.0 0.0 0.0 
0.7491666667 0.0 0.0 0.0 
0.7652777778 0.0 0.0 0.0 
0.7813888889 0.0 0.0 0.0 
0.7975 0.0 0.0 0.0 
0.8136111111 0.0 0.0 0.0 
0.8297222222 0.0 0.0 0.0 
0.8458333333 0.0 0.0 0.0 
0.8619444444 0.0 0.0 0.0 
0.8780555556 0.0 0.0 0.0 
0.8941666667 0.153005186 0.0 0.0 
0.9102777778 0.4429114307 0.0 0.0 
0.9263888889 1.2829204874 0.0 0.0 
0.9425 5.2331737709 0.0 0.0 
0.9586111111 8.3868767727 0.0 0.0 
0.9747222222 21.6317926607 0.0 0.0 
0.9908333333 35.8869503894 0.0 0.0 
1.0069444444 46.0890684282 0.0 0.0 
1.0230555556 65.6876547246 0.0 0.0 
1.0391666667 74.0889579519 0.1132858684 0.0 
1.0552777778 84.0377209808 0.2746330751 0.0 
1.0713888889 90.801283419 0.7460199342 0.0 
1.0875 93.7166110913 1.5515995214 0.0 
1.1036111111 88.3888906008 2.7621528313 0.3013257634 
1.1197222222 77.5700182499 3.21988755 0.68300645 
1.1358333333 78.5142864293 3.0343685577 2.9395445402 
1.1519444444 72.4614883057 3.4571320757 6.1767426418 
1.1680555556 67.4277718774 3.2279252494 9.6837757483 
1.1841666667 62.726546816 5.1036202903 18.5824123391 
1.2002777778 56.0439498973 3.6088907131 21.3985990517 
1.2163888889 54.9825983486 3.8446478545 31.0052246327 
1.2325 50.5748328403 3.4629264524 33.0991342315 
1.2486111111 45.8255074936 3.6095433985 37.9002056839 
1.2647222222 40.3059623989 3.594649398 36.5583491967 
1.2808333333 37.1358377763 3.2437930588 37.6578274639 
1.2969444444 35.6371201423 2.7636950314 37.018967658 
1.3130555556 32.0716744909 2.5543811541 32.2845395871 
1.3291666667 29.2215402255 2.2850967475 27.4904063259 
1.3452777778 26.768307398 2.1630955473 25.4839694168 
1.3613888889 27.7226454422 2.7062582455 22.1121100551 
1.3775 25.4017073547 2.3532038539 20.3084716161 
1.3936111111 23.3690320643 2.0471524046 16.3772192365 
1.4097222222 22.7148252384 2.1853016151 14.6507544898 
1.4258333333 23.8291137526 2.5273302465 12.8171748215 
1.4419444444 18.7102847898 1.971052014 10.8260767337 
1.4580555556 20.4282254677 1.6975567642 11.854125201 
1.4741666667 21.8981263438 1.4636279818 9.513581882 
1.4902777778 19.3891528768 1.8452744925 7.6014292528 
1.5063888889 18.2218809723 1.8329702753 6.577128635 
1.5225 18.9993480119 1.8207708511 6.8080997042 
1.5386111111 17.0015709932 1.7828395115 5.9944748791 
1.5547222222 16.9040909391 1.695470199 5.162327173 
1.5708333333 17.4019511298 1.8343937088 4.1149912928 
1.5869444444 19.8192784186 1.4815882151 4.177593 
1.6030555556 18.4231977889 1.5709703541 3.9512284664 
1.6191666667 18.011731514 1.8431694166 4.4796016201 
1.6352777778 15.3711919764 1.646913426 4.8492450878 
1.6513888889 18.6614773413 1.9738101034 4.21677613 
1.6675 19.1825473068 2.1338384045 4.4876601498 
1.6836111111 17.8245273816 1.8774017944 3.8842795747 
1.6997222222 18.1233911955 1.778463622 4.1074040793 
1.7158333333 18.4910456729 1.9114339347 3.9059736927 
1.7319444444 17.3737435046 2.2430889501 3.752076062 
1.7480555556 19.6172169971 2.1018446783 3.8834082627 
1.7641666667 19.3391647309 2.4173955914 4.0879535203 
1.7802777778 19.7627013461 1.8527532512 3.7827045545 
1.7963888889 19.2960760983 1.9902632518 3.6393385176 
1.8125 22.0826228724 2.1970906399 5.1389577679 
1.8286111111 20.8537513027 2.1219606589 4.1341647319 
1.8447222222 20.1315938409 2.2288550324 3.3792318233 
1.8608333333 21.5156503492 2.0844390322 3.8155833132 
1.8769444444 21.6687539967 1.9793573362 4.3754214801 
1.8930555556 21.130810784 1.9458097168 4.7791817605 
1.9091666667 23.3936165386 2.3326489949 3.994032092 
1.9252777778 22.0136144396 2.2772704593 4.6865565973 
1.9413888889 23.4025156928 2.2396304893 3.9274679595 
1.9575 24.5194135867 2.7137371808 4.6612426871 
1.9736111111 23.8694751577 2.9522771906 4.1143437443 
1.9897222222 23.4226907419 2.5184027645 3.8316802797 
2.0058333333 23.9905294277 2.6757497968 3.8615934567 
2.0219444444 23.4601173371 2.7230493338 4.578313715 
2.0380555556 24.9461749849 2.6359889742 5.3014303392 
2.0541666667 22.7878743904 2.3628648382 4.8416985028 
2.0702777778 24.4325718315 2.6259306174 4.8237203733 
2.0863888889 23.3822068463 2.8103613998 4.8900288356 
2.1025 24.381286996 2.7259441193 5.092118964 
2.1186111111 24.8840488747 2.8209190126 4.8786908528 
2.1347222222 23.4628887475 2.765077278 4.4294927269 
2.1508333333 22.02846858 3.0014780118 4.7600532346 
2.1669444444 23.0568815317 2.5531914012 4.5853233329 
2.1830555556 21.8193712037 2.8750230292 4.5692330285 
2.1991666667 21.7285019516 3.0860037696 4.4013496386 
2.2152777778 21.8373865775 2.6050307047 4.3874201343 
2.2313888889 18.8696416758 3.5012030453 4.4717119596 
2.2475 21.7243121682 3.1968887472 4.5531445793 
2.2636111111 19.816523983 3.2231695635 4.3453100782 
2.2797222222 19.8198914193 2.9776915256 5.3669064651 
2.2958333333 19.6587439469 3.272589016 4.9436983007 
2.3119444444 18.8364103198 2.9639309069 4.6461619622 
2.3280555556 18.3734555964 2.6860457199 4.4692189289 
2.3441666667 18.1440310015 3.4507052825 4.2521594126 
2.3602777778 17.4140632832 3.4257173672 4.7433009699 
2.3763888889 18.0669238151 2.8270186545 5.1341258324 
2.3925 17.0550190793 3.4088665954 5.1079568421 
2.4086111111 16.9541456917 3.3739593416 5.145287996 
2.4247222222 16.4382794932 3.2460400012 5.1395633352 
2.4408333333 16.4067969583 2.7823792088 5.4004851064 
2.4569444444 16.1518006035 2.8980018649 5.0056395848 
2.4730555556 16.2220757599 3.2304133603 4.6805989246 
2.4891666667 16.1509728353 3.3664313795 4.7781606677 
2.5052777778 14.7939231773 3.040648242 4.5999550327 
2.5213888889 15.0095719831 3.0981296016 4.3681703079 
2.5375 15.5035605673 2.7074232608 4.8638621388 
2.5536111111 15.6274779355 3.1611404948 4.6150775176 
2.5697222222 14.913409726 3.0845748067 5.0946430741 
2.5858333333 15.1123650457 3.0096659201 4.7386229381 
2.6019444444 14.3114160503 3.089964829 3.9934633171 
2.6180555556 14.1179698149 3.1680652872 3.980160896 
2.6341666667 14.7391784273 3.3409979808 4.4958020323 
2.6502777778 14.699859077 3.0653734568 4.2497222924 
2.6663888889 14.5743756617 3.2521334121 3.9576226708 
2.6825 14.7228530553 3.2641891301 4.0632354275 
2.6986111111 14.3795971298 3.1833337104 3.9644683676 
2.7147222222 14.5248225268 3.153961463 3.7183545669 
2.7308333333 14.60001186 3.1660699876 3.7566322651 
2.7469444444 14.8994201307 3.3641236965 3.3560173744 
2.7630555556 14.2294250754 3.3570546771 4.0220559616 
2.7791666667 14.0807637736 3.2311313946 3.1836147565 
2.7952777778 13.5118402481 3.2957617291 4.1334018835 
2.8113888889 15.1838121783 3.490264675 3.606348866 
2.8275 14.628720503 3.2746299034 3.7030861524 
2.8436111111 14.2818767146 3.3284034716 3.3132743649 
2.8597222222 14.2261217171 3.44807682 3.5153928533 
2.8758333333 14.5109316779 3.0841276808 3.5796589868 
2.8919444444 13.9693825046 3.2546467092 3.2327052707 
