# Radial distribution function (400 data points):
# "Pair separation distance" 0-0 0-1 1-1
0.00375 0.0 0.0 0.0 
0.01125 0.0 0.0 0.0 
0.01875 0.0 0.0 0.0 
0.02625 0.0 0.0 0.0 
0.03375 0.0 0.0 0.0 
0.04125 0.0 0.0 0.0 
0.04875 0.0 0.0 0.0 
0.05625 0.0 0.0 0.0 
0.06375 0.0 0.0 0.0 
0.07125 0.0 0.0 0.0 
0.07875 0.0 0.0 0.0 
0.08625 0.0 0.0 0.0 
0.09375 0.0 0.0 0.0 
0.10125 0.0 0.0 0.0 
0.10875 0.0 0.0 0.0 
0.11625 0.0 0.0 0.0 
0.12375 0.0 0.0 0.0 
0.13125 0.0 0.0 0.0 
0.13875 0.0 0.0 0.0 
0.14625 0.0 0.0 0.0 
0.15375 0.0 0.0 0.0 
0.16125 0.0 0.0 0.0 
0.16875 0.0 0.0 0.0 
0.17625 0.0 0.0 0.0 
0.18375 0.0 0.0 0.0 
0.19125 0.0 0.0 0.0 
0.19875 0.0 0.0 0.0 
0.20625 0.0 0.0 0.0 
0.21375 0.0 0.0 0.0 
0.22125 0.0 0.0 0.0 
0.22875 0.0 0.0 0.0 
0.23625 0.0 0.0 0.0 
0.24375 0.0 0.0 0.0 
0.25125 0.0 0.0 0.0 
0.25875 0.0 0.0 0.0 
0.26625 0.0 0.0 0.0 
0.27375 0.0 0.0 0.0 
0.28125 0.0 0.0 0.0 
0.28875 0.0 0.0 0.0 
0.29625 0.0 0.0 0.0 
0.30375 0.0 0.0 0.0 
0.31125 0.0 0.0 0.0 
0.31875 0.0 0.0 0.0 
0.32625 0.0 0.0 0.0 
0.33375 0.0 0.0 0.0 
0.34125 0.0 0.0 0.0 
0.34875 0.0 0.0 0.0 
0.35625 0.0 0.0 0.0 
0.36375 0.0 0.0 0.0 
0.37125 0.0 0.0 0.0 
0.37875 0.0 0.0 0.0 
0.38625 0.0 0.0 0.0 
0.39375 0.0 0.0 0.0 
0.40125 0.0 0.0 0.0 
0.40875 0.0 0.0 0.0 
0.41625 0.0 0.0 0.0 
0.42375 0.0 0.0 0.0 
0.43125 0.0 0.0 0.0 
0.43875 0.0 0.0 0.0 
0.44625 0.0 0.0 0.0 
0.45375 0.0 0.0 0.0 
0.46125 0.0 0.0 0.0 
0.46875 0.0 0.0 0.0 
0.47625 0.0 0.0 0.0 
0.48375 0.0 0.0 0.0 
0.49125 0.0 0.0 0.0 
0.49875 0.0 0.0 0.0 
0.50625 0.0 0.0 0.0 
0.51375 0.0 0.0 0.0 
0.52125 0.0 0.0 0.0 
0.52875 0.0 0.0 0.0 
0.53625 0.0 0.0 0.0 
0.54375 0.0 0.0 0.0 
0.55125 0.0 0.0 0.0 
0.55875 0.0 0.0 0.0 
0.56625 0.0 0.0 0.0 
0.57375 0.0 0.0 0.0 
0.58125 0.0 0.0 0.0 
0.58875 0.0 0.0 0.0 
0.59625 0.0 0.0 0.0 
0.60375 0.0 0.0 0.0 
0.61125 0.0 0.0 0.0 
0.61875 0.0 0.0 0.0 
0.62625 0.0 0.0 0.0 
0.63375 0.0 0.0 0.0 
0.64125 0.0 0.0 0.0 
0.64875 0.0 0.0 0.0 
0.65625 0.0 0.0 0.0 
0.66375 0.0 0.0 0.0 
0.67125 0.0 0.0 0.0 
0.67875 0.0 0.0 0.0 
0.68625 0.0 0.0 0.0 
0.69375 0.0 0.0 0.0 
0.70125 0.0 0.0 0.0 
0.70875 0.0 0.0 0.0 
0.71625 0.0 0.0 0.0 
0.72375 0.0 0.0 0.0 
0.73125 0.0 0.0 0.0 
0.73875 0.0 0.0 0.0 
0.74625 0.0 0.0 0.0 
0.75375 0.0 0.0 0.0 
0.76125 0.0 0.0 0.0 
0.76875 0.0 0.0 0.0 
0.77625 0.0 0.0 0.0 
0.78375 0.0 0.0 0.0 
0.79125 0.0 0.0 0.0 
0.79875 0.0 0.0 0.0 
0.80625 0.0 0.0 0.0 
0.81375 0.0 0.0 0.0 
0.82125 0.0 0.0 0.0 
0.82875 0.0 0.0 0.0 
0.83625 0.0 0.0 0.0 
0.84375 0.0 0.0 0.0 
0.85125 0.0 0.0 0.0 
0.85875 0.0 0.0 0.0 
0.86625 0.0 0.0 0.0 
0.87375 0.0 0.0 0.0 
0.88125 0.0 0.0 0.0 
0.88875 0.0 0.0 0.0 
0.89625 0.0 0.0 0.0 
0.90375 0.1216215056 0.0 0.0 
0.91125 0.2392555109 0.0 0.0 
0.91875 0.3530478957 0.0 0.0 
0.92625 0.4631382657 0.0 0.0 
0.93375 1.0253884787 0.0 0.0 
0.94125 1.906101985 0.0 0.0 
0.94875 3.0900227749 0.0 0.0 
0.95625 4.2367122929 0.0 0.0 
0.96375 6.0961180756 0.0 0.0 
0.97125 7.5818949572 0.0 0.0 
0.97875 8.9178931489 0.0 0.0 
0.98625 12.357161807 0.0 0.0 
0.99375 16.8990552339 0.0 0.0 
1.00125 18.1331598219 0.0 0.0 
1.00875 20.1097935826 0.0488101786 0.0 
1.01625 22.6034255965 0.0 0.0 
1.02375 26.822926038 0.0 0.0 
1.03125 31.6649895705 0.0 0.0 
1.03875 29.9205029241 0.046031543 0.0 
1.04625 35.3009414659 0.0453739608 0.0 
1.05375 34.6213058697 0.134191108 0.0 
1.06125 35.721303448 0.2205018731 0.0 
1.06875 37.3089256216 0.2609015778 0.0 
1.07625 37.1337918248 0.5145560068 0.0 
1.08375 39.2434802147 0.5920352619 0.084576466 
1.09125 39.6235036858 0.8758879762 0.0 
1.09875 38.3438699263 0.8228298267 0.1645659653 
1.10625 40.8290469586 0.7305396076 0.0811710675 
1.11375 36.9175896869 1.2412638615 0.3203261578 
1.12125 36.5833901019 0.7111242136 0.3950690076 
1.12875 35.1632417015 1.091541871 0.467803659 
1.13625 34.1619843447 1.3080039051 0.6924726556 
1.14375 35.5378844724 1.5946486622 1.1390347587 
1.15125 29.904845414 1.2366665397 3.0729289774 
1.15875 31.8864189685 1.4056658014 2.5154019604 
1.16625 33.157404779 1.6797804183 4.089900149 
1.17375 29.9229837672 1.5502268699 4.9030431233 
1.18125 29.3306442582 1.3526267983 6.3359886868 
1.18875 27.0637340759 1.8276807428 7.0295413184 
1.19625 29.1550274537 1.7354183008 9.7183424846 
1.20375 26.873334027 1.9195238591 10.3517179543 
1.21125 26.7446929615 1.7942642113 11.2395418522 
1.21875 22.8051660872 1.7388103175 11.2353897438 
1.22625 21.5361314785 1.651543825 13.1462888473 
1.23375 20.8835245901 1.3052202869 13.6395519979 
1.24125 23.275383534 1.6441060391 15.1515654584 
1.24875 18.9833757719 1.815524193 14.9064091632 
1.25625 19.2609398718 1.3218292069 16.617281458 
1.26375 18.9086037223 1.3372861185 16.6072276114 
1.27125 16.1045127012 1.3215535232 15.8586422783 
1.27875 17.1311318794 1.5490917125 15.187173652 
1.28625 17.2921888638 1.4710368999 15.7310884802 
1.29375 15.2524872263 1.3353344848 15.015094429 
1.30125 15.5465015718 1.3493190043 15.0185071788 
1.30875 15.1368468854 1.0729182658 13.5129705911 
1.31625 15.710214252 1.1753992415 13.5314254141 
1.32375 14.2288598582 1.5305944867 12.5848880021 
1.33125 14.629504119 0.9528795786 11.7708653831 
1.33875 13.3575382815 1.3856367512 11.2513704197 
1.34625 13.59279019 1.178407214 9.7561155396 
1.35375 12.4669229213 0.8672642032 10.0819463625 
1.36125 12.866008857 0.9649506643 9.7567233832 
1.36875 11.7179707924 1.1134723377 10.3393859933 
1.37625 13.3737724679 1.2062618304 9.020740645 
1.38375 11.1021459129 0.9597649504 9.078857639 
1.39125 10.5721983467 0.8211416192 6.8257397092 
1.39875 10.3575828602 0.964676835 7.7681871451 
1.40625 10.0966998407 0.8790659065 5.9274158269 
1.41375 10.7850699924 0.8200629257 6.361700272 
1.42125 10.278123017 1.4261510406 5.950492273 
1.42875 8.9052700554 0.6082834737 6.0341720594 
1.43625 9.1977539057 1.0835050412 4.8155779611 
1.44375 9.8172926582 1.0246203503 5.7188112572 
1.45125 10.9423862657 0.9197264318 4.480718514 
1.45875 9.7097965154 0.9803159943 4.9482616858 
1.46625 9.1948694559 1.0396209184 4.4819212926 
1.47375 9.1472576214 0.868989474 5.0309916918 
1.48125 9.5076049628 0.8828490323 4.0294135319 
1.48875 8.3363888722 0.8291569577 4.5715680912 
1.49625 8.7411078456 0.953978775 4.1265128408 
1.50375 8.6980619753 0.7248384979 3.7779461105 
1.51125 10.4822137621 1.1961032301 3.5665623589 
1.51875 8.7854941002 0.7536575821 3.9190194271 
1.52625 8.8272942998 0.9808104778 4.0511737125 
1.53375 8.4033518519 0.8445579751 3.5471434953 
1.54125 8.154494866 0.8363584478 3.8472488598 
1.54875 8.2413636424 0.8075708092 2.9817999108 
1.55625 9.843763266 0.8408214456 3.3632857826 
1.56375 8.9777247108 0.8124637747 3.0061159665 
1.57125 8.2886786576 0.8449623874 2.8567775956 
1.57875 7.3731602486 0.8369533255 2.9492640994 
1.58625 8.4879706489 0.9869733313 2.9609199938 
1.59375 8.1345142899 0.9190436818 3.4806335183 
1.60125 9.14328826 0.8135976842 2.866963268 
1.60875 8.0219115325 0.6333088052 2.5716175726 
1.61625 8.3659316916 0.7795527258 3.1182109032 
1.62375 8.2511503929 0.9419121453 3.1271483224 
1.63125 7.3168431533 0.7839474807 3.9197374035 
1.63875 8.9515591761 0.8692629778 2.8852132882 
1.64625 7.6606116655 0.7513997088 3.0055988353 
1.65375 8.6809435209 0.7445997581 3.0510429111 
1.66125 8.494753203 0.7378916977 3.0595509418 
1.66875 9.6670839682 0.891797414 2.5327046559 
1.67625 9.2272372984 1.0429252885 2.7929185692 
1.68375 8.6546698643 0.9110178804 3.1184842831 
1.69125 9.2726617738 0.9376848985 3.3687198204 
1.69875 9.6040419157 0.8261541433 3.1325011266 
1.70625 8.3596779095 0.9383311939 2.8320541489 
1.71375 8.5910763037 1.0146940516 2.9426127497 
1.72125 8.9187200375 0.9388126355 2.7158508385 
1.72875 8.9079796266 0.8475876137 2.9250082356 
1.73625 9.3254700408 0.9061852513 2.5373187037 
1.74375 8.7227141208 1.0944229328 2.6135473021 
1.75125 9.4255242927 1.1660442424 3.0122809595 
1.75875 9.0562774205 1.1882349807 2.3764699614 
1.76625 9.3934797219 0.9552691243 2.7384381562 
1.77375 10.7665956618 0.9472078295 3.2520802146 
1.78125 10.7387371458 0.9862105542 2.7238196259 
1.78875 9.6864391082 1.1642354697 3.5082295488 
1.79625 9.236268511 0.831264166 3.3866317874 
1.80375 10.2587737521 1.0838882982 2.8089499559 
1.81125 10.870424889 0.8326927143 3.149092447 
1.81875 10.5106821936 1.2312513427 2.552594247 
1.82625 10.0969014738 1.1020216948 2.8592995324 
1.83375 9.2759474036 0.9748607144 3.0427470783 
1.84125 11.4860164865 0.9815855926 2.9301062466 
1.84875 10.5501623768 0.9736375747 3.3132741349 
1.85625 11.6470872661 1.182006381 3.2577249036 
1.86375 10.5526116455 0.9580284285 2.7453948996 
1.87125 10.8653583504 1.1489478151 2.8085391036 
1.87875 11.1164986648 1.4071517297 2.7017313211 
1.88625 10.1627629209 1.2982650435 2.9594859055 
1.89375 10.7472005883 1.0941093382 2.6314022059 
1.90125 11.1572330531 1.2916008707 3.2702234811 
1.90875 10.0881737525 0.9133887046 3.3536361393 
1.91625 9.9823079723 1.1632499805 2.9757557641 
1.92375 11.3272405554 0.9663048815 3.0331236558 
1.93125 11.772107477 1.1852008659 3.3025821881 
1.93875 10.8355056255 1.1892628126 2.5370940001 
1.94625 10.8046055363 1.2063394531 2.9109495498 
1.95375 11.840836102 1.06697644 3.2529769511 
1.96125 12.0861755802 1.1363071058 2.9698935721 
1.96875 11.0716301025 1.3583249894 2.9473089393 
1.97625 11.4201430076 1.0555366032 3.0775886501 
1.98375 12.3184173406 1.3252395705 2.9786337012 
1.99125 12.2007452344 1.3403282752 3.2067667146 
1.99875 12.2088151289 1.2308275945 2.5859812086 
2.00625 12.1670642798 1.1846228913 3.381111169 
2.01375 12.3215647801 1.2493037849 3.0130267753 
2.02125 12.0844061458 1.2522070755 2.8448199579 
2.02875 12.067628514 1.3274391365 3.3789359839 
2.03625 13.2726171587 1.3296574951 3.090555259 
2.04375 14.1028911672 1.3080253191 2.925220259 
2.05125 13.0319946874 1.2158473304 3.2579986718 
2.05875 12.1169224096 1.2070048435 3.0233713556 
2.06625 13.3553468308 1.3029606664 3.4668060589 
2.07375 12.0346631899 1.5245446651 3.4186759157 
2.08125 12.8654025057 1.4103783496 3.0959524746 
2.08875 12.4544175643 1.218119451 3.2331394774 
2.09625 12.9758186248 1.2546305465 3.3456814573 
2.10375 12.6814588952 1.4701514294 3.3218688787 
2.11125 12.3909469662 1.248009047 2.8080203556 
2.11875 13.1221288304 1.5932432981 3.1864865962 
2.12625 12.7440767559 1.4501880446 3.1420740967 
2.13375 12.2182779375 1.4727388585 3.2509346655 
2.14125 12.2628304529 1.3757769148 2.924880055 
2.14875 12.0052571534 1.4845210458 3.0766160805 
2.15625 12.0073492084 1.6451350339 3.0338853872 
2.16375 11.8393835659 1.5382711622 2.8007143919 
2.17125 12.4741539748 1.3906995985 3.266036936 
2.17875 12.1373046485 1.4857735001 3.222663648 
2.18625 11.9918235816 1.5171631221 2.2861362114 
2.19375 11.4145798138 1.4242423276 3.1168201661 
2.20125 11.6854431275 1.4965567514 3.2801243867 
2.20875 11.809837985 1.5576769066 3.461504237 
2.21625 11.9929568235 1.3246857874 3.1752010477 
2.22375 11.8921084566 1.5266895992 3.2743474298 
2.23125 11.3134658834 1.715975425 2.6737291506 
2.23875 11.0594131775 1.288282897 3.1711579004 
2.24625 10.2375550103 1.309225785 3.2878301668 
2.25375 11.342939137 1.5156513502 3.0704162836 
2.26125 11.112402395 1.5541821531 2.8946642602 
2.26875 10.5372783136 1.4667273843 3.5896222827 
2.27625 10.6405030634 1.6871428281 3.1250486474 
2.28375 10.6469149617 1.5332319399 3.1045565988 
2.29125 10.8611556398 1.5421327259 3.5573123001 
2.29875 10.1512466121 1.8704611813 3.4401446852 
2.30625 10.8510676513 1.6341969354 3.7539838174 
2.31375 10.1128309382 1.4751744213 3.8595758443 
2.32125 10.6559731022 1.5762728378 3.8899832605 
2.32875 10.2577333241 1.5295013081 3.7916978537 
2.33625 9.4457803977 1.4650969596 3.2577932393 
2.34375 9.6385955446 1.6908230458 3.7071521325 
2.35125 9.3975185573 1.8687226194 3.5218233981 
2.35875 8.9093463383 1.3926433154 3.2673554708 
2.36625 9.5093900339 1.7386571331 3.7966594538 
2.37375 9.2202110165 1.5425783249 3.3848575816 
2.38125 9.2498154087 1.8044147483 3.3986064191 
2.38875 9.1221880032 1.6886493059 3.7776999937 
2.39625 8.8402751467 1.6002455011 3.0447914399 
2.40375 9.2321919897 1.5215065011 3.7650838841 
2.41125 9.4482154564 1.7939649601 3.0924538835 
2.41875 9.5764882417 1.5451426064 3.2091423363 
2.42625 9.0955048766 1.4596682223 3.6112023072 
2.43375 8.8215105912 1.6519368693 3.7399179883 
2.44125 9.167424117 1.6084662314 3.5169572521 
2.44875 8.6309375506 1.4081184104 3.6279756691 
2.45625 8.8417514295 1.5394855841 3.358877638 
2.46375 8.2643225049 1.6855944911 3.4857439476 
2.47125 8.3443623642 1.5452522897 3.5459473594 
2.47875 8.5041213133 1.5197479153 3.6538620091 
2.48625 8.7742945531 1.6471889958 3.2140273088 
2.49375 8.3062821392 1.7411245253 3.5461435287 
2.50125 8.8281509692 1.3734443504 3.4296413837 
2.50875 8.4439990554 1.8150652175 3.1250688093 
2.51625 8.7232111058 1.4669428748 3.3731841506 
2.52375 8.7182298126 1.5284195378 3.7586643736 
2.53125 8.1395124733 1.7519331609 3.3953394889 
2.53875 8.291852642 1.5643550988 3.0208236391 
2.54625 7.7681043307 1.5857964462 3.3707750547 
2.55375 9.0629458004 1.4470249597 3.2443822781 
2.56125 8.1619513259 1.642990202 3.0436961345 
2.56875 8.0390875529 1.5355560494 3.3270381071 
2.57625 8.3365885463 1.5715292592 3.0532568464 
2.58375 8.5709840652 1.5698590605 3.1248379404 
2.59125 8.2255575769 1.5016080828 3.165952017 
2.59875 8.4281994473 1.6694600999 3.4271735972 
2.60625 8.2481423602 1.6452411623 3.495223447 
2.61375 8.6952541998 1.53402896 3.387950215 
2.62125 8.2118430631 1.6192366603 3.1228135592 
2.62875 7.7912996784 1.7896989114 3.2200205313 
2.63625 8.2473005823 1.4936618906 3.5876472204 
2.64375 8.0158121643 1.8405100625 3.0414606439 
2.65125 8.0411858952 1.5827993326 2.8829559273 
2.65875 8.2909864678 1.6371185144 3.6958126119 
2.66625 7.6854650987 1.6418948165 3.4095517893 
2.67375 8.3232785845 1.6743824198 3.4321365783 
2.68125 7.8346147371 1.7341166658 3.2886037168 
2.68875 7.9283748141 1.7107151895 3.0779132727 
2.69625 8.1302866526 1.7080434144 3.1291355352 
2.70375 8.3162505896 1.65781466 2.8807926879 
2.71125 8.6216573796 1.7364936885 3.6621773509 
2.71875 7.942516859 1.6261328933 3.2119484421 
2.72625 8.206278062 1.603832846 2.7532463856 
2.73375 8.5069052953 1.6548589207 2.8046203395 
2.74125 8.1695926666 1.7780100545 3.2519737799 
2.74875 8.2959875867 1.6302733134 2.9713045873 
2.75625 8.6954818351 1.5821854166 3.2559022209 
2.76375 8.0371150619 1.8142031572 3.1342147733 
2.77125 8.4334525719 1.8820051368 3.0914036268 
2.77875 8.2722041973 1.5759642522 3.2033885616 
2.78625 8.3428927182 1.7978166057 3.3141245614 
2.79375 8.6163397526 1.7499951492 2.8509011885 
2.80125 8.6462182447 1.6203747223 3.1647943795 
2.80875 8.3356802869 1.6872827167 2.7953489784 
2.81625 7.9907492197 1.7597182843 3.1436960096 
2.82375 8.8702679478 1.6880917232 2.8031043374 
2.83125 8.3028577716 1.6915523669 2.9493733577 
2.83875 8.0987932264 1.7565875719 3.0200979307 
2.84625 8.4362917064 1.6431149544 3.2003955456 
2.85375 8.0870647045 1.6466873833 2.9640372899 
2.86125 8.6028799718 1.6987351143 2.8757158721 
2.86875 8.8717883892 1.84074521 3.403869831 
2.87625 8.3813003012 1.7591124558 2.7137161434 
2.88375 8.6125011585 1.732056405 2.7832354645 
2.89125 8.4965769538 1.8122069727 2.9827144271 
2.89875 8.180763117 1.867862099 3.2155600691 
2.90625 8.8442527963 1.7582656822 2.8579167946 
2.91375 7.6872330081 1.8954821116 2.6794160713 
2.92125 8.148353076 1.7635364157 3.1545766908 
2.92875 8.2688070839 1.7313538642 2.9994692363 
2.93625 8.1574881291 1.7974126386 2.9611221034 
2.94375 8.7005995507 1.6965595962 2.9689792933 
2.95125 9.0328008687 1.8305107821 3.2504397065 
2.95875 8.589909604 1.9006735253 2.8027842433 
2.96625 8.5803963 1.8741391918 3.1950686222 
2.97375 8.5596364512 1.7074340428 2.9093777439 
2.98125 8.7625100552 1.9223874101 2.8500511022 
2.98875 8.9521213928 1.8237862216 2.7579206279 
2.99625 8.0110922691 1.7206144307 3.1424726581 
