# Radial distribution function (400 data points):
# "Pair separation distance" 0-0 0-1 1-1
0.00375 0.0 0.0 0.0 
0.01125 0.0 0.0 0.0 
0.01875 0.0 0.0 0.0 
0.02625 0.0 0.0 0.0 
0.03375 0.0 0.0 0.0 
0.04125 0.0 0.0 0.0 
0.04875 0.0 0.0 0.0 
0.05625 0.0 0.0 0.0 
0.06375 0.0 0.0 0.0 
0.07125 0.0 0.0 0.0 
0.07875 0.0 0.0 0.0 
0.08625 0.0 0.0 0.0 
0.09375 0.0 0.0 0.0 
0.10125 0.0 0.0 0.0 
0.10875 0.0 0.0 0.0 
0.11625 0.0 0.0 0.0 
0.12375 0.0 0.0 0.0 
0.13125 0.0 0.0 0.0 
0.13875 0.0 0.0 0.0 
0.14625 0.0 0.0 0.0 
0.15375 0.0 0.0 0.0 
0.16125 0.0 0.0 0.0 
0.16875 0.0 0.0 0.0 
0.17625 0.0 0.0 0.0 
0.18375 0.0 0.0 0.0 
0.19125 0.0 0.0 0.0 
0.19875 0.0 0.0 0.0 
0.20625 0.0 0.0 0.0 
0.21375 0.0 0.0 0.0 
0.22125 0.0 0.0 0.0 
0.22875 0.0 0.0 0.0 
0.23625 0.0 0.0 0.0 
0.24375 0.0 0.0 0.0 
0.25125 0.0 0.0 0.0 
0.25875 0.0 0.0 0.0 
0.26625 0.0 0.0 0.0 
0.27375 0.0 0.0 0.0 
0.28125 0.0 0.0 0.0 
0.28875 0.0 0.0 0.0 
0.29625 0.0 0.0 0.0 
0.30375 0.0 0.0 0.0 
0.31125 0.0 0.0 0.0 
0.31875 0.0 0.0 0.0 
0.32625 0.0 0.0 0.0 
0.33375 0.0 0.0 0.0 
0.34125 0.0 0.0 0.0 
0.34875 0.0 0.0 0.0 
0.35625 0.0 0.0 0.0 
0.36375 0.0 0.0 0.0 
0.37125 0.0 0.0 0.0 
0.37875 0.0 0.0 0.0 
0.38625 0.0 0.0 0.0 
0.39375 0.0 0.0 0.0 
0.40125 0.0 0.0 0.0 
0.40875 0.0 0.0 0.0 
0.41625 0.0 0.0 0.0 
0.42375 0.0 0.0 0.0 
0.43125 0.0 0.0 0.0 
0.43875 0.0 0.0 0.0 
0.44625 0.0 0.0 0.0 
0.45375 0.0 0.0 0.0 
0.46125 0.0 0.0 0.0 
0.46875 0.0 0.0 0.0 
0.47625 0.0 0.0 0.0 
0.48375 0.0 0.0 0.0 
0.49125 0.0 0.0 0.0 
0.49875 0.0 0.0 0.0 
0.50625 0.0 0.0 0.0 
0.51375 0.0 0.0 0.0 
0.52125 0.0 0.0 0.0 
0.52875 0.0 0.0 0.0 
0.53625 0.0 0.0 0.0 
0.54375 0.0 0.0 0.0 
0.55125 0.0 0.0 0.0 
0.55875 0.0 0.0 0.0 
0.56625 0.0 0.0 0.0 
0.57375 0.0 0.0 0.0 
0.58125 0.0 0.0 0.0 
0.58875 0.0 0.0 0.0 
0.59625 0.0 0.0 0.0 
0.60375 0.0 0.0 0.0 
0.61125 0.0 0.0 0.0 
0.61875 0.0 0.0 0.0 
0.62625 0.0 0.0 0.0 
0.63375 0.0 0.0 0.0 
0.64125 0.0 0.0 0.0 
0.64875 0.0 0.0 0.0 
0.65625 0.0 0.0 0.0 
0.66375 0.0 0.0 0.0 
0.67125 0.0 0.0 0.0 
0.67875 0.0 0.0 0.0 
0.68625 0.0 0.0 0.0 
0.69375 0.0 0.0 0.0 
0.70125 0.0 0.0 0.0 
0.70875 0.0 0.0 0.0 
0.71625 0.0 0.0 0.0 
0.72375 0.0 0.0 0.0 
0.73125 0.0 0.0 0.0 
0.73875 0.0 0.0 0.0 
0.74625 0.0 0.0 0.0 
0.75375 0.0 0.0 0.0 
0.76125 0.0 0.0 0.0 
0.76875 0.0 0.0 0.0 
0.77625 0.0 0.0 0.0 
0.78375 0.0 0.0 0.0 
0.79125 0.0 0.0 0.0 
0.79875 0.0 0.0 0.0 
0.80625 0.0 0.0 0.0 
0.81375 0.0 0.0 0.0 
0.82125 0.0 0.0 0.0 
0.82875 0.0 0.0 0.0 
0.83625 0.0 0.0 0.0 
0.84375 0.0 0.0 0.0 
0.85125 0.0 0.0 0.0 
0.85875 0.0 0.0 0.0 
0.86625 0.0 0.0 0.0 
0.87375 0.0 0.0 0.0 
0.88125 0.0 0.0 0.0 
0.88875 0.0 0.0 0.0 
0.89625 0.0 0.0 0.0 
0.90375 0.0 0.0 0.0 
0.91125 0.0 0.0 0.0 
0.91875 0.33015613 0.0 0.0 
0.92625 0.649662295 0.0 0.0 
0.93375 1.5981698047 0.0 0.0 
0.94125 2.2019235936 0.0 0.0 
0.94875 1.8576414461 0.0 0.0 
0.95625 5.79061858 0.0 0.0 
0.96375 8.1011984591 0.0 0.0 
0.97125 10.9308512301 0.0 0.0 
0.97875 14.8368252663 0.0 0.0 
0.98625 16.9041122312 0.0 0.0 
0.99375 19.1897381681 0.0 0.0 
1.00125 33.6368069443 0.0 0.0 
1.00875 31.4952619997 0.0547743687 0.0 
1.01625 34.2702374647 0.0 0.0 
1.02375 38.0244329905 0.0531810252 0.0 
1.03125 45.0728573595 0.1572308978 0.0 
1.03875 43.907776234 0.1033124147 0.0 
1.04625 43.2805330319 0.1527548225 0.0 
1.05375 50.1960413275 0.4015683306 0.0 
1.06125 52.4584105959 0.247445333 0.0395912533 
1.06875 51.4807539593 0.1951876927 0.0 
1.07625 55.5776749728 0.433072792 0.0384953593 
1.08375 52.2010462764 0.4270994695 0.0 
1.09125 54.0602734454 0.8893031995 0.0374443452 
1.09875 54.9406730941 0.6463608599 0.0738698126 
1.10625 59.663611977 1.1386185492 0.1093073807 
1.11375 61.3341079118 1.1682687221 0.1078401897 
1.12125 48.1027254381 1.4630322023 0.2482721313 
1.12875 55.3400921366 1.9686198784 0.3499768673 
1.13625 43.6032118897 2.0290603553 0.7598183458 
1.14375 52.1937853521 1.9599298989 1.193000808 
1.15125 43.7359932377 1.934476624 1.8503689447 
1.15875 42.5489974661 2.4076505883 2.2914191806 
1.16625 40.1594487006 2.7865739915 2.524308204 
1.17375 42.2775760144 2.5083346535 3.9162386203 
1.18125 43.1404956333 2.0771349749 4.4738291768 
1.18875 44.7671903024 2.2087776713 5.9005917791 
1.19625 35.6387322436 2.2590671805 6.1072712741 
1.20375 39.427236417 2.8849197378 7.26230462 
1.21125 31.9122036794 2.3554245573 8.145210082 
1.21875 34.7102372057 2.1764256842 10.2367056321 
1.22625 30.2095802488 1.9645493904 10.5566729508 
1.23375 32.4066455286 2.0872076781 9.6377729979 
1.24125 25.6853200284 1.2661777479 11.4896586493 
1.24875 26.2712966217 2.0373658605 11.8381679471 
1.25625 27.3712568366 2.2603360484 12.0362894579 
1.26375 24.4298558815 2.1986870293 12.9268837407 
1.27125 27.7638165189 2.034863571 12.2781598518 
1.27875 20.45150105 1.8406350945 12.5163186426 
1.28625 20.2136955934 1.953990574 12.7481040209 
1.29375 19.3140134067 1.7649012251 11.854808229 
1.30125 19.0920157109 2.1396224504 10.586193539 
1.30875 21.802520405 1.822300213 11.1680970194 
1.31625 20.4287718725 1.4798795372 10.5264474909 
1.32375 18.2894739184 1.7176201593 8.5753776842 
1.33125 16.6687086684 1.4152677171 9.8628434687 
1.33875 16.1714780985 1.8970387769 8.7823565673 
1.34625 15.3767277571 1.5684262312 8.5863647796 
1.35375 18.4002532907 1.2773729557 8.8807834064 
1.36125 19.5516290715 1.4738920377 7.8687787155 
1.36875 16.2141291555 1.279279915 7.7351808815 
1.37625 15.1550707127 1.5890753757 7.6746455182 
1.38375 15.7189635067 1.542787159 6.3341601094 
1.39125 15.8379059575 1.4974020178 5.8744233006 
1.39875 16.0958414363 1.680804681 6.244616713 
1.40625 14.5153531197 1.2401466743 6.2683777356 
1.41375 15.6166633914 1.3385711478 5.4212131487 
1.42125 12.8309102302 1.4624478327 5.0330280129 
1.42875 12.2869900484 1.4198299611 5.613789231 
1.43625 14.5908020785 0.9997401424 4.7555206774 
1.44375 10.6960025311 1.2567802974 5.2196492352 
1.45125 11.3796656039 1.3761456079 4.5095232998 
1.45875 13.2274205051 1.3620314183 5.1966737192 
1.46625 12.7035634095 1.3740588994 4.4384695014 
1.47375 10.6499115294 1.3857716207 4.516588986 
1.48125 10.9233859312 1.2955643779 4.5116124218 
1.48875 10.9393436692 1.0310645757 4.0236666369 
1.49625 9.7096113747 1.120339774 3.7245073376 
1.50375 11.7081399627 1.5775178055 4.0621083492 
1.51125 10.1279384751 1.1714242092 3.9047473639 
1.51875 11.5988317777 1.2323758764 3.4409867607 
1.52625 11.2458453506 1.5552764847 3.3115425458 
1.53375 13.9793980635 1.5164092815 3.5446066954 
1.54125 9.5028629042 1.1262652331 3.6040487459 
1.54875 11.3862068531 1.7195496064 3.5692272911 
1.55625 11.0465876987 1.5189058086 3.7558398176 
1.56375 11.0548470313 1.2536424468 3.6104902469 
1.57125 11.1753277708 1.1513974067 3.4135546645 
1.57875 10.6221527532 1.1404837693 3.0770699344 
1.58625 9.5251287159 1.1297245686 3.7568879772 
1.59375 11.4106037322 1.3166081229 3.21252382 
1.60125 9.3475081595 1.1956115088 3.2868447296 
1.60875 9.691278724 1.1414172719 2.6360278129 
1.61625 10.1349644895 1.1521854367 2.7652450481 
1.62375 10.0415553428 1.3741075732 3.1287372437 
1.63125 12.1487796758 1.6547475765 3.0162487471 
1.63875 10.1698931353 1.5773711802 3.1381384532 
1.64625 11.1057504256 1.5218991324 3.4551223546 
1.65375 10.4957444291 1.3858458664 3.048860906 
1.66125 10.6031536468 1.0502171231 3.2314373019 
1.66875 11.0084424882 1.3610437985 3.0903700367 
1.67625 12.1995352538 1.3885649882 3.1421242019 
1.68375 11.7961908855 1.4745238607 3.2557486844 
1.69125 12.0815271833 1.7147974067 2.7748539853 
1.69875 12.4579489395 1.2361375692 3.2448611191 
1.70625 12.7315738666 1.4550370133 2.9560225639 
1.71375 11.2919205504 1.4043733122 3.1275773222 
1.72125 10.723405745 1.1852185297 2.8896756534 
1.72875 11.1900663028 1.2122571828 3.1332185648 
1.73625 9.4295606919 1.4421681058 2.8399618084 
1.74375 12.1898682405 1.1548296228 2.9768941387 
1.75125 12.9035100727 1.2721770494 3.0823032512 
1.75875 10.6313792148 1.4235236576 3.0128247537 
1.76625 12.8639389695 1.1970609874 3.2016914769 
1.77375 14.3498060657 1.3286857468 2.8628748891 
1.78125 14.1413854802 1.5283236482 3.6679767556 
1.78875 12.8036527225 1.2716553044 3.0798446277 
1.79625 12.0059654209 1.4338059424 2.6672245482 
1.80375 13.2768443974 1.6274841519 3.1658849608 
1.81125 13.5918648132 1.5120949605 2.7999241515 
1.81875 11.4579985101 1.1963498444 3.3025995706 
1.82625 13.1188288217 1.3369507079 3.1017256424 
1.83375 11.2713135265 1.2597350412 2.8907604103 
1.84125 12.4127299855 1.3810189653 3.1697673393 
1.84875 14.2691321544 1.8427564954 3.4180686852 
1.85625 14.31581981 1.277909339 3.1316866839 
1.86375 14.0403725259 1.604614003 2.721425349 
1.87125 13.6096947152 1.5440238449 3.0816805811 
1.87875 13.8170702574 1.6738393683 3.1202892376 
1.88625 15.0389886693 1.4725676405 2.7320829416 
1.89375 13.6767620045 1.4920104005 3.3072897211 
1.90125 15.5735934533 1.480262348 3.0592088526 
1.90875 14.5335404341 1.5451448251 3.1208865774 
1.91625 14.1923135545 1.5634313327 2.9750732157 
1.92375 14.6843009539 1.4608996846 3.2290401277 
1.93125 14.1221475901 1.3449664371 3.2279194492 
1.93875 14.0872401706 1.4976960602 3.3809376409 
1.94625 15.1560459376 1.5744630246 3.1665835784 
1.95375 13.433704434 1.6208056437 3.0839112788 
1.96125 15.2149080982 1.3331157572 2.7821546237 
1.96875 15.458710838 1.567441378 2.6459560876 
1.97625 15.1275311179 1.4556680887 2.7971661312 
1.98375 14.6592728983 1.8270977815 3.1952965854 
1.99125 14.4787680408 1.6727897057 2.9576046561 
1.99875 12.2077904745 1.6044524624 3.2814540795 
2.00625 16.1325045741 1.6063266357 2.8359973706 
2.01375 14.4319218023 1.7318306163 2.979848235 
2.02125 15.5528779543 1.6644307986 3.252461495 
2.02875 14.8286985207 2.1125817071 2.9142793805 
2.03625 14.9885167849 1.8685236171 3.0111459729 
2.04375 13.6110184035 1.934899675 3.3520468852 
2.05125 15.3662110612 1.7618155786 3.0944369861 
2.05875 15.4517132066 1.7884536137 3.1034930355 
2.06625 14.3606121177 1.9060448811 3.1541126251 
2.07375 14.8401637149 1.7367527841 3.0172839413 
2.08125 14.6690624163 1.8786693972 3.047047351 
2.08875 15.1387994159 1.8396515746 3.1580685364 
2.09625 13.3817318174 1.9787205341 3.2268365634 
2.10375 15.1755627834 1.6371976447 3.2643202269 
2.11125 14.0050517403 1.9256946143 3.4512448932 
2.11875 13.906076523 1.7382595654 3.2877938065 
2.12625 13.2533551998 2.0958794269 3.195599691 
2.13375 15.1803102149 1.9954762621 3.4767807266 
2.14125 14.0408456465 1.7870167186 3.0537319709 
2.14875 15.8744983246 1.7987074147 3.1483415689 
2.15625 13.3666532359 1.9300727991 3.1168877501 
2.16375 13.9289295556 2.0119564914 3.0381733526 
2.17125 15.6654278374 1.6552150168 3.3577218912 
2.17875 14.8532596576 2.0430570596 2.8649765664 
2.18625 16.2674924388 2.0407248579 3.4424113032 
2.19375 14.3033822077 1.7835796437 3.5208325434 
2.20125 13.8609936847 2.0475160796 3.7269393808 
2.20875 12.6816543902 1.7365869075 3.1989758822 
2.21625 13.8442169308 1.9404599141 3.1864394378 
2.22375 12.2293642657 2.0175633213 3.0748115868 
2.23125 12.5391363144 2.1383705679 3.376610279 
2.23875 11.8436204367 2.1685502208 3.2828514112 
2.24625 13.3664249251 2.1540932731 3.2786404279 
2.25375 10.6440359045 2.4470309347 3.4675415936 
2.26125 14.3342400046 2.0275046699 3.1742438702 
2.26875 11.965616364 2.187379643 3.3438754147 
2.27625 13.3391406387 1.7857236662 3.2530291364 
2.28375 12.8241979147 2.0304980032 3.4539839717 
2.29125 10.6700681889 2.1658645876 3.1850949818 
2.29875 11.0752083783 2.2361373107 3.1643452509 
2.30625 12.208414118 2.0749064338 3.3450006751 
2.31375 11.9732230584 2.2801181303 3.539909426 
2.32125 11.2753170715 2.2550634143 3.5418977663 
2.32875 12.3847547979 2.2097280345 3.1820083697 
2.33625 12.2032464001 2.2466227682 3.4557142944 
2.34375 11.5164704509 2.0394806702 3.3849291123 
2.35125 11.2414765497 1.9055058905 3.3956316609 
2.35875 9.8677585659 2.2540565252 3.5503894779 
2.36625 10.9003132432 2.2995181362 3.4721728395 
2.37375 10.2874917359 2.2454429077 3.2524300796 
2.38125 11.2548994248 2.2804687044 3.6094315011 
2.38875 10.8912966521 2.2857071001 3.8134190251 
2.39625 11.4541766807 1.815195796 3.6420399073 
2.40375 10.1287727896 2.1704513121 3.4341362982 
2.41125 10.6889861112 2.0035857374 3.4204755556 
2.41875 9.5748113489 2.2960492886 3.1706439969 
2.42625 10.6519116754 1.9599517483 3.5449562056 
2.43375 11.0568666198 2.3807551105 3.5683096359 
2.44125 9.9602727318 1.9546450713 3.4192260195 
2.44875 10.5500155767 2.2680209698 3.4652385965 
2.45625 9.5156449389 2.3280995385 3.5401894569 
2.46375 11.0187952447 1.7538249098 3.4892851608 
2.47125 8.8985120839 2.2725430861 3.7382877432 
2.47875 8.7540294721 2.1408818191 3.4762114961 
2.48625 9.4677297829 2.1279849798 3.837586472 
2.49375 10.4863943367 1.9718006445 3.5277306076 
2.50125 9.7554221454 1.9599934904 3.5778790261 
2.50875 9.5643428969 2.1254095326 3.6557043961 
2.51625 8.8911912755 2.1039551632 3.5423914547 
2.52375 9.6697616953 2.1527252281 3.5143676895 
2.53125 8.5251524445 2.2095803275 3.3474272047 
2.53875 9.0802036138 2.1533054284 3.2930871773 
2.54625 8.725897779 2.175026737 3.4800427792 
2.55375 9.7857674757 2.2306421931 3.2203294191 
2.56125 9.7285409289 2.2260940815 3.4190086199 
2.56875 9.6718149039 2.0695149794 3.324739167 
2.57625 9.1536996533 2.1246660663 3.5069586929 
2.58375 9.8103174131 2.2459364971 3.112584112 
2.59125 7.8858978788 2.0337315582 3.4399116642 
2.59875 9.614862903 2.2035780215 3.5653397202 
2.60625 9.3954918283 2.2729705122 3.2297516014 
2.61375 9.2600631565 2.2844208668 3.2569314644 
2.62125 7.8686644887 2.0847904882 3.4394987043 
2.62875 9.6386345915 1.7502792522 3.3940899047 
2.63625 8.7818722997 2.1493532204 3.3555574157 
2.64375 8.3732626684 1.9776848969 3.3556846961 
2.65125 8.8413725636 2.1647486187 3.3621004188 
2.65875 9.89543542 2.2392857843 3.3431590582 
2.66625 8.4285509763 2.2345460728 3.3055600852 
2.67375 8.8881105609 2.1596549345 3.4429733541 
2.68125 9.1485777201 2.3646747497 3.2872855537 
2.68875 8.98196325 2.3129519099 3.1024394951 
2.69625 8.3953730672 2.1697630849 3.3121471827 
2.70375 8.3107387694 2.2111139845 3.1840041377 
2.71125 10.1225128217 2.2064803229 3.3908522351 
2.71875 9.991335239 2.0208889389 3.0765771906 
2.72625 8.4740942356 2.4747354847 3.3656402592 
2.73375 9.4345054099 2.4760915384 3.1741703577 
2.74125 8.3816082818 2.4106395501 3.1390235618 
2.74875 8.409701366 2.1540638587 3.505517622 
2.75625 9.8313644011 2.0763254668 3.1871229073 
2.76375 9.4132243471 2.1307453561 2.9713681815 
2.77125 9.3623421776 2.2861533224 3.0075617042 
2.77875 9.0592237777 2.1727700057 3.337836713 
2.78625 9.3695031877 2.1395493869 3.1360911819 
2.79375 9.64061864 2.1280772998 3.0107294953 
2.80125 8.4880979705 2.1735213213 3.3412563057 
2.80875 8.8667359154 2.2679061584 3.1877858526 
2.81625 8.9601234948 2.3190907869 3.1876956998 
2.82375 8.7378331322 2.0201870202 3.1036783286 
2.83125 8.9001997507 2.5309943041 2.964879042 
2.83875 8.8186501649 2.1510589814 2.9160336545 
2.84625 10.1826743213 2.3117422783 3.2309350414 
2.85375 9.6159169124 2.2037902105 3.0332913705 
2.86125 8.8166659269 2.3216085568 3.137235258 
2.86875 8.5335820549 2.4381663014 3.2942335806 
2.87625 8.8596939577 2.3446186291 3.2609063692 
2.88375 8.9142058333 2.3659508715 3.3726529138 
2.89125 8.9346951716 2.3270213544 3.061800017 
2.89875 8.9548533866 2.3481615547 2.9663780996 
2.90625 8.281786323 2.342656689 3.0830681834 
2.91375 8.0422533944 2.1927450071 2.9464190395 
2.92125 8.7847836817 2.4035690668 3.1612158379 
2.92875 8.934789691 2.332792363 2.7707595086 
2.93625 9.1477991577 2.2821011326 2.9686709351 
2.94375 8.4902078845 2.4248548276 3.0564748384 
2.95125 8.5111037365 2.0349857054 3.1126322236 
2.95875 7.8313171791 2.2729920593 2.9389723657 
2.96625 9.1537403666 2.56558121 3.0761635447 
2.97375 8.6664260326 2.401387868 2.9951168369 
2.98125 8.1838934543 2.3955918004 3.0151846535 
2.98875 8.9852375372 2.4210223364 3.2596445065 
2.99625 9.1576106798 2.3468317539 3.1340758449 
