# Radial distribution function (200 data points):
# "Pair separation distance" 0-0 0-1 1-1
0.00625 0.0 0.0 0.0 
0.01875 0.0 0.0 0.0 
0.03125 0.0 0.0 0.0 
0.04375 0.0 0.0 0.0 
0.05625 0.0 0.0 0.0 
0.06875 0.0 0.0 0.0 
0.08125 0.0 0.0 0.0 
0.09375 0.0 0.0 0.0 
0.10625 0.0 0.0 0.0 
0.11875 0.0 0.0 0.0 
0.13125 0.0 0.0 0.0 
0.14375 0.0 0.0 0.0 
0.15625 0.0 0.0 0.0 
0.16875 0.0 0.0 0.0 
0.18125 0.0 0.0 0.0 
0.19375 0.0 0.0 0.0 
0.20625 0.0 0.0 0.0 
0.21875 0.0 0.0 0.0 
0.23125 0.0 0.0 0.0 
0.24375 0.0 0.0 0.0 
0.25625 0.0 0.0 0.0 
0.26875 0.0 0.0 0.0 
0.28125 0.0 0.0 0.0 
0.29375 0.0 0.0 0.0 
0.30625 0.0 0.0 0.0 
0.31875 0.0 0.0 0.0 
0.33125 0.0 0.0 0.0 
0.34375 0.0 0.0 0.0 
0.35625 0.0 0.0 0.0 
0.36875 0.0 0.0 0.0 
0.38125 0.0 0.0 0.0 
0.39375 0.0 0.0 0.0 
0.40625 0.0 0.0 0.0 
0.41875 0.0 0.0 0.0 
0.43125 0.0 0.0 0.0 
0.44375 0.0 0.0 0.0 
0.45625 0.0 0.0 0.0 
0.46875 0.0 0.0 0.0 
0.48125 0.0 0.0 0.0 
0.49375 0.0 0.0 0.0 
0.50625 0.0 0.0 0.0 
0.51875 0.0 0.0 0.0 
0.53125 0.0 0.0 0.0 
0.54375 0.0 0.0 0.0 
0.55625 0.0 0.0 0.0 
0.56875 0.0 0.0 0.0 
0.58125 0.0 0.0 0.0 
0.59375 0.0 0.0 0.0 
0.60625 0.0 0.0 0.0 
0.61875 0.0 0.0 0.0 
0.63125 0.0 0.0 0.0 
0.64375 0.0 0.0 0.0 
0.65625 0.0 0.0 0.0 
0.66875 0.0 0.0 0.0 
0.68125 0.0 0.0 0.0 
0.69375 0.0 0.0 0.0 
0.70625 0.0 0.0 0.0 
0.71875 0.0 0.0 0.0 
0.73125 0.0 0.0 0.0 
0.74375 0.0 0.0 0.0 
0.75625 0.0 0.0 0.0 
0.76875 0.0 0.0 0.0 
0.78125 0.0 0.0 0.0 
0.79375 0.0 0.0 0.0 
0.80625 0.0 0.0 0.0 
0.81875 0.0 0.0 0.0 
0.83125 0.0 0.0 0.0 
0.84375 0.0 0.0 0.0 
0.85625 0.0 0.0 0.0 
0.86875 0.0 0.0 0.0 
0.88125 0.0 0.0 0.0 
0.89375 0.0 0.0 0.0 
0.90625 0.0 0.0 0.0 
0.91875 0.0 0.0 0.0 
0.93125 1.5638091046 0.0 0.0 
0.94375 3.4259819398 0.0 0.0 
0.95625 11.1233348811 0.0 0.0 
0.96875 11.1994082279 0.0 0.0 
0.98125 21.1275372432 0.0 0.0 
0.99375 28.8391273362 0.0 0.0 
1.00625 35.4937047028 0.0 0.0 
1.01875 58.4756660157 0.1306718794 0.0 
1.03125 68.5437810522 0.1275233136 0.0 
1.04375 71.8913518625 0.1244871894 0.0 
1.05625 78.101153635 0.4254537552 0.0 
1.06875 77.1754161263 0.6530227518 0.0 
1.08125 81.7814616996 0.9280165867 0.0 
1.09375 81.9067741401 1.9272182151 0.0 
1.10625 77.295792302 2.3271851446 0.1329820083 
1.11875 76.6617376356 2.7630732293 0.6934772026 
1.13125 82.3951452903 3.6031317555 0.6782365657 
1.14375 68.1635263016 3.4211351604 1.8246054189 
1.15625 67.9657182542 3.3475652274 3.7330424355 
1.16875 71.7320583835 4.3188159719 5.7981345462 
1.18125 52.9702028426 4.082107375 8.7084957334 
1.19375 57.100951137 4.2349872093 11.6866613327 
1.20625 47.3020907435 4.3340831913 14.4283027529 
1.21875 48.6193755954 3.5152036815 16.3981969144 
1.23125 42.4932767564 4.1151383806 19.860015663 
1.24375 36.6023918552 3.9451679844 21.5669183147 
1.25625 36.5221240072 2.8358355111 20.5211369716 
1.26875 37.7016402982 3.1593553322 21.9385634271 
1.28125 30.3605036165 3.3871582266 21.8099944347 
1.29375 30.9920400656 3.2409976539 18.992246252 
1.30625 30.0043252309 2.5036721716 20.1565480226 
1.31875 24.9542551236 2.1834973233 18.5285344293 
1.33125 23.9139005431 2.8696680652 16.8047761897 
1.34375 25.1609798648 2.1405609736 14.1802776074 
1.35625 20.4598874445 2.2856090479 12.710935479 
1.36875 22.802480891 2.3526369173 12.7404337677 
1.38125 24.7018848157 2.0259099777 11.4588311721 
1.39375 18.1519591502 2.3388101213 10.6119145801 
1.40625 18.1735919599 2.057387769 9.7108702699 
1.41875 18.0232064449 1.9876059444 9.0823485188 
1.43125 19.5303976337 2.0854492388 6.6204737741 
1.44375 16.7538011063 2.0820257686 7.2090142236 
1.45625 16.4674183775 1.9505097496 6.6253380346 
1.46875 15.8739800907 1.9488846844 6.2112840909 
1.48125 15.2981434395 1.8852257572 5.1179243507 
1.49375 15.4990342832 2.1577086943 5.5918084473 
1.50625 15.8406169079 2.2117087758 4.9255352197 
1.51875 14.9929805073 1.9990640676 5.1975665759 
1.53125 13.3031978548 2.1689996502 4.1876153247 
1.54375 13.3731703766 2.1340165495 4.5525686389 
1.55625 13.4391873212 2.071874712 4.3901345249 
1.56875 13.914718871 1.9838807103 4.3204513247 
1.58125 15.0515934109 1.8712791808 3.3628785278 
1.59375 11.879829916 1.9221297842 4.4636124988 
1.60625 12.7469446267 2.2077182446 4.0369705045 
1.61875 10.8687701183 2.1996320477 3.8299475655 
1.63125 12.7414737434 2.1405675889 3.5268399322 
1.64375 12.422940584 1.8571668752 3.9151085477 
1.65625 13.7193006299 2.0269957687 3.7178068734 
1.66875 13.1492809738 1.9723921461 4.0519265816 
1.68125 12.3547359377 2.2790289594 3.6080626894 
1.69375 13.1185317056 1.9618705073 3.7062806693 
1.70625 12.3447253543 1.9798144436 3.8198772794 
1.71875 13.6578539057 2.1577113733 4.1317877362 
1.73125 14.253185051 2.3529067386 3.8008493469 
1.74375 14.161076146 2.2969934536 3.9606411394 
1.75625 12.201446191 2.2204433609 3.605472388 
1.76875 13.2217199915 2.2541948838 3.5373519715 
1.78125 13.2505219625 1.9875782944 3.2485150618 
1.79375 14.4363638569 2.3393231943 3.7766370849 
1.80625 13.8215587967 2.2447042858 3.3421152699 
1.81875 13.632225356 2.2754541572 4.0507183915 
1.83125 15.9743414562 2.2849374488 3.9470777877 
1.84375 15.7584752844 2.8724309379 3.7182022696 
1.85625 16.2357444835 2.2434846923 3.7155255254 
1.86875 16.4076170854 2.5436660807 3.6038505693 
1.88125 13.795285933 2.2608940835 3.694071011 
1.89375 14.0864720535 2.4013180548 3.9782466041 
1.90625 14.8353806087 2.5938589995 4.0158162352 
1.91875 15.7478266993 2.9285432107 3.565823683 
1.93125 13.9992590236 2.5816815342 4.1306904548 
1.94375 16.2427329289 2.4588446533 3.7905692758 
1.95625 13.1121638041 2.5161179192 3.6714058652 
1.96875 16.4451593524 2.3093202495 4.1287846885 
1.98125 17.3611662452 2.3320969583 3.6484361303 
1.99375 17.7412146179 2.8829473754 3.6437725408 
2.00625 18.4474120509 2.7797470214 3.6793742392 
2.01875 16.6389672454 2.845263399 3.6738839678 
2.03125 16.1882885545 2.8596570645 3.8917631774 
2.04375 16.7214203543 2.8572524101 3.7923531988 
2.05625 17.0800553406 2.8707323061 4.452040716 
2.06875 17.5872715405 2.8044568132 3.8406798391 
2.08125 17.6114676351 2.8804533732 3.7946842264 
2.09375 14.8495443601 2.9080357705 4.0465008381 
2.10625 16.5080386918 3.0417589812 4.2064928222 
2.11875 16.9180446039 3.1117117754 4.0844993401 
2.13125 15.6751640682 3.164890269 4.299473573 
2.14375 14.3862612997 2.9657830987 4.2140679253 
2.15625 16.7722463628 3.0190043453 4.223689171 
2.16875 15.2819407826 3.4168112882 4.382745281 
2.18125 16.6037689747 3.0784670374 4.4922815286 
2.19375 14.0902075741 3.1280260814 4.3285117668 
2.20625 12.8165180612 3.0508885385 4.3018921492 
2.21875 14.6698121288 3.2370007984 4.5841441094 
2.23125 12.5309229126 3.1191101598 4.4348570656 
2.24375 14.6141148758 3.2595537327 4.3317044646 
2.25625 13.1871965434 3.4100225405 4.5502488275 
2.26875 14.3596861622 3.3330280725 4.2156876807 
2.28125 13.7466996257 3.1923615245 4.659544821 
2.29375 12.5662070572 3.4412074711 4.4748585541 
2.30625 12.8128300389 3.2765147463 4.3856851078 
2.31875 13.0534189778 3.7835997037 4.2477212674 
2.33125 13.0385826828 2.9945070276 4.6215225126 
2.34375 12.2209348467 3.3329822309 4.5229803312 
2.35625 12.3969577859 2.7480940905 4.5337445617 
2.36875 10.634964473 3.3475967716 4.399008032 
2.38125 12.436987268 3.2407918746 4.7547559017 
2.39375 12.3666068626 3.360876889 4.6862931269 
2.40625 11.9456706047 3.6422583903 4.9937587704 
2.41875 10.5475427613 3.7322074386 4.7475533132 
2.43125 11.9880606145 3.1318091366 4.8732326785 
2.44375 10.8438052424 3.2928832673 4.732668089 
2.45625 10.2841370382 3.0796213645 4.4238648505 
2.46875 9.345810397 3.5714346874 4.5660959368 
2.48125 10.2982274104 3.1280177375 4.634753042 
2.49375 11.0130464799 3.3584339761 4.5535130792 
