# Radial distribution function (200 data points):
# "Pair separation distance" 0-0 0-1 1-1
0.00625 0.0 0.0 0.0 
0.01875 0.0 0.0 0.0 
0.03125 0.0 0.0 0.0 
0.04375 0.0 0.0 0.0 
0.05625 0.0 0.0 0.0 
0.06875 0.0 0.0 0.0 
0.08125 0.0 0.0 0.0 
0.09375 0.0 0.0 0.0 
0.10625 0.0 0.0 0.0 
0.11875 0.0 0.0 0.0 
0.13125 0.0 0.0 0.0 
0.14375 0.0 0.0 0.0 
0.15625 0.0 0.0 0.0 
0.16875 0.0 0.0 0.0 
0.18125 0.0 0.0 0.0 
0.19375 0.0 0.0 0.0 
0.20625 0.0 0.0 0.0 
0.21875 0.0 0.0 0.0 
0.23125 0.0 0.0 0.0 
0.24375 0.0 0.0 0.0 
0.25625 0.0 0.0 0.0 
0.26875 0.0 0.0 0.0 
0.28125 0.0 0.0 0.0 
0.29375 0.0 0.0 0.0 
0.30625 0.0 0.0 0.0 
0.31875 0.0 0.0 0.0 
0.33125 0.0 0.0 0.0 
0.34375 0.0 0.0 0.0 
0.35625 0.0 0.0 0.0 
0.36875 0.0 0.0 0.0 
0.38125 0.0 0.0 0.0 
0.39375 0.0 0.0 0.0 
0.40625 0.0 0.0 0.0 
0.41875 0.0 0.0 0.0 
0.43125 0.0 0.0 0.0 
0.44375 0.0 0.0 0.0 
0.45625 0.0 0.0 0.0 
0.46875 0.0 0.0 0.0 
0.48125 0.0 0.0 0.0 
0.49375 0.0 0.0 0.0 
0.50625 0.0 0.0 0.0 
0.51875 0.0 0.0 0.0 
0.53125 0.0 0.0 0.0 
0.54375 0.0 0.0 0.0 
0.55625 0.0 0.0 0.0 
0.56875 0.0 0.0 0.0 
0.58125 0.0 0.0 0.0 
0.59375 0.0 0.0 0.0 
0.60625 0.0 0.0 0.0 
0.61875 0.0 0.0 0.0 
0.63125 0.0 0.0 0.0 
0.64375 0.0 0.0 0.0 
0.65625 0.0 0.0 0.0 
0.66875 0.0 0.0 0.0 
0.68125 0.0 0.0 0.0 
0.69375 0.0 0.0 0.0 
0.70625 0.0 0.0 0.0 
0.71875 0.0 0.0 0.0 
0.73125 0.0 0.0 0.0 
0.74375 0.0 0.0 0.0 
0.75625 0.0 0.0 0.0 
0.76875 0.0 0.0 0.0 
0.78125 0.0281409262 0.0 0.0 
0.79375 0.0 0.0 0.0 
0.80625 0.0264228438 0.0 0.0 
0.81875 0.3843332072 0.0 0.0 
0.83125 0.9942971704 0.0 0.0 
0.84375 1.8094786413 0.0 0.0 
0.85625 4.6385689968 0.0 0.0 
0.86875 7.8742043914 0.0 0.0 
0.88125 11.5007328327 0.0 0.0 
0.89375 17.9330671355 0.0 0.0 
0.90625 21.6662895859 0.0 0.0 
0.91875 26.371286118 0.0 0.0 
0.93125 30.9760023939 0.0 0.0 
0.94375 31.8386399378 0.0 0.0 
0.95625 36.0644954626 0.0 0.0 
0.96875 37.061524824 0.0 0.0 
0.98125 36.9260493283 0.0 0.0 
0.99375 36.1594813332 0.0 0.0 
1.00625 34.9443978598 0.0 0.0 
1.01875 32.8674692005 0.0 0.0 
1.03125 31.5748454785 0.0 0.0 
1.04375 30.4131758121 0.0 0.0 
1.05625 29.589837723 0.0 0.0 
1.06875 26.8716948373 0.0 0.0150373222 
1.08125 25.7985410319 0.0 0.0 
1.09375 24.8676497109 0.0 0.0574310617 
1.10625 23.2421798164 0.0 0.0701756637 
1.11875 21.8199736683 0.0 0.452867378 
1.13125 19.3674498665 0.0268433124 0.7247694337 
1.14375 18.8676557545 0.059084517 1.4968077634 
1.15625 17.9608614492 0.102780323 2.0941490817 
1.16875 17.6164526283 0.1194548893 4.1872082264 
1.18125 15.5591938213 0.2338802869 5.4777225083 
1.19375 14.9216764849 0.2832466861 7.1956711321 
1.20625 14.791092208 0.3600385573 9.1249116335 
1.21875 13.7838615891 0.4972366177 10.6154236064 
1.23125 13.108857858 0.5551720268 11.3753615293 
1.24375 11.9806205711 0.4996551675 12.4802757385 
1.25625 12.0481287737 0.6312479394 13.1147201196 
1.26875 11.66251596 0.7522482847 13.9992872274 
1.28125 11.4465295311 0.5859283855 13.7274650318 
1.29375 10.4157284963 0.6311007907 12.8888226516 
1.30625 10.9320501871 0.6241133624 12.6634614506 
1.31875 9.9455541486 0.691349345 11.535657642 
1.33125 9.9244223209 0.7171945818 11.3200442098 
1.34375 9.5028333803 0.6040339536 10.0450370867 
1.35625 9.2444340923 0.5929510756 9.0390022236 
1.36875 8.8288211048 0.5775864274 8.7646448351 
1.38125 9.5790357586 0.544672616 8.1925963725 
1.39375 8.5060927272 0.5437886723 7.7103044263 
1.40625 9.5367878624 0.50810755 7.374073675 
1.41875 9.1988156407 0.5247932856 7.2191076364 
1.43125 8.6279839283 0.524051502 6.5150082724 
1.44375 9.0313268364 0.5067760953 5.636339011 
1.45625 9.3872115505 0.4859643598 5.7181806338 
1.46875 9.2679207675 0.4976332027 5.5416433455 
1.48125 8.8303416756 0.4775273424 5.143204327 
1.49375 9.1681371851 0.465719815 5.111371193 
1.50625 9.0771661178 0.4920899063 4.8376223097 
1.51875 9.2932423836 0.487746295 4.5200305504 
1.53125 9.4644550092 0.4798156371 4.8787360961 
1.54375 9.5496460874 0.4864914045 4.7712194037 
1.55625 9.9074765925 0.4503398451 4.0353286908 
1.56875 9.7781359777 0.5234548168 4.5854641951 
1.58125 9.7478035773 0.4774294212 4.1216928445 
1.59375 10.2852370309 0.4226346577 4.0370062508 
1.60625 10.3055267706 0.5492286554 4.2806548537 
1.61875 11.4055239276 0.4686752648 4.2737940234 
1.63125 11.2830358073 0.4744297093 4.1246337991 
1.64375 11.5125767452 0.5435258485 3.8905008107 
1.65625 11.2204913146 0.4789997687 4.0198411964 
1.66875 11.7931823129 0.4780186345 4.1140442483 
1.68125 11.6670845725 0.5165115566 4.0287901415 
1.69375 12.4055743534 0.4789797048 3.9396080717 
1.70625 12.5076667734 0.469037504 3.8525973599 
1.71875 12.6054877255 0.4564256395 4.122366604 
1.73125 13.0315691658 0.4727812032 3.805172351 
1.74375 12.8284606335 0.5168666438 4.0445520976 
1.75625 12.941640406 0.4649857891 3.8758096913 
1.76875 12.7758375984 0.535300458 4.0902445255 
1.78125 13.8693242307 0.5602947142 3.6757498644 
1.79375 13.3777536304 0.5124757975 3.9236428246 
1.80625 13.698643115 0.5712155181 3.9116417504 
1.81875 14.3366075497 0.5400243336 3.8788286272 
1.83125 13.8854598971 0.524994334 3.6006928468 
1.84375 14.0717199042 0.5178999247 3.7440375041 
1.85625 14.6604790817 0.5882137136 3.8184042763 
1.86875 14.44533535 0.5951261755 3.8461873489 
1.88125 14.0501725208 0.5629775518 3.7418594175 
1.89375 13.755148382 0.6513580014 3.6303629783 
1.90625 14.563244515 0.4939497085 3.9799584166 
1.91875 14.0242087373 0.5831756794 3.8769519164 
1.93125 14.1149609744 0.6309134269 3.780875354 
1.94375 13.6976017371 0.6273710719 3.918796116 
1.95625 14.0886325023 0.5879614074 3.7028103901 
1.96875 13.5380566146 0.6558534792 3.8021776024 
1.98125 13.7572063097 0.5972832892 3.8943745597 
1.99375 13.1920319201 0.6675954575 3.9105106085 
2.00625 13.0964351444 0.6144954906 3.8448641463 
2.01875 12.9811139475 0.6806655528 3.7510361731 
2.03125 12.8426531592 0.6639880645 3.9131584991 
2.04375 12.6449157136 0.6332738276 3.7544091208 
2.05625 12.0326032988 0.7332494583 3.9363918287 
2.06875 12.3010121617 0.6280940957 4.0013406608 
2.08125 11.9316386735 0.6542772952 4.052553913 
2.09375 11.738661596 0.7052600425 3.882848345 
2.10625 11.851407496 0.7220802019 3.7130022178 
2.11875 11.7387641503 0.7441947938 3.7649752034 
2.13125 11.0947567395 0.8167919072 4.0083306557 
2.14375 10.9321121342 0.7456261097 3.9392978425 
2.15625 10.5212721976 0.7185349166 3.9270057395 
2.16875 11.4045856263 0.755923543 4.1667089976 
2.18125 10.6099960327 0.8014355629 3.9566368329 
2.19375 10.6428982227 0.7191629751 4.2864254747 
2.20625 10.3497335298 0.8327777406 4.2027046144 
2.21875 10.0834155608 0.7937636817 4.1031476469 
2.23125 9.9431521785 0.8728721378 4.1401050014 
2.24375 10.1704374584 0.8648795356 4.0224574852 
2.25625 10.1255391846 0.8620710635 4.0893547124 
2.26875 9.9475310914 0.8259020279 4.3180493902 
2.28125 9.894924638 0.8152256123 4.0431229758 
2.29375 9.8624587517 0.8390108902 4.1069093379 
2.30625 10.2434690841 0.8622339992 4.2433538387 
2.31875 9.7723335941 0.8513654472 4.1370290959 
2.33125 9.6741385597 0.8580622734 4.4404327593 
2.34375 9.8276231351 0.8583145245 4.3369116412 
2.35625 9.8102528478 0.8879036794 4.30030005 
2.36875 9.6120915418 0.8448844795 4.359114126 
2.38125 9.9809561642 0.8784453073 4.2013918664 
2.39375 10.0688332117 0.8108423292 4.3374818867 
2.40625 9.8932977639 0.8513872438 4.4349265838 
2.41875 10.1465526926 0.8866489911 4.4508604983 
2.43125 10.001805034 0.842685491 4.4865737863 
2.44375 10.2736476389 0.8700387488 4.5299538162 
2.45625 10.3088486763 0.9508852411 4.4127907893 
2.46875 9.7622616192 0.9328258071 4.5401280221 
2.48125 10.2221255527 0.912291227 4.4777596922 
2.49375 10.2414323986 0.9225022711 4.3777428133 
