# Radial distribution function (400 data points):
# "Pair separation distance" 0-0 0-1 1-1
0.00375 0.0 0.0 0.0 
0.01125 0.0 0.0 0.0 
0.01875 0.0 0.0 0.0 
0.02625 0.0 0.0 0.0 
0.03375 0.0 0.0 0.0 
0.04125 0.0 0.0 0.0 
0.04875 0.0 0.0 0.0 
0.05625 0.0 0.0 0.0 
0.06375 0.0 0.0 0.0 
0.07125 0.0 0.0 0.0 
0.07875 0.0 0.0 0.0 
0.08625 0.0 0.0 0.0 
0.09375 0.0 0.0 0.0 
0.10125 0.0 0.0 0.0 
0.10875 0.0 0.0 0.0 
0.11625 0.0 0.0 0.0 
0.12375 0.0 0.0 0.0 
0.13125 0.0 0.0 0.0 
0.13875 0.0 0.0 0.0 
0.14625 0.0 0.0 0.0 
0.15375 0.0 0.0 0.0 
0.16125 0.0 0.0 0.0 
0.16875 0.0 0.0 0.0 
0.17625 0.0 0.0 0.0 
0.18375 0.0 0.0 0.0 
0.19125 0.0 0.0 0.0 
0.19875 0.0 0.0 0.0 
0.20625 0.0 0.0 0.0 
0.21375 0.0 0.0 0.0 
0.22125 0.0 0.0 0.0 
0.22875 0.0 0.0 0.0 
0.23625 0.0 0.0 0.0 
0.24375 0.0 0.0 0.0 
0.25125 0.0 0.0 0.0 
0.25875 0.0 0.0 0.0 
0.26625 0.0 0.0 0.0 
0.27375 0.0 0.0 0.0 
0.28125 0.0 0.0 0.0 
0.28875 0.0 0.0 0.0 
0.29625 0.0 0.0 0.0 
0.30375 0.0 0.0 0.0 
0.31125 0.0 0.0 0.0 
0.31875 0.0 0.0 0.0 
0.32625 0.0 0.0 0.0 
0.33375 0.0 0.0 0.0 
0.34125 0.0 0.0 0.0 
0.34875 0.0 0.0 0.0 
0.35625 0.0 0.0 0.0 
0.36375 0.0 0.0 0.0 
0.37125 0.0 0.0 0.0 
0.37875 0.0 0.0 0.0 
0.38625 0.0 0.0 0.0 
0.39375 0.0 0.0 0.0 
0.40125 0.0 0.0 0.0 
0.40875 0.0 0.0 0.0 
0.41625 0.0 0.0 0.0 
0.42375 0.0 0.0 0.0 
0.43125 0.0 0.0 0.0 
0.43875 0.0 0.0 0.0 
0.44625 0.0 0.0 0.0 
0.45375 0.0 0.0 0.0 
0.46125 0.0 0.0 0.0 
0.46875 0.0 0.0 0.0 
0.47625 0.0 0.0 0.0 
0.48375 0.0 0.0 0.0 
0.49125 0.0 0.0 0.0 
0.49875 0.0 0.0 0.0 
0.50625 0.0 0.0 0.0 
0.51375 0.0 0.0 0.0 
0.52125 0.0 0.0 0.0 
0.52875 0.0 0.0 0.0 
0.53625 0.0 0.0 0.0 
0.54375 0.0 0.0 0.0 
0.55125 0.0 0.0 0.0 
0.55875 0.0 0.0 0.0 
0.56625 0.0 0.0 0.0 
0.57375 0.0 0.0 0.0 
0.58125 0.0 0.0 0.0 
0.58875 0.0 0.0 0.0 
0.59625 0.0 0.0 0.0 
0.60375 0.0 0.0 0.0 
0.61125 0.0 0.0 0.0 
0.61875 0.0 0.0 0.0 
0.62625 0.0 0.0 0.0 
0.63375 0.0 0.0 0.0 
0.64125 0.0 0.0 0.0 
0.64875 0.0 0.0 0.0 
0.65625 0.0 0.0 0.0 
0.66375 0.0 0.0 0.0 
0.67125 0.0 0.0 0.0 
0.67875 0.0 0.0 0.0 
0.68625 0.0 0.0 0.0 
0.69375 0.0 0.0 0.0 
0.70125 0.0 0.0 0.0 
0.70875 0.0 0.0 0.0 
0.71625 0.0 0.0 0.0 
0.72375 0.0 0.0 0.0 
0.73125 0.0 0.0 0.0 
0.73875 0.0 0.0 0.0 
0.74625 0.0 0.0 0.0 
0.75375 0.0 0.0 0.0 
0.76125 0.0 0.0 0.0 
0.76875 0.0 0.0 0.0 
0.77625 0.0 0.0 0.0 
0.78375 0.0 0.0 0.0 
0.79125 0.0 0.0 0.0 
0.79875 0.0 0.0 0.0 
0.80625 0.0411891718 0.0 0.0 
0.81375 0.1213002858 0.0 0.0 
0.82125 0.3175863664 0.0 0.0 
0.82875 0.5457624301 0.0 0.0 
0.83625 1.3017554105 0.0 0.0 
0.84375 2.406995009 0.0 0.0 
0.85125 3.7688491898 0.0 0.0 
0.85875 4.9014339525 0.0 0.0 
0.86625 7.6714047789 0.0 0.0 
0.87375 11.4331579409 0.0 0.0 
0.88125 13.0321648662 0.0 0.0 
0.88875 16.8808062384 0.0 0.0 
0.89625 19.832695363 0.0 0.0 
0.90375 23.2091797265 0.0 0.0 
0.91125 27.6653010551 0.0 0.0 
0.91875 29.753041598 0.0 0.0 
0.92625 32.2067223627 0.0 0.0 
0.93375 34.1174168216 0.0 0.0 
0.94125 35.7820380459 0.0 0.0 
0.94875 36.438114505 0.0 0.0 
0.95625 38.5333186306 0.0 0.0 
0.96375 37.5611680181 0.0 0.0 
0.97125 39.5945701888 0.0 0.0 
0.97875 39.660881923 0.0 0.0 
0.98625 39.3352351199 0.0 0.0 
0.99375 37.442339843 0.0 0.0 
1.00125 37.3375424647 0.0 0.0 
1.00875 36.1792241307 0.0 0.0 
1.01625 35.6731116029 0.0 0.0 
1.02375 34.3859426847 0.0 0.0 
1.03125 32.6036016313 0.0 0.0 
1.03875 33.7226071633 0.0 0.0 
1.04625 31.0884017637 0.0 0.0 
1.05375 30.2616332887 0.0 0.0 
1.06125 28.4803453358 0.0 0.0 
1.06875 27.5663287401 0.0 0.0 
1.07625 26.9754325061 0.0 0.0 
1.08375 25.0988031104 0.0 0.0 
1.09125 25.3170916943 0.0 0.0224840956 
1.09875 23.3979950194 0.0 0.0221781943 
1.10625 23.5850160945 0.0218784936 0.1969064423 
1.11375 21.9301842099 0.0107924135 0.1942634428 
1.12125 21.1479543424 0.0212970336 0.4472377051 
1.12875 18.4721479183 0.0105074789 0.6934936079 
1.13625 19.1001117377 0.0414768985 1.1198762582 
1.14375 17.8884746263 0.0307010434 2.026268865 
1.15125 18.2218036323 0.1010077807 2.5049929605 
1.15875 17.1491692983 0.1595271563 3.629242805 
1.16625 15.8072521872 0.1968524556 4.4291802517 
1.17375 16.6553506598 0.2040620559 5.5776961953 
1.18125 15.3124060243 0.1918847873 6.8694753843 
1.18875 15.0629583469 0.2842067613 7.806212376 
1.19625 15.192748621 0.3648504903 8.9996454269 
1.20375 14.5605526577 0.341840386 10.6802023301 
1.21125 14.0340499875 0.5474921972 10.9315942035 
1.21875 13.2129257252 0.4596583984 12.2575572894 
1.22625 12.5176146374 0.5697918469 14.048930226 
1.23375 12.7176911967 0.6860165376 12.8760027054 
1.24125 12.2516595377 0.8602229037 15.0843127358 
1.24875 12.2594659235 0.703974934 16.1055728799 
1.25625 11.1125443566 0.8143543956 15.2691449175 
1.26375 11.1486859121 0.9388367084 16.5469969853 
1.27125 10.5536305737 1.076901079 16.1535161843 
1.27875 10.2828322826 0.7941359327 15.5224920444 
1.28625 10.4222025292 0.8577278479 15.1801645534 
1.29375 10.365701802 0.8318155767 16.0124498515 
1.30125 10.4995585341 0.8538797603 15.1800846276 
1.30875 9.988768022 0.7112503052 14.162478604 
1.31625 9.1334569156 0.7649849701 13.8779091543 
1.32375 9.2747290286 0.8709383108 13.6294205824 
1.33125 9.8050531804 0.7780589196 13.6273620474 
1.33875 9.9046485938 0.8365917364 13.0418676055 
1.34625 9.2627647013 0.8642292425 12.3060334868 
1.35375 9.072755286 0.6720559471 11.26424207 
1.36125 8.857460767 0.7802657119 11.4005490133 
1.36875 8.6892016356 0.6216780775 10.5185072431 
1.37625 9.0188380191 0.7138735423 9.697371287 
1.38375 9.1730372142 0.6991644218 9.648469021 
1.39125 9.060570429 0.6432313358 9.7660499585 
1.39875 8.7994470102 0.5816119719 8.1151976315 
1.40625 8.5027456996 0.704049007 8.3808910638 
1.41375 8.7476736789 0.676504626 7.6893793135 
1.42125 8.9339512909 0.5832253068 8.1253889337 
1.42875 8.4469131777 0.5705601292 7.9878418093 
1.43625 8.7742756239 0.5905762439 7.6580216244 
1.44375 9.0301715503 0.5587659494 7.1033924144 
1.45125 8.937077827 0.5466491416 6.8394706557 
1.45875 8.79508676 0.5410425332 7.4613540039 
1.46625 9.8760171892 0.566656724 7.0863225481 
1.47375 9.1963586696 0.5239212379 6.2993824131 
1.48125 9.0058426411 0.6284564987 6.7482804614 
1.48875 8.8670108405 0.5677786233 6.378449215 
1.49625 8.8620586278 0.5621008846 6.6256146826 
1.50375 9.8040112924 0.6867544142 6.3110362546 
1.51125 8.7925205349 0.5392745928 5.9906373245 
1.51875 10.0407993856 0.5455694464 6.1057346553 
1.52625 9.0803065491 0.5689559167 5.804499756 
1.53375 9.6973981033 0.6430786301 5.3950313392 
1.54125 9.8963062553 0.6424709072 5.2186671939 
1.54875 10.2025411534 0.5692884013 5.7933466725 
1.55625 10.2149924217 0.5969800766 5.7929177803 
1.56375 9.6792662014 0.5310457135 5.3433053238 
1.57125 10.3353964857 0.5151430567 5.8780534053 
1.57875 11.0645900531 0.5102602209 5.4356141426 
1.58625 10.225980386 0.4309596313 4.9480550255 
1.59375 10.8783780433 0.5692174558 5.6605513656 
1.60125 10.6827287514 0.5482338802 5.5241090024 
1.60875 10.9764808608 0.4707161915 4.8830338985 
1.61625 10.9670940941 0.5329802737 4.7250751191 
1.62375 11.5768764387 0.5280680481 4.7627675875 
1.63125 11.812774933 0.5232234212 4.940436535 
1.63875 11.2861522966 0.6181461505 4.5264250377 
1.64625 11.9640291645 0.6273458728 5.0187669823 
1.65375 12.5900123703 0.5580332077 4.973348588 
1.66125 12.4474840315 0.5384531284 4.8218235103 
1.66875 12.7877459441 0.5336239849 4.7497342078 
1.67625 13.1690784187 0.6432075204 4.592978146 
1.68375 12.6836930711 0.5997129635 4.8165923055 
1.69125 12.4310379157 0.552282558 4.2310460376 
1.69875 12.729757 0.6309209009 4.8803587332 
1.70625 13.0227550647 0.5840006685 4.1385874146 
1.71375 13.9665385212 0.5469923703 4.5582697524 
1.72125 14.2608053533 0.578385008 4.4644092804 
1.72875 13.447491295 0.5688978662 4.4436746718 
1.73625 13.6335461947 0.6172843391 4.2987859011 
1.74375 13.3844375039 0.5987774673 4.18263672 
1.75125 14.5883151414 0.4888962585 4.0857758744 
1.75875 14.1179204029 0.5886073497 4.6309548839 
1.76625 14.1441825242 0.6179497219 4.6088750094 
1.77375 14.3907619963 0.5616737385 4.2295734549 
1.78125 14.497676682 0.5527344719 4.4049983865 
1.78875 14.6441364173 0.4937165992 3.899524326 
1.79625 14.9370198751 0.4854531459 4.2072605981 
1.80375 14.2699163146 0.6418993498 4.4027711813 
1.81125 15.5884019898 0.4815265536 4.1460252413 
1.81875 15.3629715743 0.6799207651 4.34663632 
1.82625 15.0604314183 0.5659703705 4.2387568171 
1.83375 14.7384294413 0.6091247176 4.4430273518 
1.84125 14.8002521119 0.6634051107 4.1304865819 
1.84875 14.5159043115 0.6071141846 4.4808943692 
1.85625 15.2458318632 0.6333003552 4.2582649648 
1.86375 15.3777447535 0.7014409888 4.254894789 
1.87125 15.1247333296 0.6155414727 3.8691178285 
1.87875 15.2924690715 0.565123485 3.7396762164 
1.88625 15.1108981275 0.5719264232 4.4249044318 
1.89375 15.2004890659 0.5636723598 4.17341522 
1.90125 14.3697217805 0.6333047486 4.473872142 
1.90875 14.7200043178 0.6614080822 4.04193828 
1.91625 14.9404168653 0.6197830325 4.3749390528 
1.92375 15.5693362517 0.5606986801 4.1672572867 
1.93125 14.9389539263 0.6748013787 4.127774391 
1.93875 15.1298978595 0.5983575425 4.0602833239 
1.94625 15.2185013873 0.7068509701 4.1138726463 
1.95375 14.5617805153 0.6312910628 4.0402628019 
1.96125 14.0329743802 0.6960800784 3.8423620327 
1.96875 13.6913927778 0.6735170514 3.9651157691 
1.97625 13.6425148841 0.7026923496 4.1201766057 
1.98375 14.1246794092 0.6769776499 4.2047456045 
1.99125 13.5120313622 0.6516296984 4.0988520924 
1.99875 13.9402807036 0.7070671222 3.9274060059 
2.00625 13.5036470974 0.7317247196 4.0377900434 
2.01375 13.2777995727 0.7460921689 4.1134108075 
2.02125 12.871423099 0.7733339744 4.0763875599 
2.02875 13.2968563868 0.7513634602 4.1633992601 
2.03625 12.7858072092 0.7458387539 3.9971791225 
2.04375 12.5831658043 0.8269120676 4.5319909443 
2.05125 12.5613154868 0.7636058047 4.0980178184 
2.05875 12.5963029246 0.7233082672 4.5356797893 
2.06625 12.229087386 0.8058655021 4.0638198083 
2.07375 12.1594692513 0.9370200319 4.1029647909 
2.08125 12.3934167051 0.7077537221 4.3268786502 
2.08875 11.5558680596 0.8039398385 4.1117533722 
2.09625 11.7353302355 0.8865475334 4.3870393404 
2.10375 11.6578548503 0.8106655682 4.6159539444 
2.11125 11.7914215174 0.8289435402 4.4811005868 
2.11875 11.3621558604 0.835014079 4.4255746186 
2.12625 11.4716572896 0.885396368 4.1338238452 
2.13375 11.4676054661 0.8174344409 4.5458764232 
2.14125 10.7100076827 0.8350769349 4.2513007596 
2.14875 11.0934951213 0.8611521304 4.7145904515 
2.15625 10.9473524689 0.9386735678 4.2038754878 
2.16375 11.0145645695 0.8950048573 4.5808235827 
2.17125 10.6830275359 0.9598254405 4.4413224525 
2.17875 10.7506151232 0.9250266948 4.4277192401 
2.18625 10.4809189752 0.8514696335 4.4366049323 
2.19375 10.5651561722 0.8957294069 4.4285752044 
2.20125 10.3661937777 0.8426676712 4.663682062 
2.20875 10.8502257443 0.9851368341 4.6485286826 
2.21625 10.5261610175 0.9921083921 4.6062175349 
2.22375 10.3903048019 0.9312831818 4.6239292865 
2.23125 10.6002326095 0.8900753409 4.5444934323 
2.23875 9.9790894373 0.8921348694 5.0696765931 
2.24625 10.0133861293 0.9896642889 4.5370668471 
2.25375 9.8572409663 1.006809104 4.7283129127 
2.26125 10.3417774822 0.9661052888 4.7388904412 
2.26875 10.1798831362 1.0169479577 4.9520944025 
2.27625 9.7356787494 0.912073938 4.8006611243 
2.28375 9.9747251235 0.8829916218 5.0566671367 
2.29125 10.1288361884 0.9307717041 4.9114145264 
2.29875 10.0223153709 0.980443895 4.7882143708 
2.30625 10.0629494566 1.0319683035 4.9131759228 
2.31375 10.0528328288 0.9052550955 4.9764023207 
2.32125 10.4749520161 0.9317141855 4.7455309181 
2.32875 9.958305239 1.0417463587 4.9371865339 
2.33625 10.213330139 0.9148828391 5.2342090578 
2.34375 10.0652081882 1.0382030722 5.1325250471 
2.35125 10.1367069187 0.9734725708 4.9206374722 
2.35875 9.8942883996 1.1261009171 5.0000805677 
2.36625 10.6637239124 1.011380093 5.0353817398 
2.37375 10.17353767 1.0002473982 4.8325491875 
2.38125 9.8923467099 1.0034003226 5.1751847227 
2.38875 9.8584796092 1.0229169704 5.2928914799 
2.39625 10.3657445823 0.9465794648 5.3763848419 
2.40375 10.1343402971 1.0217750505 5.5931178503 
2.41125 10.2832297408 1.0591772684 5.3833835947 
2.41875 10.8053620056 0.9679517426 5.4461587406 
2.42625 10.3156655834 1.1348141812 5.2169613863 
2.43375 10.7765469492 0.98995964 5.1893774738 
2.44125 10.427397591 1.0333052331 5.7640461479 
2.44875 10.2698534313 1.0805671871 5.384975321 
2.45625 10.6732149248 0.9896577664 5.2012506827 
2.46375 11.2743856597 1.0387784909 5.5357410027 
2.47125 10.7237924924 1.025906559 5.3136698695 
2.47875 10.7112890658 1.0632850008 5.5648153527 
2.48625 10.8200223892 1.091531482 5.4663203584 
2.49375 11.0004486488 0.985950192 5.4679333793 
2.50125 10.5622458896 1.0549406855 5.5122255696 
2.50875 10.7969768527 1.1082003428 5.3516930184 
2.51625 10.935692006 1.0297142318 5.50167645 
2.52375 11.0893848252 1.0467235866 5.254636479 
2.53125 11.3371799984 1.0196357979 5.4617376549 
2.53875 10.8756469409 1.0219286278 5.1345682273 
2.54625 11.443523736 1.1150311832 5.2571655417 
2.55375 11.4420948687 0.9832729534 5.111377148 
2.56125 11.3751822245 1.0999682847 5.1631164385 
2.56875 11.0653918528 1.0509484745 5.1614149016 
2.57625 11.1583892286 1.0408042014 5.3331130008 
2.58375 11.4346158809 1.0628457413 5.1096810355 
2.59125 11.2169929203 1.0487270309 5.3034484835 
2.59875 11.0294401029 1.1120625266 5.1658376902 
2.60625 11.4587761226 1.0563990371 5.0100118513 
2.61375 11.5851506892 1.0464259926 5.2242915659 
2.62125 11.7254805739 1.149556919 5.1788513402 
2.62875 11.1394726114 1.0597028728 5.1919628867 
2.63625 11.6964464223 1.1133969091 5.1316425015 
2.64375 11.3428710184 1.0649504029 5.144706443 
2.65125 11.3054509718 1.0722656498 4.944230243 
2.65875 11.264484386 1.0813753504 4.76486932 
2.66625 11.5251092314 1.1148471675 4.6514738238 
2.67375 11.3893827284 1.0561676848 4.9063108761 
2.68125 11.4933509071 1.104270429 4.633094144 
2.68875 11.2848807157 1.057378879 4.818388517 
2.69625 11.2995306891 1.1398972452 4.7326913088 
2.70375 11.4163981338 1.1555577835 4.6991462322 
2.71125 11.1967015758 1.127319173 4.8261644723 
2.71875 11.4066859222 1.1518977845 4.6727928992 
2.72625 11.4088554927 1.1383638572 4.6687327813 
2.73375 11.4036642216 1.0998821602 4.944095704 
2.74125 11.2095145491 1.1419737486 4.8315644401 
2.74875 11.1590584776 1.1446096819 4.8938265347 
2.75625 10.8798972746 1.1683465975 4.7579725691 
2.76375 11.2310504139 1.0936603399 4.6059925855 
2.77125 11.0448327188 1.1836239609 4.6229318766 
2.77875 11.221087395 1.1165606122 4.5147885625 
2.78625 10.8882931157 1.1002108026 4.4801687543 
2.79375 11.2484251274 1.111463782 4.7511646238 
2.80125 10.6525736912 1.1276987844 4.6165702128 
2.80875 10.9826648569 1.1573203697 4.758249731 
2.81625 11.0964148514 1.1545402736 4.7666984393 
2.82375 10.6278794139 1.1702420145 4.8320753481 
2.83125 11.1261160886 1.1924417423 4.6962831644 
2.83875 10.7185358032 1.1911330085 4.541921402 
2.84625 10.9562729006 1.1881689616 4.5378469661 
2.85375 10.5962904378 1.1868634341 4.5501911157 
2.86125 10.7959113892 1.1855552495 4.483851716 
2.86875 10.8046043805 1.2704601056 4.5515331311 
2.87625 11.1367074204 1.2007318957 4.3012740952 
2.88375 10.5637087176 1.205763156 4.4688898812 
2.89125 10.8516933676 1.2379514423 4.5065916671 
2.89875 10.6490367791 1.1869438062 4.5310982346 
2.90625 10.4293048817 1.228375575 4.5109121114 
2.91375 10.322070939 1.204714665 4.5192568456 
2.92125 10.5138647379 1.2236368988 4.3172419813 
2.92875 10.2759180703 1.1970882685 4.2826730232 
2.93625 10.2700733694 1.2841473657 4.2577171423 
2.94375 10.1251159307 1.2096377439 4.4585115313 
2.95125 9.8554607144 1.2834232215 4.5588422456 
2.95875 10.025771951 1.3105684201 4.529642544 
2.96625 10.3220452059 1.2491743977 4.5158947776 
2.97375 9.9975497883 1.2247149877 4.2751484861 
2.98125 10.1190240712 1.2773046163 4.3380156781 
2.98875 10.212177962 1.3533308922 4.4451599406 
2.99625 9.8539275488 1.2496354852 4.3513560211 
