# Radial distribution function (180 data points):
# "Pair separation distance" 0-0 0-1 1-1
0.0080555556 0.0 0.0 0.0 
0.0241666667 0.0 0.0 0.0 
0.0402777778 0.0 0.0 0.0 
0.0563888889 0.0 0.0 0.0 
0.0725 0.0 0.0 0.0 
0.0886111111 0.0 0.0 0.0 
0.1047222222 0.0 0.0 0.0 
0.1208333333 0.0 0.0 0.0 
0.1369444444 0.0 0.0 0.0 
0.1530555556 0.0 0.0 0.0 
0.1691666667 0.0 0.0 0.0 
0.1852777778 0.0 0.0 0.0 
0.2013888889 0.0 0.0 0.0 
0.2175 0.0 0.0 0.0 
0.2336111111 0.0 0.0 0.0 
0.2497222222 0.0 0.0 0.0 
0.2658333333 0.0 0.0 0.0 
0.2819444444 0.0 0.0 0.0 
0.2980555556 0.0 0.0 0.0 
0.3141666667 0.0 0.0 0.0 
0.3302777778 0.0 0.0 0.0 
0.3463888889 0.0 0.0 0.0 
0.3625 0.0 0.0 0.0 
0.3786111111 0.0 0.0 0.0 
0.3947222222 0.0 0.0 0.0 
0.4108333333 0.0 0.0 0.0 
0.4269444444 0.0 0.0 0.0 
0.4430555556 0.0 0.0 0.0 
0.4591666667 0.0 0.0 0.0 
0.4752777778 0.0 0.0 0.0 
0.4913888889 0.0 0.0 0.0 
0.5075 0.0 0.0 0.0 
0.5236111111 0.0 0.0 0.0 
0.5397222222 0.0 0.0 0.0 
0.5558333333 0.0 0.0 0.0 
0.5719444444 0.0 0.0 0.0 
0.5880555556 0.0 0.0 0.0 
0.6041666667 0.0 0.0 0.0 
0.6202777778 0.0 0.0 0.0 
0.6363888889 0.0 0.0 0.0 
0.6525 0.0 0.0 0.0 
0.6686111111 0.0 0.0 0.0 
0.6847222222 0.0 0.0 0.0 
0.7008333333 0.0 0.0 0.0 
0.7169444444 0.0 0.0 0.0 
0.7330555556 0.0 0.0 0.0 
0.7491666667 0.0 0.0 0.0 
0.7652777778 0.0 0.0 0.0 
0.7813888889 0.0 0.0 0.0 
0.7975 0.0447884451 0.0 0.0 
0.8136111111 0.3012258557 0.0 0.0 
0.8297222222 1.257872534 0.0 0.0 
0.8458333333 3.7506826508 0.0 0.0 
0.8619444444 8.6958891713 0.0 0.0 
0.8780555556 15.3480235624 0.0 0.0 
0.8941666667 22.538376325 0.0 0.0 
0.9102777778 27.6263080013 0.0 0.0 
0.9263888889 32.0310984151 0.0 0.0 
0.9425 34.3766562999 0.0 0.0 
0.9586111111 35.3698032757 0.0 0.0 
0.9747222222 33.7365167834 0.0 0.0 
0.9908333333 31.487714496 0.0 0.0 
1.0069444444 29.471167629 0.0 0.0 
1.0230555556 26.5797840422 0.0 0.0 
1.0391666667 23.7941153739 0.0 0.0 
1.0552777778 20.8681437359 0.0 0.0 
1.0713888889 18.984585296 0.0 0.0 
1.0875 16.8413571084 0.0024086609 0.0578078619 
1.1036111111 14.4821568155 0.0070165488 0.2806619538 
1.1197222222 13.4867697928 0.0408965391 0.8315629623 
1.1358333333 11.649584219 0.0971534696 2.1682887989 
1.1519444444 10.6433541587 0.1889098762 4.4222084645 
1.1680555556 9.7170544092 0.4092270443 7.2867468604 
1.1841666667 9.0034618424 0.5606848981 10.6733277347 
1.2002777778 8.0594659212 0.7751007461 13.928085856 
1.2163888889 8.0514653864 1.0993272921 16.2145962421 
1.2325 6.8859643845 1.2095443976 17.8637518319 
1.2486111111 6.7349915369 1.3886580488 18.7066856632 
1.2647222222 6.3222886571 1.4710451918 18.8208300078 
1.2808333333 6.1885494545 1.4880995742 17.2737626189 
1.2969444444 5.900270939 1.4293423285 16.2342127501 
1.3130555556 5.7332378943 1.338306252 14.8667650067 
1.3291666667 5.6918394967 1.2302757892 13.1863635704 
1.3452777778 5.3485540243 1.1128392275 11.358200659 
1.3613888889 5.548554669 1.1819497342 10.2179477672 
1.3775 5.6807424711 1.0163484812 8.9804972151 
1.3936111111 5.5912253193 0.9299152289 8.3633700867 
1.4097222222 5.8769795254 0.872946471 6.8918335508 
1.4258333333 5.8261877648 0.8449233339 6.4567275661 
1.4419444444 6.0474584633 0.8658798706 6.3187309544 
1.4580555556 6.2656203928 0.8160313985 5.5634850023 
1.4741666667 6.4964476155 0.7327510527 4.9837558181 
1.4902777778 6.6774035322 0.7734295678 4.8894088099 
1.5063888889 7.2383308592 0.7243352247 4.4665246613 
1.5225 7.9117846312 0.7275204259 4.0923023955 
1.5386111111 7.6194100923 0.6991278054 3.8915306757 
1.5547222222 8.3862649741 0.6658571825 3.6085923764 
1.5708333333 8.9978451948 0.5783834286 3.4703005717 
1.5869444444 9.1056476976 0.6062890889 3.3413768073 
1.6030555556 9.6241219724 0.604140345 3.1659171105 
1.6191666667 9.9594487291 0.603043208 3.0749770787 
1.6352777778 10.5822913001 0.5443477808 2.9678139281 
1.6513888889 10.8071816827 0.5598926524 2.6950056777 
1.6675 11.212001839 0.5829339406 2.8152943214 
1.6836111111 11.1914016183 0.5446964509 2.6008753043 
1.6997222222 11.8025849111 0.5847061698 2.715481942 
1.7158333333 11.7329254588 0.588291166 2.6666619301 
1.7319444444 11.9581998926 0.5622025362 2.6153813933 
1.7480555556 12.143382564 0.6059572138 2.58603894 
1.7641666667 12.3930602661 0.605923626 2.6433647008 
1.7802777778 12.4412059352 0.623768019 2.5058576902 
1.7963888889 12.434438888 0.6647119468 2.5652761187 
1.8125 12.1987578144 0.6520803154 2.6187267984 
1.8286111111 12.4107079067 0.6457521 2.5625624233 
1.8447222222 12.1212101828 0.66633172 2.6904398845 
1.8608333333 11.9977864683 0.6992675876 2.634182136 
1.8769444444 12.1355498274 0.7350223076 2.7638132536 
1.8930555556 11.6421135078 0.7432320176 2.8441541807 
1.9091666667 11.279202563 0.7885750683 2.8791977718 
1.9252777778 10.8714247185 0.8361452067 2.9434155713 
1.9413888889 10.3863872733 0.8359295826 2.9748814079 
1.9575 10.2235567067 0.860884138 2.9945089016 
1.9736111111 9.7984309917 0.9024678194 3.203248824 
1.9897222222 9.5151952979 0.9015834625 3.2753455079 
2.0058333333 9.2595834345 1.0450485662 3.4339332969 
2.0219444444 8.9662833003 1.0500613097 3.5675606541 
2.0380555556 8.5315555273 1.0259812756 3.7994226384 
2.0541666667 8.311839816 1.0443807826 3.8602258015 
2.0702777778 7.8852205472 1.1046220962 4.0994639527 
2.0863888889 7.9798669404 1.1210031219 4.0377053487 
2.1025 7.3824584359 1.181863545 4.285383083 
2.1186111111 7.4495778092 1.1671301407 4.5771302743 
2.1347222222 7.1712766091 1.2195921081 4.6345750331 
2.1508333333 6.9546355361 1.2149367729 4.8228002053 
2.1669444444 6.9159116421 1.206037925 5.0170692351 
2.1830555556 6.9923347174 1.2576399594 4.9636132239 
2.1991666667 7.0398676319 1.2168981365 5.2445600229 
2.2152777778 6.7416416675 1.2584707366 5.1197933105 
2.2313888889 6.9810498814 1.3067298745 5.2463716942 
2.2475 6.7764275385 1.2767836174 5.187215421 
2.2636111111 7.0450136093 1.3237198078 5.4127408855 
2.2797222222 7.1376320787 1.2541009212 5.4428418477 
2.2958333333 7.3004678882 1.2592604515 5.4650822687 
2.3119444444 7.3632224125 1.3526243835 5.691894569 
2.3280555556 7.466645576 1.3103158821 5.599721383 
2.3441666667 7.5955699532 1.2928850303 5.5748538955 
2.3602777778 7.737676186 1.2778517571 5.7393389844 
2.3763888889 7.9710862313 1.2883276949 5.618400104 
2.3925 7.9606403029 1.2700396382 5.692285808 
2.4086111111 8.1353686079 1.3326527283 5.6036230416 
2.4247222222 8.3464346858 1.3033733487 5.6708853804 
2.4408333333 8.4441319441 1.3392986169 5.8324757335 
2.4569444444 8.6244430716 1.279320703 5.6448669306 
2.4730555556 8.7639554815 1.2729533552 5.5389540065 
2.4891666667 8.7713312963 1.2841140744 5.5024265098 
2.5052777778 8.8122870203 1.2671974331 5.2503366425 
2.5213888889 8.8873298978 1.2649456641 5.2390168985 
2.5375 9.0022342106 1.2834421783 5.0656370017 
2.5536111111 9.0890768283 1.2633668263 4.9328970271 
2.5697222222 9.0798608239 1.2570654903 4.7806450803 
2.5858333333 8.792396885 1.2631774767 4.6403133478 
2.6019444444 8.8572073806 1.2484244322 4.4845660932 
2.6180555556 9.0136887489 1.2929539698 4.4129171494 
2.6341666667 8.8561445767 1.2804707461 4.2679621277 
2.6502777778 8.8217999791 1.2560277002 4.0045261582 
2.6663888889 8.7107064082 1.2553193734 3.9867308538 
2.6825 8.6158888975 1.228805327 3.9310685881 
2.6986111111 8.4217873469 1.2403849362 3.6871234339 
2.7147222222 8.4929713541 1.2705441854 3.6620430825 
2.7308333333 8.3067257624 1.2979975233 3.6556316355 
2.7469444444 8.3454797578 1.303202575 3.6151413264 
2.7630555556 8.0573971725 1.3410338723 3.4850462902 
2.7791666667 8.014408321 1.3354888417 3.5531895888 
2.7952777778 7.7188549305 1.3132115747 3.4175583846 
2.8113888889 7.7156976159 1.4009209937 3.2999312113 
2.8275 7.5197000158 1.3821510785 3.3315577685 
2.8436111111 7.4974402203 1.3940123556 3.2713668774 
2.8597222222 7.4675399918 1.4351275663 3.2513302679 
2.8758333333 7.348971784 1.4173705892 3.3452012545 
2.8919444444 7.1290285388 1.4516922901 3.2746526695 
