Densities,10,14,18,22,26,30,34,42
0.05,1384,2102,2784,3959,4701,5448,6209,7619
0.1,1300,2001,2782,3872,4634,5317,5957,7452
0.15,1343,1930,2719,3816,4488,5259,5985,7361
0.2,1262,1958,2645,3720,4392,5222,5916,7295
0.25,1293,1919,2614,3715,4405,5183,5837,7268
0.3,1222,1871,2561,3622,4352,5117,5768,7203
0.35,1221,1831,2556,3672,4366,5127,5735,7113
0.4,1182,1796,2495,3641,4245,4991,5726,6979
0.45,1188,1710,2310,3537,4240,4874,5567,6969
0.5,1003,1623,2227,3432,4067,4682,5404,6728
0.55,943,1499,2023,3284,3990,4633,5123,6523
0.6,813,1261,1724,3124,3766,4373,4947,6205
0.65,704,1069,1454,2894,3582,4121,4626,5869
0.7,541,812,1174,2636,3146,3758,4373,5219
0.75,407,581,842,2347,2892,3197,3772,4696
0.8,259,414,533,1964,2393,2728,3156,3835
