# Radial distribution function (400 data points):
# "Pair separation distance" 0-0 0-1 1-1
0.00375 0.0 0.0 0.0 
0.01125 0.0 0.0 0.0 
0.01875 0.0 0.0 0.0 
0.02625 0.0 0.0 0.0 
0.03375 0.0 0.0 0.0 
0.04125 0.0 0.0 0.0 
0.04875 0.0 0.0 0.0 
0.05625 0.0 0.0 0.0 
0.06375 0.0 0.0 0.0 
0.07125 0.0 0.0 0.0 
0.07875 0.0 0.0 0.0 
0.08625 0.0 0.0 0.0 
0.09375 0.0 0.0 0.0 
0.10125 0.0 0.0 0.0 
0.10875 0.0 0.0 0.0 
0.11625 0.0 0.0 0.0 
0.12375 0.0 0.0 0.0 
0.13125 0.0 0.0 0.0 
0.13875 0.0 0.0 0.0 
0.14625 0.0 0.0 0.0 
0.15375 0.0 0.0 0.0 
0.16125 0.0 0.0 0.0 
0.16875 0.0 0.0 0.0 
0.17625 0.0 0.0 0.0 
0.18375 0.0 0.0 0.0 
0.19125 0.0 0.0 0.0 
0.19875 0.0 0.0 0.0 
0.20625 0.0 0.0 0.0 
0.21375 0.0 0.0 0.0 
0.22125 0.0 0.0 0.0 
0.22875 0.0 0.0 0.0 
0.23625 0.0 0.0 0.0 
0.24375 0.0 0.0 0.0 
0.25125 0.0 0.0 0.0 
0.25875 0.0 0.0 0.0 
0.26625 0.0 0.0 0.0 
0.27375 0.0 0.0 0.0 
0.28125 0.0 0.0 0.0 
0.28875 0.0 0.0 0.0 
0.29625 0.0 0.0 0.0 
0.30375 0.0 0.0 0.0 
0.31125 0.0 0.0 0.0 
0.31875 0.0 0.0 0.0 
0.32625 0.0 0.0 0.0 
0.33375 0.0 0.0 0.0 
0.34125 0.0 0.0 0.0 
0.34875 0.0 0.0 0.0 
0.35625 0.0 0.0 0.0 
0.36375 0.0 0.0 0.0 
0.37125 0.0 0.0 0.0 
0.37875 0.0 0.0 0.0 
0.38625 0.0 0.0 0.0 
0.39375 0.0 0.0 0.0 
0.40125 0.0 0.0 0.0 
0.40875 0.0 0.0 0.0 
0.41625 0.0 0.0 0.0 
0.42375 0.0 0.0 0.0 
0.43125 0.0 0.0 0.0 
0.43875 0.0 0.0 0.0 
0.44625 0.0 0.0 0.0 
0.45375 0.0 0.0 0.0 
0.46125 0.0 0.0 0.0 
0.46875 0.0 0.0 0.0 
0.47625 0.0 0.0 0.0 
0.48375 0.0 0.0 0.0 
0.49125 0.0 0.0 0.0 
0.49875 0.0 0.0 0.0 
0.50625 0.0 0.0 0.0 
0.51375 0.0 0.0 0.0 
0.52125 0.0 0.0 0.0 
0.52875 0.0 0.0 0.0 
0.53625 0.0 0.0 0.0 
0.54375 0.0 0.0 0.0 
0.55125 0.0 0.0 0.0 
0.55875 0.0 0.0 0.0 
0.56625 0.0 0.0 0.0 
0.57375 0.0 0.0 0.0 
0.58125 0.0 0.0 0.0 
0.58875 0.0 0.0 0.0 
0.59625 0.0 0.0 0.0 
0.60375 0.0 0.0 0.0 
0.61125 0.0 0.0 0.0 
0.61875 0.0 0.0 0.0 
0.62625 0.0 0.0 0.0 
0.63375 0.0 0.0 0.0 
0.64125 0.0 0.0 0.0 
0.64875 0.0 0.0 0.0 
0.65625 0.0 0.0 0.0 
0.66375 0.0 0.0 0.0 
0.67125 0.0 0.0 0.0 
0.67875 0.0 0.0 0.0 
0.68625 0.0 0.0 0.0 
0.69375 0.0 0.0 0.0 
0.70125 0.0 0.0 0.0 
0.70875 0.0 0.0 0.0 
0.71625 0.0 0.0 0.0 
0.72375 0.0 0.0 0.0 
0.73125 0.0 0.0 0.0 
0.73875 0.0 0.0 0.0 
0.74625 0.0 0.0 0.0 
0.75375 0.0 0.0 0.0 
0.76125 0.0 0.0 0.0 
0.76875 0.0 0.0 0.0 
0.77625 0.0 0.0 0.0 
0.78375 0.0 0.0 0.0 
0.79125 0.0 0.0 0.0 
0.79875 0.0 0.0 0.0 
0.80625 0.0 0.0 0.0 
0.81375 0.44382452 0.0 0.0 
0.82125 0.6536328114 0.0 0.0 
0.82875 0.4279039768 0.0 0.0 
0.83625 2.3114467156 0.0 0.0 
0.84375 2.683362183 0.0 0.0 
0.85125 5.0697824453 0.0 0.0 
0.85875 8.5683770391 0.0 0.0 
0.86625 9.7914535951 0.0 0.0 
0.87375 17.1308667266 0.0 0.0 
0.88125 21.0033452476 0.0 0.0 
0.88875 24.1851018885 0.0 0.0 
0.89625 33.2948367723 0.0 0.0 
0.90375 30.9453719909 0.0 0.0 
0.91125 41.4099491287 0.0 0.0 
0.91875 44.5665713003 0.0 0.0 
0.92625 48.4723409775 0.0 0.0 
0.93375 48.8765797104 0.0 0.0 
0.94125 60.3747688794 0.0 0.0 
0.94875 58.6077411188 0.0 0.0 
0.95625 56.2456960428 0.0 0.0 
0.96375 63.4424246508 0.0 0.0 
0.97125 65.1146085309 0.0 0.0 
0.97875 62.1263332303 0.0 0.0 
0.98625 63.1490076488 0.0 0.0 
0.99375 63.985045724 0.0 0.0 
1.00125 59.3655243622 0.0 0.0 
1.00875 64.5512714545 0.0 0.0 
1.01625 60.8985643446 0.0 0.0 
1.02375 65.1972915947 0.0 0.0 
1.03125 50.1583407506 0.0 0.0 
1.03875 51.6156764665 0.0 0.0 
1.04625 54.1001685565 0.0 0.0 
1.05375 51.4800507672 0.0 0.0 
1.06125 54.930209527 0.0 0.0 
1.06875 50.6883970997 0.0 0.0 
1.07625 46.8128038065 0.0 0.0 
1.08375 48.2940607689 0.0 0.0 
1.09125 36.6498836441 0.0231375528 0.0173531646 
1.09875 44.3065868005 0.0228227611 0.0171170708 
1.10625 38.9047969612 0.0 0.0506572877 
1.11375 40.8703534603 0.0 0.1166137803 
1.12125 36.701979687 0.0 0.2301179061 
1.12875 39.099296878 0.0865028692 0.5027979272 
1.13625 34.0320564459 0.0853646901 0.7682822107 
1.14375 36.1708300575 0.0631866208 0.9793926229 
1.15125 31.5987870002 0.1247320539 1.6215167013 
1.15875 34.5837788966 0.2462452611 2.1084750484 
1.16625 26.9017734297 0.2228309546 2.2941459645 
1.17375 29.1189917014 0.3799868423 3.3898826191 
1.18125 27.9078992052 0.4936538774 3.9541675584 
1.18875 27.6608492607 0.5459378144 5.1035436753 
1.19625 25.0559501308 0.6353839813 5.5740503813 
1.20375 27.7870812817 0.6084762324 6.2606499854 
1.21125 26.2421067273 0.6385245435 7.7186349224 
1.21875 23.5457594543 0.8347367454 8.5004025236 
1.22625 22.0859161162 0.8245571559 8.877732045 
1.23375 26.0660046979 1.0136779605 9.0009172472 
1.24125 20.3154353244 0.9120485929 9.5228603083 
1.24875 21.5799059799 1.2191704525 9.5545858286 
1.25625 20.5780969043 1.3268682393 9.8074767556 
1.26375 20.5185952653 1.2939136588 11.0500226464 
1.27125 18.7314070963 1.0911499279 10.498055752 
1.27875 21.6576274102 1.2300364115 9.9456026288 
1.28625 19.3629204583 1.1824260486 10.0922561334 
1.29375 19.7536316021 1.2016792558 10.5558468874 
1.30125 18.7455176443 1.3343163601 9.6534534223 
1.30875 18.702871479 1.2547224559 9.3742245021 
1.31625 18.914431542 1.145044062 9.4108308842 
1.32375 17.5266757428 1.1478295418 9.0332612568 
1.33125 15.9201520861 1.3525910464 8.4653543075 
1.33875 18.0380236125 1.4297183488 7.9556908121 
1.34625 16.1349228958 1.3226177374 7.3200050638 
1.35375 14.5935083758 1.2628997633 7.2616736389 
1.36125 16.495019171 1.3531070414 6.9922921561 
1.36875 15.6088209653 1.1030102755 6.5960014475 
1.37625 16.0598313583 1.0182864086 6.1533592976 
1.38375 14.5048034113 1.136785188 5.5040548659 
1.39125 15.3357964942 0.8398626174 5.7331299858 
1.39875 13.519406898 0.9857900863 5.3443905394 
1.40625 16.0507017408 0.835974049 5.5696771015 
1.41375 14.1898377094 0.9511970226 5.1592099379 
1.42125 14.6224608758 0.8457020283 5.0332911037 
1.42875 14.4693475086 0.9043342193 4.6364000645 
1.43625 13.8912048219 1.0284834339 4.377733058 
1.44375 14.8047370237 0.793110912 4.4414211071 
1.45125 14.3032524126 0.9680859865 4.3563869391 
1.45875 14.6399481964 0.9193127847 4.632171109 
1.46625 13.2602315138 0.7689567244 4.1331423935 
1.47375 14.7493979685 0.9260659848 4.0245812834 
1.48125 14.3994922758 0.7534618051 3.9368379318 
1.48875 14.2547749847 0.9447932257 4.0930680207 
1.49625 12.4056333629 0.9353453726 3.581388203 
1.50375 15.5964384108 0.7310830505 3.4360903374 
1.51125 12.6753243365 0.7841650525 3.637319436 
1.51875 14.5253884794 0.680877585 3.8702515356 
1.52625 16.3385649946 0.9107646027 3.6194021875 
1.53375 14.6799379277 0.9018791652 3.5489530788 
1.54125 16.5169783293 0.8699251227 3.6623847665 
1.54875 14.5807493196 0.9534155936 3.2220852291 
1.55625 16.2001138162 0.8304833628 3.5238660496 
1.56375 15.2037744121 0.9014095501 3.6084551054 
1.57125 15.6541941686 0.8481835243 3.2476500735 
1.57875 16.0953889856 0.8401439306 2.9764309645 
1.58625 17.3451773148 0.8212678653 2.9976277083 
1.59375 17.0087542852 0.8786410058 3.278632642 
1.60125 16.9644195838 0.8919215533 3.0384436047 
1.60875 16.2956003163 0.7558717046 3.0341328986 
1.61625 14.5696219466 0.7910629677 2.8320054242 
1.62375 15.494303887 0.741970937 3.2683297262 
1.63125 16.1252854353 0.8179992826 2.958775886 
1.63875 18.3856709719 0.8105290216 3.1549072678 
1.64625 16.0496570858 0.7929940368 2.9203530392 
1.65375 17.6775393648 1.0376823069 3.067711286 
1.66125 17.9975068917 0.7388029826 2.6881446361 
1.66875 19.6830283122 0.8311198282 3.0350715155 
1.67625 17.6768455719 0.7452516254 3.1256441528 
1.68375 17.882553514 0.7386272104 3.0103918212 
1.69125 20.2930412662 0.8669495478 2.9982005194 
1.69875 18.4847403239 0.8497633723 2.9431411182 
1.70625 17.6159379852 0.7949886053 2.8463431317 
1.71375 19.913785147 0.8818604603 2.8425927605 
1.72125 18.7982313486 0.7718930748 3.1945213398 
1.72875 19.0288381145 1.0325726109 3.0424014427 
1.73625 20.4734235641 0.9505518083 2.8173807204 
1.74375 21.2159158089 0.8608394085 3.0310608648 
1.75125 21.130413845 0.9163699882 3.2072949586 
1.75875 20.7130466867 1.0421845452 3.2067216774 
1.76625 22.610106548 0.8567110684 2.7158624076 
1.77375 21.2516329577 0.7969362359 3.0016471963 
1.78125 20.8877912897 0.8683948707 3.0415530346 
1.78875 18.829999165 1.136688974 2.7383870737 
1.79625 20.2671271235 0.9308076642 2.8884925911 
1.80375 21.318422181 0.9484891225 2.9216852433 
1.81125 21.1422378807 0.8902584277 2.708569273 
1.81875 21.2791981719 0.9329084794 3.0673531029 
1.82625 21.1047794953 0.9417842624 2.8749203801 
1.83375 22.2872092615 0.8849333089 2.9866499176 
1.84125 23.1896415502 0.9508836664 2.7612198773 
1.84875 20.8521645208 0.8383859962 2.6118948343 
1.85625 20.9398873897 0.9835563196 2.8367203608 
1.86375 21.1524403574 0.9201311555 2.8615285721 
1.87125 20.1019264276 0.8419517723 2.9389624951 
1.87875 21.6486666686 0.9133031251 2.6696552887 
1.88625 22.7159019569 1.0996561629 3.0724548073 
1.89375 22.3724299624 1.0525490745 3.0193561041 
1.90125 20.4888646249 0.9527931838 2.7726281649 
1.90875 21.0138408238 0.9906957106 2.9323836778 
1.91625 21.4099309048 0.9604454985 2.9938887025 
1.92375 22.3948244306 0.9455261645 2.8030755978 
1.93125 21.7090307256 0.9160344181 2.8201301541 
1.93875 21.150443365 1.0922190601 2.8148464367 
1.94625 22.8498777048 1.1056392438 2.6568074592 
1.95375 19.6335139142 1.1404761759 2.9612680453 
1.96125 19.7128597927 0.995671334 2.9064290919 
1.96875 19.5629528388 1.0449687745 2.9216473898 
1.97625 20.8821432093 1.0511619386 3.201105568 
1.98375 18.6334178321 1.1622547696 2.8618773317 
1.99125 18.5303783653 1.10487381 2.9393812682 
1.99875 19.7525512111 1.0690102785 2.9070182736 
2.00625 18.5098853132 0.9309705631 2.962334641 
2.01375 19.3144334708 1.0667328992 2.736475638 
2.02125 19.495083346 1.2813880889 2.8274839804 
2.02875 19.5297255343 1.2518482661 2.8969911077 
2.03625 19.0317171206 1.2027726253 2.8707059344 
2.04375 18.5404794924 1.1873646734 2.9090434498 
2.05125 19.8021233183 1.1263112469 2.9369220596 
2.05875 17.1618407654 1.1181199287 3.0033221339 
2.06625 18.7584377372 1.4197900122 3.0735226969 
2.07375 17.6320498083 1.2493639944 3.0897732631 
2.08125 16.555306446 1.1449622798 2.9482778705 
2.08875 18.7269811349 1.3009526013 2.9224068751 
2.09625 16.687078345 1.1474456427 2.9908829048 
2.10375 17.7968215421 1.3571736577 3.0489715544 
2.11125 17.2090578672 1.1930129915 2.865085604 
2.11875 16.8582976815 1.2520968666 2.7711849769 
2.12625 15.2118881461 1.1518617226 3.1081982991 
2.13375 17.9776968822 1.3495376138 3.1590073292 
2.14125 14.9674583543 1.2259213748 3.1098740759 
2.14875 15.8497894095 1.3367292273 3.1821913413 
2.15625 16.1822040123 1.3155942227 3.0312002023 
2.16375 16.3213140287 1.3771108712 3.1338099953 
2.17125 14.9930971633 1.163056004 3.1297311061 
2.17875 16.6545698527 1.346605555 3.1604600203 
2.18625 15.648909727 1.3027947931 3.0782850421 
2.19375 15.6336953303 1.5000103186 3.2247359234 
2.20125 16.4371493897 1.3760805416 3.0577988068 
2.20875 15.4823168261 1.1690805872 3.2234432132 
2.21625 14.4502577232 1.4753174616 2.932403814 
2.22375 14.1449361918 1.5322442697 2.9711609339 
2.23125 13.6072518619 1.6105112358 3.1919668566 
2.23875 15.0115221327 1.3963354328 3.191231176 
2.24625 13.5717454917 1.3651836264 3.3829250263 
2.25375 14.5519930497 1.4429038834 3.0471851748 
2.26125 13.8808463421 1.5950040828 3.1078331242 
2.26875 13.7035765742 1.536299405 3.1114077671 
2.27625 14.6060671303 1.2709405501 3.1627275822 
2.28375 13.2142252487 1.5109015543 3.2014207759 
2.29125 13.5477256009 1.4957780719 3.2316678869 
2.29875 14.1268787078 1.413035481 3.1988829062 
2.30625 14.0075178123 1.5489082196 3.0382430462 
2.31375 13.2855179857 1.4410944096 3.2617627932 
2.32125 12.8725373655 1.4420241805 3.4017964046 
2.32875 13.1420162915 1.5140415676 3.1360475087 
2.33625 13.8923934217 1.4891918821 3.1197307902 
2.34375 13.1615953941 1.5448823862 3.1336534765 
2.35125 13.2372487857 1.5649458278 3.3491834277 
2.35875 12.8362583932 1.5203438761 3.3947743552 
2.36625 13.5423632226 1.5107214787 3.2847120098 
2.37375 14.1349847274 1.6038774183 3.3446712016 
2.38125 13.8387634475 1.5063260775 3.1815064492 
2.38875 13.3399553719 1.5451685759 3.3607416526 
2.39625 13.6916424591 1.5643021408 3.5124821075 
2.40375 13.5554717429 1.4162670407 3.347540278 
2.41125 13.0921599372 1.4785547419 3.2663264612 
2.41875 14.0409298319 1.3752073494 3.373261178 
2.42625 13.2053708839 1.5445790613 3.3559490514 
2.43375 13.5210557459 1.3955218086 3.237610596 
2.44125 13.0435915778 1.5349027896 3.4015202635 
2.44875 12.4736891965 1.4565911623 3.5771489586 
2.45625 14.5653889013 1.6029843764 3.3566766856 
2.46375 14.0652966498 1.4525263322 3.4656370456 
2.47125 13.2581911047 1.552002407 3.6138195582 
2.47875 13.4650813918 1.6054060185 3.235476096 
2.48625 12.8371971802 1.4352699625 3.3062468779 
2.49375 12.6419480818 1.466525052 3.3428796125 
2.50125 14.1634533766 1.5678449633 3.5111359467 
2.50875 12.7247067253 1.6241512139 3.3128744774 
2.51625 14.3664387466 1.6014285517 3.2344069866 
2.52375 13.4967516424 1.5962504346 3.2800999785 
2.53125 14.3342835901 1.449196071 3.4864561262 
2.53875 13.360533526 1.449196096 3.3504644254 
2.54625 13.5765929784 1.5681644853 3.327568542 
2.55375 13.9025500238 1.673037827 3.3872678733 
2.56125 13.9108517036 1.6044520987 3.4934634373 
2.56875 13.3620667596 1.5616915525 3.2288181631 
2.57625 13.3286618129 1.6397907234 3.194478384 
2.58375 13.7136523702 1.5642478677 3.237869267 
2.59125 14.1377389556 1.7111369421 3.3084032603 
2.59875 14.2085660008 1.4932049645 3.4545664035 
2.60625 14.5163172044 1.5170741341 3.3069376679 
2.61375 14.3255799693 1.5608106554 3.1942171553 
2.62125 14.0084631034 1.5879822678 3.1428815718 
2.62875 14.4177404058 1.5191258558 3.3014073717 
2.63625 13.7014932558 1.5818564262 3.3540113699 
2.64375 13.7500115016 1.7463460709 3.0837002572 
2.65125 13.8604793311 1.6620031777 3.2926478049 
2.65875 13.3666338894 1.6019692443 3.2507113133 
2.66625 13.5395942742 1.4999493275 3.1539632177 
2.67375 14.3065110129 1.6418571367 3.0698103507 
2.68125 13.6133716401 1.6710107081 3.2308762085 
2.68875 13.3342650901 1.6578902384 3.1585667474 
2.69625 13.0176216521 1.6145691451 3.2405084955 
2.70375 13.5887568097 1.6169313992 3.2762648457 
2.71125 12.9939240354 1.5780121208 2.8421085288 
2.71875 13.1410179734 1.6475973745 2.9578473228 
2.72625 13.5433254321 1.7015656131 3.2029470365 
2.73375 13.2921491334 1.6590607739 3.1052087484 
2.74125 13.7084019949 1.7049947203 3.1817401474 
2.74875 12.8557399599 1.6592364831 3.1124359084 
2.75625 13.9271222782 1.8351885085 3.1036809608 
2.76375 13.6592528628 1.7025970118 3.2275395684 
2.77125 12.6861027586 1.7436215896 3.0540285558 
2.77875 12.6367454738 1.655718157 3.0295360243 
2.78625 13.9695465901 1.7213491098 2.9254061933 
2.79375 12.2566566609 1.5991548005 3.0156246983 
2.80125 13.015090128 1.6362496402 2.8862600949 
2.80875 12.2564821916 1.7008663072 3.1642399883 
2.81625 12.9694556292 1.688345206 3.0249518275 
2.82375 12.4030557237 1.7243104029 2.9881711842 
2.83125 13.070710961 1.6051951312 3.0703223788 
2.83875 12.4546787612 1.6822022192 2.992576204 
2.84625 12.298431574 1.7345686125 3.0074358737 
2.85375 12.0895205427 1.6780976276 3.1743449578 
2.86125 12.7980571044 1.6020008367 2.9431717053 
2.86875 12.3919653715 1.7744258772 2.9654673976 
2.87625 12.8780726554 1.6785901599 3.0499383709 
2.88375 12.0159974271 1.7990863795 2.9421523112 
2.89125 12.9733220918 1.5524478418 2.9936534019 
2.89875 11.9794031229 1.8821653447 3.0765533705 
2.90625 12.6657692508 1.8170072474 3.0215493051 
2.91375 11.8736891954 1.8141560478 2.935427809 
2.92125 12.1055356073 1.7596506684 2.959118968 
2.92875 12.3691179483 1.814893951 2.9993933217 
2.93625 11.6412812505 1.8343966246 3.1159176114 
2.94375 11.9211901414 1.8059839972 2.9283648969 
2.95125 11.9112911679 1.70824112 2.858931319 
2.95875 12.1867028023 1.7625396615 3.1466054046 
2.96625 12.1084526155 1.9258702651 2.9263833541 
2.97375 11.8978983947 1.7479192561 2.9350088044 
2.98125 11.1932968278 1.9034391393 2.9249101432 
2.98875 11.2029933863 1.949419554 2.9426364787 
2.99625 10.9669245512 1.8322539059 2.9900726429 
