# Radial distribution function (200 data points):
# "Pair separation distance" 0-0 0-1 1-1
0.00625 0.0 0.0 0.0 
0.01875 0.0 0.0 0.0 
0.03125 0.0 0.0 0.0 
0.04375 0.0 0.0 0.0 
0.05625 0.0 0.0 0.0 
0.06875 0.0 0.0 0.0 
0.08125 0.0 0.0 0.0 
0.09375 0.0 0.0 0.0 
0.10625 0.0 0.0 0.0 
0.11875 0.0 0.0 0.0 
0.13125 0.0 0.0 0.0 
0.14375 0.0 0.0 0.0 
0.15625 0.0 0.0 0.0 
0.16875 0.0 0.0 0.0 
0.18125 0.0 0.0 0.0 
0.19375 0.0 0.0 0.0 
0.20625 0.0 0.0 0.0 
0.21875 0.0 0.0 0.0 
0.23125 0.0 0.0 0.0 
0.24375 0.0 0.0 0.0 
0.25625 0.0 0.0 0.0 
0.26875 0.0 0.0 0.0 
0.28125 0.0 0.0 0.0 
0.29375 0.0 0.0 0.0 
0.30625 0.0 0.0 0.0 
0.31875 0.0 0.0 0.0 
0.33125 0.0 0.0 0.0 
0.34375 0.0 0.0 0.0 
0.35625 0.0 0.0 0.0 
0.36875 0.0 0.0 0.0 
0.38125 0.0 0.0 0.0 
0.39375 0.0 0.0 0.0 
0.40625 0.0 0.0 0.0 
0.41875 0.0 0.0 0.0 
0.43125 0.0 0.0 0.0 
0.44375 0.0 0.0 0.0 
0.45625 0.0 0.0 0.0 
0.46875 0.0 0.0 0.0 
0.48125 0.0 0.0 0.0 
0.49375 0.0 0.0 0.0 
0.50625 0.0 0.0 0.0 
0.51875 0.0 0.0 0.0 
0.53125 0.0 0.0 0.0 
0.54375 0.0 0.0 0.0 
0.55625 0.0 0.0 0.0 
0.56875 0.0 0.0 0.0 
0.58125 0.0 0.0 0.0 
0.59375 0.0 0.0 0.0 
0.60625 0.0 0.0 0.0 
0.61875 0.0 0.0 0.0 
0.63125 0.0 0.0 0.0 
0.64375 0.0 0.0 0.0 
0.65625 0.0 0.0 0.0 
0.66875 0.0 0.0 0.0 
0.68125 0.0 0.0 0.0 
0.69375 0.0 0.0 0.0 
0.70625 0.0 0.0 0.0 
0.71875 0.0 0.0 0.0 
0.73125 0.0 0.0 0.0 
0.74375 0.0 0.0 0.0 
0.75625 0.0 0.0 0.0 
0.76875 0.0 0.0 0.0 
0.78125 0.0 0.0 0.0 
0.79375 0.0 0.0 0.0 
0.80625 0.0 0.0 0.0 
0.81875 0.5358188153 0.0 0.0 
0.83125 1.6244544668 0.0 0.0 
0.84375 4.7300396688 0.0 0.0 
0.85625 8.5735007104 0.0 0.0 
0.86875 15.2293676825 0.0 0.0 
0.88125 23.2990674711 0.0 0.0 
0.89375 30.4648561691 0.0 0.0 
0.90625 37.0651535659 0.0 0.0 
0.91875 43.0846579941 0.0 0.0 
0.93125 50.5818263176 0.0 0.0 
0.94375 52.477058756 0.0 0.0 
0.95625 51.8015092975 0.0 0.0 
0.96875 48.0812377998 0.0 0.0 
0.98125 48.7759241233 0.0 0.0 
0.99375 46.6472865007 0.0 0.0 
1.00625 43.101057689 0.0 0.0 
1.01875 40.1896344751 0.0 0.0 
1.03125 37.2791925829 0.0 0.0 
1.04375 32.8060493933 0.0 0.0 
1.05625 31.0280798165 0.0 0.0 
1.06875 28.7735143581 0.0 0.0055276987 
1.08125 26.614308773 0.0 0.0216025234 
1.09375 25.5966158112 0.0140743855 0.0422231566 
1.10625 22.8201361357 0.0068790603 0.1341416764 
1.11875 19.8378019861 0.0336309934 0.3329468349 
1.13125 18.805384644 0.0920972662 0.9522199489 
1.14375 18.0190462884 0.1287074735 1.4576121373 
1.15625 16.6912054122 0.1952065019 2.5786149206 
1.16875 14.0023602196 0.3697806396 3.8595854259 
1.18125 14.5763752709 0.6817592738 5.2082185234 
1.19375 13.6425700799 0.726632269 7.0935259917 
1.20625 12.4664230432 0.9546533735 8.1015356743 
1.21875 11.6376877214 1.0485254359 9.6237631904 
1.23125 10.4844602926 1.4382813643 10.0207672659 
1.24375 10.7101501021 1.2952315672 10.6203546363 
1.25625 9.9006235028 1.4509534444 10.8941532051 
1.26875 9.3717930178 1.5271002016 10.8688218969 
1.28125 9.0530689209 1.5795006954 10.4847051032 
1.29375 8.50343101 1.5541562591 9.958671175 
1.30625 8.8414275145 1.3568038875 9.5765685299 
1.31875 8.7262477253 1.3650897884 8.5790084307 
1.33125 7.4737508875 1.4060785568 8.0445744457 
1.34375 8.3299760969 1.3101063152 7.6892983645 
1.35625 7.9086338263 1.3089521263 6.7278308592 
1.36875 8.3879492856 1.2581923928 6.3527481978 
1.38125 8.6604270341 1.0899076821 5.8279172921 
1.39375 8.2053047493 1.1007820808 5.5093276386 
1.40625 8.536875521 1.1153564095 5.0318750993 
1.41875 7.985599082 1.0037764209 4.7930324099 
1.43125 7.9782319468 0.973990885 4.5185779665 
1.44375 8.5730508378 0.9895088514 4.143820741 
1.45625 8.7440884649 0.8931991092 3.8824387948 
1.46875 9.4284185974 0.9092804359 3.4741927385 
1.48125 8.8197647343 0.8671404423 3.6747953919 
1.49375 8.914241379 0.8111859043 3.4296185441 
1.50625 10.0334520946 0.7718040073 3.0751565915 
1.51875 10.2777470164 0.8284973625 3.0767545223 
1.53125 10.2255264465 0.7503985349 2.8570795891 
1.54375 10.0982823631 0.7171005083 2.7394652423 
1.55625 11.5495753699 0.7647190755 2.5704988923 
1.56875 11.2202975663 0.7354768222 2.645150943 
1.58125 11.833715128 0.7710320839 2.6363236756 
1.59375 12.1614357798 0.7059554382 2.4783013093 
1.60625 11.9728901941 0.6982735742 2.2905983602 
1.61875 13.2622824877 0.7453608375 2.3734280978 
1.63125 13.9203388964 0.7403089322 2.121269825 
1.64375 12.1473847349 0.6418505272 2.2083085493 
1.65625 13.7978927546 0.7426801705 2.3339184697 
1.66875 13.9305476073 0.7678730669 2.1585093298 
1.68125 14.9949296794 0.6611906228 2.0974932256 
1.69375 14.962230435 0.7952597636 2.033634746 
1.70625 16.0238662324 0.6968993796 1.9475590545 
1.71875 15.0012984181 0.703898311 1.9706302918 
1.73125 15.6842680724 0.6684913684 1.8643325453 
1.74375 15.5488081352 0.6810909546 1.9851309532 
1.75625 15.9687585415 0.649595123 1.8607625004 
1.76875 15.8586640511 0.7723025876 1.8426278635 
1.78125 15.9906434933 0.7190482943 1.8486970444 
1.79375 15.5034198251 0.7692403401 1.8073223297 
1.80625 15.8675870019 0.7663714234 1.7359473909 
1.81875 15.9624163342 0.7533283219 1.7827921942 
1.83125 15.4506900909 0.7280167016 1.9618794908 
1.84375 14.7267926354 0.9237265112 1.8647883724 
1.85625 16.0797621204 0.8673494053 1.8635796025 
1.86875 15.5182331985 0.855784919 1.8333082561 
1.88125 14.9447860193 0.8492076521 1.9553184594 
1.89375 14.7231076551 0.9108044914 1.9894505322 
1.90625 14.3700235398 0.915115966 1.8974176611 
1.91875 14.0370561262 0.9878380071 1.9002161665 
1.93125 13.6633246073 0.9367202167 1.8943191371 
1.94375 13.4406208415 0.9625908825 2.0455056254 
1.95625 13.2107428036 1.0141239619 1.971602171 
1.96875 13.0087686275 1.0512428789 2.1502695249 
1.98125 11.9300796473 1.0659005725 2.0476228805 
1.99375 11.6680030112 1.111877102 2.0236163257 
2.00625 12.0696531766 1.1587201698 2.2463275494 
2.01875 11.2706302203 1.1154949265 2.1953559873 
2.03125 11.3826292842 1.1140503566 2.263297359 
2.04375 10.8675912677 1.2012396876 2.3339522789 
2.05625 10.1411974365 1.1787150947 2.3892873541 
2.06875 10.6379916684 1.2156580716 2.4741002258 
2.08125 10.0648766582 1.2127606272 2.561082238 
2.09375 9.7299744753 1.3634766863 2.52051148 
2.10625 9.2808394312 1.3302620859 2.5589991766 
2.11875 10.2418473895 1.3483682141 2.7637797712 
2.13125 8.7974944884 1.2918231022 2.725895018 
2.14375 8.626809993 1.3885451532 2.7752584526 
2.15625 8.8554152083 1.4304344359 2.9387279614 
2.16875 8.3622462807 1.4229421646 2.9438794029 
2.18125 8.9366950019 1.3854472386 3.0376328824 
2.19375 8.4526286487 1.4886562459 3.0870812102 
2.20625 7.729874552 1.5219920061 3.1442971216 
2.21875 8.3544260385 1.4997608425 3.0987076928 
2.23125 8.0897271627 1.4559479697 3.1325709801 
2.24375 8.0533528856 1.4799039252 3.1228481134 
2.25625 8.3524419141 1.5297007861 3.2830686332 
2.26875 8.1821509876 1.3967664466 3.3304047738 
2.28125 8.446462845 1.4688562813 3.2685287624 
2.29375 8.0559690808 1.4896929054 3.2930053697 
2.30625 8.120827328 1.446680648 3.3678060708 
2.31875 8.5262069713 1.4718354346 3.4572474889 
2.33125 8.4928491507 1.4746824644 3.387742174 
2.34375 8.5251051283 1.5586107231 3.3746910641 
2.35625 8.2165402814 1.4374901919 3.5459607741 
2.36875 8.9222510561 1.4418637777 3.5322661797 
2.38125 8.9792715503 1.5663246504 3.5442734802 
2.39375 8.901409818 1.4647951566 3.5778760331 
2.40625 9.0883318355 1.5295848588 3.5473428321 
2.41875 8.8641702207 1.5066211398 3.6100628314 
2.43125 9.2138182514 1.5680771684 3.6275136675 
2.44375 9.5257932861 1.5013274245 3.5524367227 
2.45625 9.3323388255 1.5028302804 3.5132320691 
2.46875 9.6432522482 1.5732903424 3.6994423702 
2.48125 9.5317502672 1.584826687 3.5781667241 
2.49375 10.079006315 1.5012918164 3.404304414 
