# Cluster list (11879 data points):
# "Cluster Identifier" "Cluster Size"
1 198 
2 174 
3 168 
4 168 
5 155 
6 144 
7 131 
8 131 
9 131 
10 123 
11 121 
12 121 
13 119 
14 119 
15 118 
16 117 
17 114 
18 112 
19 112 
20 105 
21 104 
22 104 
23 98 
24 97 
25 95 
26 89 
27 89 
28 89 
29 84 
30 80 
31 80 
32 80 
33 80 
34 76 
35 74 
36 74 
37 73 
38 72 
39 71 
40 71 
41 70 
42 69 
43 68 
44 67 
45 66 
46 64 
47 64 
48 64 
49 62 
50 62 
51 61 
52 61 
53 60 
54 60 
55 58 
56 58 
57 58 
58 57 
59 57 
60 55 
61 54 
62 53 
63 53 
64 52 
65 52 
66 51 
67 51 
68 50 
69 50 
70 49 
71 49 
72 49 
73 49 
74 48 
75 48 
76 48 
77 47 
78 47 
79 47 
80 46 
81 45 
82 45 
83 45 
84 45 
85 45 
86 43 
87 43 
88 43 
89 42 
90 42 
91 42 
92 41 
93 40 
94 38 
95 37 
96 37 
97 36 
98 35 
99 35 
100 33 
101 33 
102 33 
103 31 
104 31 
105 30 
106 29 
107 29 
108 29 
109 28 
110 28 
111 28 
112 27 
113 27 
114 27 
115 27 
116 27 
117 26 
118 25 
119 25 
120 24 
121 23 
122 23 
123 23 
124 22 
125 21 
126 21 
127 21 
128 21 
129 20 
130 20 
131 20 
132 20 
133 20 
134 20 
135 20 
136 20 
137 19 
138 19 
139 19 
140 19 
141 19 
142 19 
143 19 
144 19 
145 18 
146 18 
147 18 
148 18 
149 17 
150 17 
151 17 
152 16 
153 16 
154 16 
155 16 
156 16 
157 16 
158 15 
159 15 
160 15 
161 15 
162 14 
163 14 
164 14 
165 14 
166 14 
167 13 
168 13 
169 13 
170 13 
171 13 
172 13 
173 13 
174 13 
175 13 
176 12 
177 12 
178 12 
179 12 
180 12 
181 12 
182 12 
183 12 
184 12 
185 12 
186 12 
187 12 
188 12 
189 12 
190 12 
191 12 
192 12 
193 11 
194 11 
195 11 
196 11 
197 11 
198 11 
199 11 
200 11 
201 11 
202 11 
203 11 
204 11 
205 11 
206 11 
207 11 
208 11 
209 11 
210 11 
211 11 
212 11 
213 11 
214 11 
215 11 
216 11 
217 11 
218 11 
219 11 
220 11 
221 11 
222 11 
223 11 
224 11 
225 11 
226 11 
227 11 
228 11 
229 10 
230 10 
231 10 
232 10 
233 10 
234 10 
235 10 
236 10 
237 10 
238 10 
239 10 
240 10 
241 10 
242 10 
243 10 
244 10 
245 10 
246 10 
247 10 
248 10 
249 10 
250 10 
251 10 
252 10 
253 10 
254 10 
255 10 
256 10 
257 10 
258 10 
259 10 
260 10 
261 10 
262 10 
263 10 
264 10 
265 10 
266 10 
267 10 
268 10 
269 10 
270 10 
271 10 
272 10 
273 10 
274 10 
275 10 
276 10 
277 10 
278 10 
279 10 
280 9 
281 9 
282 9 
283 9 
284 9 
285 9 
286 9 
287 9 
288 9 
289 9 
290 9 
291 9 
292 9 
293 9 
294 9 
295 9 
296 9 
297 9 
298 9 
299 9 
300 9 
301 9 
302 9 
303 9 
304 9 
305 9 
306 9 
307 9 
308 9 
309 9 
310 9 
311 9 
312 9 
313 9 
314 9 
315 9 
316 9 
317 9 
318 9 
319 9 
320 9 
321 9 
322 9 
323 9 
324 9 
325 9 
326 9 
327 9 
328 9 
329 9 
330 9 
331 9 
332 9 
333 9 
334 9 
335 9 
336 9 
337 9 
338 9 
339 9 
340 9 
341 9 
342 9 
343 9 
344 9 
345 9 
346 9 
347 9 
348 9 
349 9 
350 9 
351 9 
352 9 
353 9 
354 9 
355 9 
356 9 
357 9 
358 9 
359 9 
360 9 
361 9 
362 9 
363 9 
364 9 
365 9 
366 9 
367 9 
368 9 
369 9 
370 9 
371 9 
372 9 
373 9 
374 9 
375 9 
376 9 
377 9 
378 9 
379 9 
380 8 
381 8 
382 8 
383 8 
384 8 
385 8 
386 8 
387 8 
388 8 
389 8 
390 8 
391 8 
392 8 
393 8 
394 8 
395 8 
396 8 
397 8 
398 8 
399 8 
400 8 
401 8 
402 8 
403 8 
404 8 
405 8 
406 8 
407 8 
408 8 
409 8 
410 8 
411 8 
412 8 
413 8 
414 8 
415 8 
416 8 
417 8 
418 8 
419 8 
420 8 
421 8 
422 8 
423 8 
424 8 
425 8 
426 8 
427 8 
428 8 
429 8 
430 8 
431 8 
432 8 
433 8 
434 8 
435 8 
436 8 
437 7 
438 7 
439 7 
440 7 
441 7 
442 7 
443 7 
444 7 
445 7 
446 7 
447 7 
448 7 
449 7 
450 7 
451 7 
452 7 
453 7 
454 7 
455 7 
456 7 
457 7 
458 7 
459 7 
460 7 
461 7 
462 7 
463 7 
464 7 
465 7 
466 7 
467 7 
468 7 
469 7 
470 7 
471 7 
472 7 
473 7 
474 7 
475 7 
476 7 
477 7 
478 7 
479 7 
480 7 
481 7 
482 7 
483 7 
484 7 
485 7 
486 7 
487 7 
488 7 
489 7 
490 7 
491 7 
492 7 
493 7 
494 7 
495 7 
496 7 
497 7 
498 7 
499 7 
500 7 
501 7 
502 7 
503 7 
504 7 
505 7 
506 7 
507 7 
508 7 
509 7 
510 7 
511 7 
512 7 
513 7 
514 7 
515 7 
516 7 
517 7 
518 7 
519 7 
520 7 
521 7 
522 7 
523 7 
524 7 
525 7 
526 7 
527 7 
528 7 
529 7 
530 7 
531 7 
532 7 
533 7 
534 7 
535 7 
536 7 
537 7 
538 7 
539 7 
540 7 
541 7 
542 7 
543 7 
544 7 
545 7 
546 7 
547 7 
548 7 
549 6 
550 6 
551 6 
552 6 
553 6 
554 6 
555 6 
556 6 
557 6 
558 6 
559 6 
560 6 
561 6 
562 6 
563 6 
564 6 
565 6 
566 6 
567 6 
568 6 
569 6 
570 6 
571 6 
572 6 
573 6 
574 6 
575 6 
576 6 
577 6 
578 6 
579 6 
580 6 
581 6 
582 6 
583 6 
584 6 
585 6 
586 6 
587 6 
588 6 
589 6 
590 6 
591 6 
592 6 
593 6 
594 6 
595 6 
596 6 
597 6 
598 6 
599 6 
600 6 
601 6 
602 6 
603 6 
604 6 
605 6 
606 6 
607 6 
608 6 
609 6 
610 6 
611 6 
612 6 
613 6 
614 6 
615 6 
616 6 
617 6 
618 6 
619 6 
620 6 
621 6 
622 6 
623 6 
624 6 
625 6 
626 6 
627 6 
628 6 
629 6 
630 6 
631 6 
632 6 
633 6 
634 6 
635 6 
636 6 
637 6 
638 6 
639 6 
640 6 
641 6 
642 6 
643 6 
644 6 
645 6 
646 6 
647 6 
648 6 
649 6 
650 6 
651 6 
652 6 
653 6 
654 6 
655 6 
656 6 
657 6 
658 6 
659 6 
660 6 
661 6 
662 6 
663 6 
664 6 
665 6 
666 6 
667 6 
668 6 
669 6 
670 6 
671 6 
672 6 
673 6 
674 6 
675 6 
676 6 
677 6 
678 6 
679 6 
680 6 
681 6 
682 6 
683 6 
684 6 
685 6 
686 6 
687 6 
688 6 
689 6 
690 6 
691 6 
692 6 
693 6 
694 6 
695 6 
696 6 
697 6 
698 6 
699 6 
700 6 
701 6 
702 6 
703 6 
704 6 
705 6 
706 6 
707 6 
708 6 
709 6 
710 6 
711 6 
712 6 
713 6 
714 6 
715 6 
716 6 
717 6 
718 6 
719 6 
720 6 
721 6 
722 6 
723 6 
724 6 
725 6 
726 6 
727 6 
728 6 
729 6 
730 6 
731 6 
732 6 
733 6 
734 6 
735 6 
736 6 
737 6 
738 6 
739 6 
740 6 
741 6 
742 6 
743 6 
744 6 
745 6 
746 6 
747 6 
748 6 
749 6 
750 6 
751 6 
752 6 
753 6 
754 6 
755 6 
756 6 
757 6 
758 6 
759 6 
760 6 
761 6 
762 6 
763 6 
764 6 
765 6 
766 6 
767 6 
768 6 
769 6 
770 6 
771 6 
772 6 
773 6 
774 6 
775 6 
776 6 
777 6 
778 6 
779 6 
780 5 
781 5 
782 5 
783 5 
784 5 
785 5 
786 5 
787 5 
788 5 
789 5 
790 5 
791 5 
792 5 
793 5 
794 5 
795 5 
796 5 
797 5 
798 5 
799 5 
800 5 
801 5 
802 5 
803 5 
804 5 
805 5 
806 5 
807 5 
808 5 
809 5 
810 5 
811 5 
812 5 
813 5 
814 5 
815 5 
816 5 
817 5 
818 5 
819 5 
820 5 
821 5 
822 5 
823 5 
824 5 
825 5 
826 5 
827 5 
828 5 
829 5 
830 5 
831 5 
832 5 
833 5 
834 5 
835 5 
836 5 
837 5 
838 5 
839 5 
840 5 
841 5 
842 5 
843 5 
844 5 
845 5 
846 5 
847 5 
848 5 
849 5 
850 5 
851 5 
852 5 
853 5 
854 5 
855 5 
856 5 
857 5 
858 5 
859 5 
860 5 
861 5 
862 5 
863 5 
864 5 
865 5 
866 5 
867 5 
868 5 
869 5 
870 5 
871 5 
872 5 
873 5 
874 5 
875 5 
876 5 
877 5 
878 5 
879 5 
880 5 
881 5 
882 5 
883 5 
884 5 
885 5 
886 5 
887 5 
888 5 
889 5 
890 5 
891 5 
892 5 
893 5 
894 5 
895 5 
896 5 
897 5 
898 5 
899 5 
900 5 
901 5 
902 5 
903 5 
904 5 
905 5 
906 5 
907 5 
908 5 
909 5 
910 5 
911 5 
912 5 
913 5 
914 5 
915 5 
916 5 
917 5 
918 5 
919 5 
920 5 
921 5 
922 5 
923 5 
924 5 
925 5 
926 5 
927 5 
928 5 
929 5 
930 5 
931 5 
932 5 
933 5 
934 5 
935 5 
936 5 
937 5 
938 5 
939 5 
940 5 
941 5 
942 5 
943 5 
944 5 
945 5 
946 5 
947 5 
948 5 
949 5 
950 5 
951 5 
952 5 
953 5 
954 5 
955 5 
956 5 
957 5 
958 5 
959 5 
960 5 
961 5 
962 5 
963 5 
964 5 
965 5 
966 5 
967 5 
968 5 
969 5 
970 5 
971 5 
972 5 
973 5 
974 5 
975 5 
976 5 
977 5 
978 5 
979 5 
980 5 
981 5 
982 5 
983 5 
984 5 
985 5 
986 5 
987 5 
988 5 
989 5 
990 5 
991 5 
992 5 
993 5 
994 5 
995 5 
996 5 
997 5 
998 5 
999 5 
1000 5 
1001 5 
1002 5 
1003 5 
1004 5 
1005 5 
1006 5 
1007 5 
1008 5 
1009 5 
1010 5 
1011 5 
1012 5 
1013 5 
1014 5 
1015 5 
1016 5 
1017 5 
1018 5 
1019 5 
1020 5 
1021 5 
1022 5 
1023 5 
1024 5 
1025 5 
1026 5 
1027 5 
1028 5 
1029 5 
1030 5 
1031 5 
1032 5 
1033 5 
1034 5 
1035 5 
1036 5 
1037 5 
1038 5 
1039 5 
1040 5 
1041 5 
1042 5 
1043 5 
1044 5 
1045 5 
1046 5 
1047 5 
1048 5 
1049 5 
1050 5 
1051 5 
1052 5 
1053 5 
1054 5 
1055 5 
1056 5 
1057 5 
1058 5 
1059 5 
1060 5 
1061 5 
1062 5 
1063 5 
1064 5 
1065 5 
1066 5 
1067 5 
1068 5 
1069 5 
1070 5 
1071 5 
1072 5 
1073 5 
1074 5 
1075 5 
1076 5 
1077 5 
1078 5 
1079 5 
1080 5 
1081 5 
1082 5 
1083 5 
1084 5 
1085 5 
1086 5 
1087 5 
1088 5 
1089 5 
1090 5 
1091 5 
1092 5 
1093 5 
1094 5 
1095 5 
1096 5 
1097 5 
1098 5 
1099 5 
1100 5 
1101 5 
1102 5 
1103 5 
1104 5 
1105 5 
1106 5 
1107 5 
1108 5 
1109 5 
1110 5 
1111 5 
1112 5 
1113 5 
1114 5 
1115 5 
1116 5 
1117 5 
1118 5 
1119 5 
1120 5 
1121 5 
1122 5 
1123 5 
1124 5 
1125 5 
1126 5 
1127 5 
1128 5 
1129 5 
1130 5 
1131 5 
1132 5 
1133 5 
1134 5 
1135 5 
1136 5 
1137 5 
1138 5 
1139 5 
1140 5 
1141 5 
1142 5 
1143 5 
1144 5 
1145 5 
1146 5 
1147 5 
1148 5 
1149 5 
1150 5 
1151 5 
1152 5 
1153 5 
1154 5 
1155 5 
1156 5 
1157 5 
1158 5 
1159 5 
1160 5 
1161 5 
1162 5 
1163 5 
1164 5 
1165 5 
1166 5 
1167 5 
1168 5 
1169 5 
1170 5 
1171 5 
1172 5 
1173 5 
1174 5 
1175 5 
1176 5 
1177 5 
1178 5 
1179 5 
1180 5 
1181 5 
1182 5 
1183 5 
1184 5 
1185 5 
1186 5 
1187 4 
1188 4 
1189 4 
1190 4 
1191 4 
1192 4 
1193 4 
1194 4 
1195 4 
1196 4 
1197 4 
1198 4 
1199 4 
1200 4 
1201 4 
1202 4 
1203 4 
1204 4 
1205 4 
1206 4 
1207 4 
1208 4 
1209 4 
1210 4 
1211 4 
1212 4 
1213 4 
1214 4 
1215 4 
1216 4 
1217 4 
1218 4 
1219 4 
1220 4 
1221 4 
1222 4 
1223 4 
1224 4 
1225 4 
1226 4 
1227 4 
1228 4 
1229 4 
1230 4 
1231 4 
1232 4 
1233 4 
1234 4 
1235 4 
1236 4 
1237 4 
1238 4 
1239 4 
1240 4 
1241 4 
1242 4 
1243 4 
1244 4 
1245 4 
1246 4 
1247 4 
1248 4 
1249 4 
1250 4 
1251 4 
1252 4 
1253 4 
1254 4 
1255 4 
1256 4 
1257 4 
1258 4 
1259 4 
1260 4 
1261 4 
1262 4 
1263 4 
1264 4 
1265 4 
1266 4 
1267 4 
1268 4 
1269 4 
1270 4 
1271 4 
1272 4 
1273 4 
1274 4 
1275 4 
1276 4 
1277 4 
1278 4 
1279 4 
1280 4 
1281 4 
1282 4 
1283 4 
1284 4 
1285 4 
1286 4 
1287 4 
1288 4 
1289 4 
1290 4 
1291 4 
1292 4 
1293 4 
1294 4 
1295 4 
1296 4 
1297 4 
1298 4 
1299 4 
1300 4 
1301 4 
1302 4 
1303 4 
1304 4 
1305 4 
1306 4 
1307 4 
1308 4 
1309 4 
1310 4 
1311 4 
1312 4 
1313 4 
1314 4 
1315 4 
1316 4 
1317 4 
1318 4 
1319 4 
1320 4 
1321 4 
1322 4 
1323 4 
1324 4 
1325 4 
1326 4 
1327 4 
1328 4 
1329 4 
1330 4 
1331 4 
1332 4 
1333 4 
1334 4 
1335 4 
1336 4 
1337 4 
1338 4 
1339 4 
1340 4 
1341 4 
1342 4 
1343 4 
1344 4 
1345 4 
1346 4 
1347 4 
1348 4 
1349 4 
1350 4 
1351 4 
1352 4 
1353 4 
1354 4 
1355 4 
1356 4 
1357 4 
1358 4 
1359 4 
1360 4 
1361 4 
1362 4 
1363 4 
1364 4 
1365 4 
1366 4 
1367 4 
1368 4 
1369 4 
1370 4 
1371 4 
1372 4 
1373 4 
1374 4 
1375 4 
1376 4 
1377 4 
1378 4 
1379 4 
1380 4 
1381 4 
1382 4 
1383 4 
1384 4 
1385 4 
1386 4 
1387 4 
1388 4 
1389 4 
1390 4 
1391 4 
1392 4 
1393 4 
1394 4 
1395 4 
1396 4 
1397 4 
1398 4 
1399 4 
1400 4 
1401 4 
1402 4 
1403 4 
1404 4 
1405 4 
1406 4 
1407 4 
1408 4 
1409 4 
1410 4 
1411 4 
1412 4 
1413 4 
1414 4 
1415 4 
1416 4 
1417 4 
1418 4 
1419 4 
1420 4 
1421 4 
1422 4 
1423 4 
1424 4 
1425 4 
1426 4 
1427 4 
1428 4 
1429 4 
1430 4 
1431 4 
1432 4 
1433 4 
1434 4 
1435 4 
1436 4 
1437 4 
1438 4 
1439 4 
1440 4 
1441 4 
1442 4 
1443 4 
1444 4 
1445 4 
1446 4 
1447 4 
1448 4 
1449 4 
1450 4 
1451 4 
1452 4 
1453 4 
1454 4 
1455 4 
1456 4 
1457 4 
1458 4 
1459 4 
1460 4 
1461 4 
1462 4 
1463 4 
1464 4 
1465 4 
1466 4 
1467 4 
1468 4 
1469 4 
1470 4 
1471 4 
1472 4 
1473 4 
1474 4 
1475 4 
1476 4 
1477 4 
1478 4 
1479 4 
1480 4 
1481 4 
1482 4 
1483 4 
1484 4 
1485 4 
1486 4 
1487 4 
1488 4 
1489 4 
1490 4 
1491 4 
1492 4 
1493 4 
1494 4 
1495 4 
1496 4 
1497 4 
1498 4 
1499 4 
1500 4 
1501 4 
1502 4 
1503 4 
1504 4 
1505 4 
1506 4 
1507 4 
1508 4 
1509 4 
1510 4 
1511 4 
1512 4 
1513 4 
1514 4 
1515 4 
1516 4 
1517 4 
1518 4 
1519 4 
1520 4 
1521 4 
1522 4 
1523 4 
1524 4 
1525 4 
1526 4 
1527 4 
1528 4 
1529 4 
1530 4 
1531 4 
1532 4 
1533 4 
1534 4 
1535 4 
1536 4 
1537 4 
1538 4 
1539 4 
1540 4 
1541 4 
1542 4 
1543 4 
1544 4 
1545 4 
1546 4 
1547 4 
1548 4 
1549 4 
1550 4 
1551 4 
1552 4 
1553 4 
1554 4 
1555 4 
1556 4 
1557 4 
1558 4 
1559 4 
1560 4 
1561 4 
1562 4 
1563 4 
1564 4 
1565 4 
1566 4 
1567 4 
1568 4 
1569 4 
1570 4 
1571 4 
1572 4 
1573 4 
1574 4 
1575 4 
1576 4 
1577 4 
1578 4 
1579 4 
1580 4 
1581 4 
1582 4 
1583 4 
1584 4 
1585 4 
1586 4 
1587 4 
1588 4 
1589 4 
1590 4 
1591 4 
1592 4 
1593 4 
1594 4 
1595 4 
1596 4 
1597 4 
1598 4 
1599 4 
1600 4 
1601 4 
1602 4 
1603 4 
1604 4 
1605 4 
1606 4 
1607 4 
1608 4 
1609 4 
1610 4 
1611 4 
1612 4 
1613 4 
1614 4 
1615 4 
1616 4 
1617 4 
1618 4 
1619 4 
1620 4 
1621 4 
1622 4 
1623 4 
1624 4 
1625 4 
1626 4 
1627 4 
1628 4 
1629 4 
1630 4 
1631 4 
1632 4 
1633 4 
1634 4 
1635 4 
1636 4 
1637 4 
1638 4 
1639 4 
1640 4 
1641 4 
1642 4 
1643 4 
1644 4 
1645 4 
1646 4 
1647 4 
1648 4 
1649 4 
1650 4 
1651 4 
1652 4 
1653 4 
1654 4 
1655 4 
1656 4 
1657 4 
1658 4 
1659 4 
1660 4 
1661 4 
1662 4 
1663 4 
1664 4 
1665 4 
1666 4 
1667 4 
1668 4 
1669 4 
1670 4 
1671 4 
1672 4 
1673 4 
1674 4 
1675 4 
1676 4 
1677 4 
1678 4 
1679 4 
1680 4 
1681 4 
1682 4 
1683 4 
1684 4 
1685 4 
1686 4 
1687 4 
1688 4 
1689 4 
1690 4 
1691 4 
1692 4 
1693 4 
1694 4 
1695 4 
1696 4 
1697 4 
1698 4 
1699 4 
1700 4 
1701 4 
1702 4 
1703 4 
1704 4 
1705 4 
1706 4 
1707 4 
1708 4 
1709 4 
1710 4 
1711 4 
1712 4 
1713 4 
1714 4 
1715 4 
1716 4 
1717 4 
1718 4 
1719 4 
1720 4 
1721 4 
1722 4 
1723 4 
1724 4 
1725 4 
1726 4 
1727 4 
1728 4 
1729 4 
1730 4 
1731 4 
1732 4 
1733 4 
1734 4 
1735 4 
1736 4 
1737 4 
1738 4 
1739 4 
1740 4 
1741 4 
1742 4 
1743 4 
1744 4 
1745 4 
1746 4 
1747 4 
1748 4 
1749 4 
1750 4 
1751 4 
1752 4 
1753 4 
1754 4 
1755 4 
1756 4 
1757 4 
1758 4 
1759 4 
1760 4 
1761 4 
1762 4 
1763 4 
1764 4 
1765 4 
1766 4 
1767 4 
1768 4 
1769 4 
1770 4 
1771 4 
1772 4 
1773 4 
1774 4 
1775 4 
1776 4 
1777 4 
1778 4 
1779 4 
1780 4 
1781 4 
1782 4 
1783 4 
1784 4 
1785 4 
1786 4 
1787 4 
1788 4 
1789 4 
1790 4 
1791 4 
1792 4 
1793 4 
1794 4 
1795 4 
1796 4 
1797 4 
1798 4 
1799 4 
1800 4 
1801 4 
1802 4 
1803 4 
1804 4 
1805 4 
1806 4 
1807 4 
1808 4 
1809 4 
1810 4 
1811 4 
1812 4 
1813 4 
1814 4 
1815 4 
1816 4 
1817 4 
1818 4 
1819 4 
1820 4 
1821 4 
1822 4 
1823 4 
1824 4 
1825 4 
1826 4 
1827 4 
1828 4 
1829 4 
1830 4 
1831 4 
1832 4 
1833 4 
1834 4 
1835 4 
1836 4 
1837 4 
1838 4 
1839 4 
1840 4 
1841 4 
1842 4 
1843 4 
1844 4 
1845 4 
1846 4 
1847 4 
1848 4 
1849 4 
1850 4 
1851 4 
1852 4 
1853 4 
1854 4 
1855 4 
1856 4 
1857 4 
1858 4 
1859 4 
1860 4 
1861 4 
1862 4 
1863 4 
1864 4 
1865 4 
1866 4 
1867 4 
1868 4 
1869 4 
1870 4 
1871 4 
1872 4 
1873 4 
1874 4 
1875 4 
1876 4 
1877 4 
1878 4 
1879 4 
1880 4 
1881 4 
1882 4 
1883 4 
1884 4 
1885 4 
1886 4 
1887 4 
1888 4 
1889 4 
1890 4 
1891 4 
1892 4 
1893 4 
1894 4 
1895 4 
1896 4 
1897 4 
1898 4 
1899 4 
1900 4 
1901 4 
1902 4 
1903 4 
1904 4 
1905 4 
1906 4 
1907 4 
1908 4 
1909 4 
1910 4 
1911 4 
1912 3 
1913 3 
1914 3 
1915 3 
1916 3 
1917 3 
1918 3 
1919 3 
1920 3 
1921 3 
1922 3 
1923 3 
1924 3 
1925 3 
1926 3 
1927 3 
1928 3 
1929 3 
1930 3 
1931 3 
1932 3 
1933 3 
1934 3 
1935 3 
1936 3 
1937 3 
1938 3 
1939 3 
1940 3 
1941 3 
1942 3 
1943 3 
1944 3 
1945 3 
1946 3 
1947 3 
1948 3 
1949 3 
1950 3 
1951 3 
1952 3 
1953 3 
1954 3 
1955 3 
1956 3 
1957 3 
1958 3 
1959 3 
1960 3 
1961 3 
1962 3 
1963 3 
1964 3 
1965 3 
1966 3 
1967 3 
1968 3 
1969 3 
1970 3 
1971 3 
1972 3 
1973 3 
1974 3 
1975 3 
1976 3 
1977 3 
1978 3 
1979 3 
1980 3 
1981 3 
1982 3 
1983 3 
1984 3 
1985 3 
1986 3 
1987 3 
1988 3 
1989 3 
1990 3 
1991 3 
1992 3 
1993 3 
1994 3 
1995 3 
1996 3 
1997 3 
1998 3 
1999 3 
2000 3 
2001 3 
2002 3 
2003 3 
2004 3 
2005 3 
2006 3 
2007 3 
2008 3 
2009 3 
2010 3 
2011 3 
2012 3 
2013 3 
2014 3 
2015 3 
2016 3 
2017 3 
2018 3 
2019 3 
2020 3 
2021 3 
2022 3 
2023 3 
2024 3 
2025 3 
2026 3 
2027 3 
2028 3 
2029 3 
2030 3 
2031 3 
2032 3 
2033 3 
2034 3 
2035 3 
2036 3 
2037 3 
2038 3 
2039 3 
2040 3 
2041 3 
2042 3 
2043 3 
2044 3 
2045 3 
2046 3 
2047 3 
2048 3 
2049 3 
2050 3 
2051 3 
2052 3 
2053 3 
2054 3 
2055 3 
2056 3 
2057 3 
2058 3 
2059 3 
2060 3 
2061 3 
2062 3 
2063 3 
2064 3 
2065 3 
2066 3 
2067 3 
2068 3 
2069 3 
2070 3 
2071 3 
2072 3 
2073 3 
2074 3 
2075 3 
2076 3 
2077 3 
2078 3 
2079 3 
2080 3 
2081 3 
2082 3 
2083 3 
2084 3 
2085 3 
2086 3 
2087 3 
2088 3 
2089 3 
2090 3 
2091 3 
2092 3 
2093 3 
2094 3 
2095 3 
2096 3 
2097 3 
2098 3 
2099 3 
2100 3 
2101 3 
2102 3 
2103 3 
2104 3 
2105 3 
2106 3 
2107 3 
2108 3 
2109 3 
2110 3 
2111 3 
2112 3 
2113 3 
2114 3 
2115 3 
2116 3 
2117 3 
2118 3 
2119 3 
2120 3 
2121 3 
2122 3 
2123 3 
2124 3 
2125 3 
2126 3 
2127 3 
2128 3 
2129 3 
2130 3 
2131 3 
2132 3 
2133 3 
2134 3 
2135 3 
2136 3 
2137 3 
2138 3 
2139 3 
2140 3 
2141 3 
2142 3 
2143 3 
2144 3 
2145 3 
2146 3 
2147 3 
2148 3 
2149 3 
2150 3 
2151 3 
2152 3 
2153 3 
2154 3 
2155 3 
2156 3 
2157 3 
2158 3 
2159 3 
2160 3 
2161 3 
2162 3 
2163 3 
2164 3 
2165 3 
2166 3 
2167 3 
2168 3 
2169 3 
2170 3 
2171 3 
2172 3 
2173 3 
2174 3 
2175 3 
2176 3 
2177 3 
2178 3 
2179 3 
2180 3 
2181 3 
2182 3 
2183 3 
2184 3 
2185 3 
2186 3 
2187 3 
2188 3 
2189 3 
2190 3 
2191 3 
2192 3 
2193 3 
2194 3 
2195 3 
2196 3 
2197 3 
2198 3 
2199 3 
2200 3 
2201 3 
2202 3 
2203 3 
2204 3 
2205 3 
2206 3 
2207 3 
2208 3 
2209 3 
2210 3 
2211 3 
2212 3 
2213 3 
2214 3 
2215 3 
2216 3 
2217 3 
2218 3 
2219 3 
2220 3 
2221 3 
2222 3 
2223 3 
2224 3 
2225 3 
2226 3 
2227 3 
2228 3 
2229 3 
2230 3 
2231 3 
2232 3 
2233 3 
2234 3 
2235 3 
2236 3 
2237 3 
2238 3 
2239 3 
2240 3 
2241 3 
2242 3 
2243 3 
2244 3 
2245 3 
2246 3 
2247 3 
2248 3 
2249 3 
2250 3 
2251 3 
2252 3 
2253 3 
2254 3 
2255 3 
2256 3 
2257 3 
2258 3 
2259 3 
2260 3 
2261 3 
2262 3 
2263 3 
2264 3 
2265 3 
2266 3 
2267 3 
2268 3 
2269 3 
2270 3 
2271 3 
2272 3 
2273 3 
2274 3 
2275 3 
2276 3 
2277 3 
2278 3 
2279 3 
2280 3 
2281 3 
2282 3 
2283 3 
2284 3 
2285 3 
2286 3 
2287 3 
2288 3 
2289 3 
2290 3 
2291 3 
2292 3 
2293 3 
2294 3 
2295 3 
2296 3 
2297 3 
2298 3 
2299 3 
2300 3 
2301 3 
2302 3 
2303 3 
2304 3 
2305 3 
2306 3 
2307 3 
2308 3 
2309 3 
2310 3 
2311 3 
2312 3 
2313 3 
2314 3 
2315 3 
2316 3 
2317 3 
2318 3 
2319 3 
2320 3 
2321 3 
2322 3 
2323 3 
2324 3 
2325 3 
2326 3 
2327 3 
2328 3 
2329 3 
2330 3 
2331 3 
2332 3 
2333 3 
2334 3 
2335 3 
2336 3 
2337 3 
2338 3 
2339 3 
2340 3 
2341 3 
2342 3 
2343 3 
2344 3 
2345 3 
2346 3 
2347 3 
2348 3 
2349 3 
2350 3 
2351 3 
2352 3 
2353 3 
2354 3 
2355 3 
2356 3 
2357 3 
2358 3 
2359 3 
2360 3 
2361 3 
2362 3 
2363 3 
2364 3 
2365 3 
2366 3 
2367 3 
2368 3 
2369 3 
2370 3 
2371 3 
2372 3 
2373 3 
2374 3 
2375 3 
2376 3 
2377 3 
2378 3 
2379 3 
2380 3 
2381 3 
2382 3 
2383 3 
2384 3 
2385 3 
2386 3 
2387 3 
2388 3 
2389 3 
2390 3 
2391 3 
2392 3 
2393 3 
2394 3 
2395 3 
2396 3 
2397 3 
2398 3 
2399 3 
2400 3 
2401 3 
2402 3 
2403 3 
2404 3 
2405 3 
2406 3 
2407 3 
2408 3 
2409 3 
2410 3 
2411 3 
2412 3 
2413 3 
2414 3 
2415 3 
2416 3 
2417 3 
2418 3 
2419 3 
2420 3 
2421 3 
2422 3 
2423 3 
2424 3 
2425 3 
2426 3 
2427 3 
2428 3 
2429 3 
2430 3 
2431 3 
2432 3 
2433 3 
2434 3 
2435 3 
2436 3 
2437 3 
2438 3 
2439 3 
2440 3 
2441 3 
2442 3 
2443 3 
2444 3 
2445 3 
2446 3 
2447 3 
2448 3 
2449 3 
2450 3 
2451 3 
2452 3 
2453 3 
2454 3 
2455 3 
2456 3 
2457 3 
2458 3 
2459 3 
2460 3 
2461 3 
2462 3 
2463 3 
2464 3 
2465 3 
2466 3 
2467 3 
2468 3 
2469 3 
2470 3 
2471 3 
2472 3 
2473 3 
2474 3 
2475 3 
2476 3 
2477 3 
2478 3 
2479 3 
2480 3 
2481 3 
2482 3 
2483 3 
2484 3 
2485 3 
2486 3 
2487 3 
2488 3 
2489 3 
2490 3 
2491 3 
2492 3 
2493 3 
2494 3 
2495 3 
2496 3 
2497 3 
2498 3 
2499 3 
2500 3 
2501 3 
2502 3 
2503 3 
2504 3 
2505 3 
2506 3 
2507 3 
2508 3 
2509 3 
2510 3 
2511 3 
2512 3 
2513 3 
2514 3 
2515 3 
2516 3 
2517 3 
2518 3 
2519 3 
2520 3 
2521 3 
2522 3 
2523 3 
2524 3 
2525 3 
2526 3 
2527 3 
2528 3 
2529 3 
2530 3 
2531 3 
2532 3 
2533 3 
2534 3 
2535 3 
2536 3 
2537 3 
2538 3 
2539 3 
2540 3 
2541 3 
2542 3 
2543 3 
2544 3 
2545 3 
2546 3 
2547 3 
2548 3 
2549 3 
2550 3 
2551 3 
2552 3 
2553 3 
2554 3 
2555 3 
2556 3 
2557 3 
2558 3 
2559 3 
2560 3 
2561 3 
2562 3 
2563 3 
2564 3 
2565 3 
2566 3 
2567 3 
2568 3 
2569 3 
2570 3 
2571 3 
2572 3 
2573 3 
2574 3 
2575 3 
2576 3 
2577 3 
2578 3 
2579 3 
2580 3 
2581 3 
2582 3 
2583 3 
2584 3 
2585 3 
2586 3 
2587 3 
2588 3 
2589 3 
2590 3 
2591 3 
2592 3 
2593 3 
2594 3 
2595 3 
2596 3 
2597 3 
2598 3 
2599 3 
2600 3 
2601 3 
2602 3 
2603 3 
2604 3 
2605 3 
2606 3 
2607 3 
2608 3 
2609 3 
2610 3 
2611 3 
2612 3 
2613 3 
2614 3 
2615 3 
2616 3 
2617 3 
2618 3 
2619 3 
2620 3 
2621 3 
2622 3 
2623 3 
2624 3 
2625 3 
2626 3 
2627 3 
2628 3 
2629 3 
2630 3 
2631 3 
2632 3 
2633 3 
2634 3 
2635 3 
2636 3 
2637 3 
2638 3 
2639 3 
2640 3 
2641 3 
2642 3 
2643 3 
2644 3 
2645 3 
2646 3 
2647 3 
2648 3 
2649 3 
2650 3 
2651 3 
2652 3 
2653 3 
2654 3 
2655 3 
2656 3 
2657 3 
2658 3 
2659 3 
2660 3 
2661 3 
2662 3 
2663 3 
2664 3 
2665 3 
2666 3 
2667 3 
2668 3 
2669 3 
2670 3 
2671 3 
2672 3 
2673 3 
2674 3 
2675 3 
2676 3 
2677 3 
2678 3 
2679 3 
2680 3 
2681 3 
2682 3 
2683 3 
2684 3 
2685 3 
2686 3 
2687 3 
2688 3 
2689 3 
2690 3 
2691 3 
2692 3 
2693 3 
2694 3 
2695 3 
2696 3 
2697 3 
2698 3 
2699 3 
2700 3 
2701 3 
2702 3 
2703 3 
2704 3 
2705 3 
2706 3 
2707 3 
2708 3 
2709 3 
2710 3 
2711 3 
2712 3 
2713 3 
2714 3 
2715 3 
2716 3 
2717 3 
2718 3 
2719 3 
2720 3 
2721 3 
2722 3 
2723 3 
2724 3 
2725 3 
2726 3 
2727 3 
2728 3 
2729 3 
2730 3 
2731 3 
2732 3 
2733 3 
2734 3 
2735 3 
2736 3 
2737 3 
2738 3 
2739 3 
2740 3 
2741 3 
2742 3 
2743 3 
2744 3 
2745 3 
2746 3 
2747 3 
2748 3 
2749 3 
2750 3 
2751 3 
2752 3 
2753 3 
2754 3 
2755 3 
2756 3 
2757 3 
2758 3 
2759 3 
2760 3 
2761 3 
2762 3 
2763 3 
2764 3 
2765 3 
2766 3 
2767 3 
2768 3 
2769 3 
2770 3 
2771 3 
2772 3 
2773 3 
2774 3 
2775 3 
2776 3 
2777 3 
2778 3 
2779 3 
2780 3 
2781 3 
2782 3 
2783 3 
2784 3 
2785 3 
2786 3 
2787 3 
2788 3 
2789 3 
2790 3 
2791 3 
2792 3 
2793 3 
2794 3 
2795 3 
2796 3 
2797 3 
2798 3 
2799 3 
2800 3 
2801 3 
2802 3 
2803 3 
2804 3 
2805 3 
2806 3 
2807 3 
2808 3 
2809 3 
2810 3 
2811 3 
2812 3 
2813 3 
2814 3 
2815 3 
2816 3 
2817 3 
2818 3 
2819 3 
2820 3 
2821 3 
2822 3 
2823 3 
2824 3 
2825 3 
2826 3 
2827 3 
2828 3 
2829 3 
2830 3 
2831 3 
2832 3 
2833 3 
2834 3 
2835 3 
2836 3 
2837 3 
2838 3 
2839 3 
2840 3 
2841 3 
2842 3 
2843 3 
2844 3 
2845 3 
2846 3 
2847 3 
2848 3 
2849 3 
2850 3 
2851 3 
2852 3 
2853 3 
2854 3 
2855 3 
2856 3 
2857 3 
2858 3 
2859 3 
2860 3 
2861 3 
2862 3 
2863 3 
2864 3 
2865 3 
2866 3 
2867 3 
2868 3 
2869 3 
2870 3 
2871 3 
2872 3 
2873 3 
2874 3 
2875 3 
2876 3 
2877 3 
2878 3 
2879 3 
2880 3 
2881 3 
2882 3 
2883 3 
2884 3 
2885 3 
2886 3 
2887 3 
2888 3 
2889 3 
2890 3 
2891 3 
2892 3 
2893 3 
2894 3 
2895 3 
2896 3 
2897 3 
2898 3 
2899 3 
2900 3 
2901 3 
2902 3 
2903 3 
2904 3 
2905 3 
2906 3 
2907 3 
2908 3 
2909 3 
2910 3 
2911 3 
2912 3 
2913 3 
2914 3 
2915 3 
2916 3 
2917 3 
2918 3 
2919 3 
2920 3 
2921 3 
2922 3 
2923 3 
2924 3 
2925 3 
2926 3 
2927 3 
2928 3 
2929 3 
2930 3 
2931 3 
2932 3 
2933 3 
2934 3 
2935 3 
2936 3 
2937 3 
2938 3 
2939 3 
2940 3 
2941 3 
2942 3 
2943 3 
2944 3 
2945 3 
2946 3 
2947 3 
2948 3 
2949 3 
2950 3 
2951 3 
2952 3 
2953 3 
2954 3 
2955 3 
2956 3 
2957 3 
2958 3 
2959 3 
2960 3 
2961 3 
2962 3 
2963 3 
2964 3 
2965 3 
2966 3 
2967 3 
2968 3 
2969 3 
2970 3 
2971 3 
2972 3 
2973 3 
2974 3 
2975 3 
2976 3 
2977 3 
2978 3 
2979 3 
2980 3 
2981 3 
2982 3 
2983 3 
2984 3 
2985 3 
2986 3 
2987 3 
2988 3 
2989 3 
2990 3 
2991 3 
2992 3 
2993 3 
2994 3 
2995 3 
2996 3 
2997 3 
2998 3 
2999 3 
3000 3 
3001 3 
3002 3 
3003 3 
3004 3 
3005 3 
3006 3 
3007 3 
3008 3 
3009 3 
3010 3 
3011 3 
3012 3 
3013 3 
3014 3 
3015 3 
3016 3 
3017 3 
3018 3 
3019 3 
3020 3 
3021 3 
3022 3 
3023 3 
3024 3 
3025 3 
3026 3 
3027 3 
3028 3 
3029 3 
3030 3 
3031 3 
3032 3 
3033 3 
3034 3 
3035 3 
3036 3 
3037 3 
3038 3 
3039 3 
3040 3 
3041 3 
3042 3 
3043 3 
3044 3 
3045 3 
3046 3 
3047 3 
3048 3 
3049 3 
3050 3 
3051 3 
3052 3 
3053 3 
3054 3 
3055 3 
3056 3 
3057 3 
3058 3 
3059 3 
3060 3 
3061 3 
3062 3 
3063 3 
3064 3 
3065 3 
3066 3 
3067 3 
3068 3 
3069 3 
3070 3 
3071 3 
3072 3 
3073 3 
3074 3 
3075 3 
3076 3 
3077 3 
3078 3 
3079 3 
3080 3 
3081 3 
3082 3 
3083 3 
3084 3 
3085 3 
3086 3 
3087 3 
3088 3 
3089 3 
3090 3 
3091 3 
3092 3 
3093 3 
3094 3 
3095 3 
3096 3 
3097 3 
3098 3 
3099 3 
3100 3 
3101 3 
3102 3 
3103 3 
3104 3 
3105 3 
3106 3 
3107 3 
3108 3 
3109 3 
3110 3 
3111 3 
3112 3 
3113 3 
3114 3 
3115 3 
3116 3 
3117 3 
3118 3 
3119 3 
3120 3 
3121 3 
3122 3 
3123 3 
3124 3 
3125 3 
3126 3 
3127 3 
3128 3 
3129 3 
3130 3 
3131 3 
3132 3 
3133 3 
3134 3 
3135 3 
3136 3 
3137 3 
3138 3 
3139 3 
3140 3 
3141 3 
3142 3 
3143 3 
3144 3 
3145 3 
3146 3 
3147 3 
3148 3 
3149 3 
3150 3 
3151 3 
3152 3 
3153 3 
3154 3 
3155 3 
3156 3 
3157 3 
3158 3 
3159 3 
3160 3 
3161 3 
3162 3 
3163 3 
3164 3 
3165 3 
3166 3 
3167 3 
3168 3 
3169 3 
3170 3 
3171 3 
3172 3 
3173 3 
3174 3 
3175 3 
3176 3 
3177 3 
3178 3 
3179 3 
3180 3 
3181 3 
3182 3 
3183 3 
3184 3 
3185 3 
3186 3 
3187 3 
3188 3 
3189 3 
3190 3 
3191 3 
3192 3 
3193 3 
3194 3 
3195 3 
3196 3 
3197 3 
3198 3 
3199 3 
3200 3 
3201 3 
3202 3 
3203 3 
3204 3 
3205 3 
3206 3 
3207 3 
3208 3 
3209 3 
3210 3 
3211 3 
3212 3 
3213 3 
3214 3 
3215 3 
3216 3 
3217 3 
3218 3 
3219 3 
3220 3 
3221 3 
3222 3 
3223 3 
3224 3 
3225 3 
3226 3 
3227 3 
3228 3 
3229 3 
3230 3 
3231 3 
3232 3 
3233 3 
3234 3 
3235 3 
3236 3 
3237 3 
3238 3 
3239 3 
3240 3 
3241 3 
3242 3 
3243 3 
3244 3 
3245 3 
3246 3 
3247 3 
3248 3 
3249 3 
3250 3 
3251 3 
3252 3 
3253 3 
3254 3 
3255 3 
3256 3 
3257 3 
3258 3 
3259 3 
3260 3 
3261 3 
3262 3 
3263 3 
3264 3 
3265 3 
3266 3 
3267 3 
3268 3 
3269 3 
3270 3 
3271 3 
3272 3 
3273 3 
3274 3 
3275 3 
3276 2 
3277 2 
3278 2 
3279 2 
3280 2 
3281 2 
3282 2 
3283 2 
3284 2 
3285 2 
3286 2 
3287 2 
3288 2 
3289 2 
3290 2 
3291 2 
3292 2 
3293 2 
3294 2 
3295 2 
3296 2 
3297 2 
3298 2 
3299 2 
3300 2 
3301 2 
3302 2 
3303 2 
3304 2 
3305 2 
3306 2 
3307 2 
3308 2 
3309 2 
3310 2 
3311 2 
3312 2 
3313 2 
3314 2 
3315 2 
3316 2 
3317 2 
3318 2 
3319 2 
3320 2 
3321 2 
3322 2 
3323 2 
3324 2 
3325 2 
3326 2 
3327 2 
3328 2 
3329 2 
3330 2 
3331 2 
3332 2 
3333 2 
3334 2 
3335 2 
3336 2 
3337 2 
3338 2 
3339 2 
3340 2 
3341 2 
3342 2 
3343 2 
3344 2 
3345 2 
3346 2 
3347 2 
3348 2 
3349 2 
3350 2 
3351 2 
3352 2 
3353 2 
3354 2 
3355 2 
3356 2 
3357 2 
3358 2 
3359 2 
3360 2 
3361 2 
3362 2 
3363 2 
3364 2 
3365 2 
3366 2 
3367 2 
3368 2 
3369 2 
3370 2 
3371 2 
3372 2 
3373 2 
3374 2 
3375 2 
3376 2 
3377 2 
3378 2 
3379 2 
3380 2 
3381 2 
3382 2 
3383 2 
3384 2 
3385 2 
3386 2 
3387 2 
3388 2 
3389 2 
3390 2 
3391 2 
3392 2 
3393 2 
3394 2 
3395 2 
3396 2 
3397 2 
3398 2 
3399 2 
3400 2 
3401 2 
3402 2 
3403 2 
3404 2 
3405 2 
3406 2 
3407 2 
3408 2 
3409 2 
3410 2 
3411 2 
3412 2 
3413 2 
3414 2 
3415 2 
3416 2 
3417 2 
3418 2 
3419 2 
3420 2 
3421 2 
3422 2 
3423 2 
3424 2 
3425 2 
3426 2 
3427 2 
3428 2 
3429 2 
3430 2 
3431 2 
3432 2 
3433 2 
3434 2 
3435 2 
3436 2 
3437 2 
3438 2 
3439 2 
3440 2 
3441 2 
3442 2 
3443 2 
3444 2 
3445 2 
3446 2 
3447 2 
3448 2 
3449 2 
3450 2 
3451 2 
3452 2 
3453 2 
3454 2 
3455 2 
3456 2 
3457 2 
3458 2 
3459 2 
3460 2 
3461 2 
3462 2 
3463 2 
3464 2 
3465 2 
3466 2 
3467 2 
3468 2 
3469 2 
3470 2 
3471 2 
3472 2 
3473 2 
3474 2 
3475 2 
3476 2 
3477 2 
3478 2 
3479 2 
3480 2 
3481 2 
3482 2 
3483 2 
3484 2 
3485 2 
3486 2 
3487 2 
3488 2 
3489 2 
3490 2 
3491 2 
3492 2 
3493 2 
3494 2 
3495 2 
3496 2 
3497 2 
3498 2 
3499 2 
3500 2 
3501 2 
3502 2 
3503 2 
3504 2 
3505 2 
3506 2 
3507 2 
3508 2 
3509 2 
3510 2 
3511 2 
3512 2 
3513 2 
3514 2 
3515 2 
3516 2 
3517 2 
3518 2 
3519 2 
3520 2 
3521 2 
3522 2 
3523 2 
3524 2 
3525 2 
3526 2 
3527 2 
3528 2 
3529 2 
3530 2 
3531 2 
3532 2 
3533 2 
3534 2 
3535 2 
3536 2 
3537 2 
3538 2 
3539 2 
3540 2 
3541 2 
3542 2 
3543 2 
3544 2 
3545 2 
3546 2 
3547 2 
3548 2 
3549 2 
3550 2 
3551 2 
3552 2 
3553 2 
3554 2 
3555 2 
3556 2 
3557 2 
3558 2 
3559 2 
3560 2 
3561 2 
3562 2 
3563 2 
3564 2 
3565 2 
3566 2 
3567 2 
3568 2 
3569 2 
3570 2 
3571 2 
3572 2 
3573 2 
3574 2 
3575 2 
3576 2 
3577 2 
3578 2 
3579 2 
3580 2 
3581 2 
3582 2 
3583 2 
3584 2 
3585 2 
3586 2 
3587 2 
3588 2 
3589 2 
3590 2 
3591 2 
3592 2 
3593 2 
3594 2 
3595 2 
3596 2 
3597 2 
3598 2 
3599 2 
3600 2 
3601 2 
3602 2 
3603 2 
3604 2 
3605 2 
3606 2 
3607 2 
3608 2 
3609 2 
3610 2 
3611 2 
3612 2 
3613 2 
3614 2 
3615 2 
3616 2 
3617 2 
3618 2 
3619 2 
3620 2 
3621 2 
3622 2 
3623 2 
3624 2 
3625 2 
3626 2 
3627 2 
3628 2 
3629 2 
3630 2 
3631 2 
3632 2 
3633 2 
3634 2 
3635 2 
3636 2 
3637 2 
3638 2 
3639 2 
3640 2 
3641 2 
3642 2 
3643 2 
3644 2 
3645 2 
3646 2 
3647 2 
3648 2 
3649 2 
3650 2 
3651 2 
3652 2 
3653 2 
3654 2 
3655 2 
3656 2 
3657 2 
3658 2 
3659 2 
3660 2 
3661 2 
3662 2 
3663 2 
3664 2 
3665 2 
3666 2 
3667 2 
3668 2 
3669 2 
3670 2 
3671 2 
3672 2 
3673 2 
3674 2 
3675 2 
3676 2 
3677 2 
3678 2 
3679 2 
3680 2 
3681 2 
3682 2 
3683 2 
3684 2 
3685 2 
3686 2 
3687 2 
3688 2 
3689 2 
3690 2 
3691 2 
3692 2 
3693 2 
3694 2 
3695 2 
3696 2 
3697 2 
3698 2 
3699 2 
3700 2 
3701 2 
3702 2 
3703 2 
3704 2 
3705 2 
3706 2 
3707 2 
3708 2 
3709 2 
3710 2 
3711 2 
3712 2 
3713 2 
3714 2 
3715 2 
3716 2 
3717 2 
3718 2 
3719 2 
3720 2 
3721 2 
3722 2 
3723 2 
3724 2 
3725 2 
3726 2 
3727 2 
3728 2 
3729 2 
3730 2 
3731 2 
3732 2 
3733 2 
3734 2 
3735 2 
3736 2 
3737 2 
3738 2 
3739 2 
3740 2 
3741 2 
3742 2 
3743 2 
3744 2 
3745 2 
3746 2 
3747 2 
3748 2 
3749 2 
3750 2 
3751 2 
3752 2 
3753 2 
3754 2 
3755 2 
3756 2 
3757 2 
3758 2 
3759 2 
3760 2 
3761 2 
3762 2 
3763 2 
3764 2 
3765 2 
3766 2 
3767 2 
3768 2 
3769 2 
3770 2 
3771 2 
3772 2 
3773 2 
3774 2 
3775 2 
3776 2 
3777 2 
3778 2 
3779 2 
3780 2 
3781 2 
3782 2 
3783 2 
3784 2 
3785 2 
3786 2 
3787 2 
3788 2 
3789 2 
3790 2 
3791 2 
3792 2 
3793 2 
3794 2 
3795 2 
3796 2 
3797 2 
3798 2 
3799 2 
3800 2 
3801 2 
3802 2 
3803 2 
3804 2 
3805 2 
3806 2 
3807 2 
3808 2 
3809 2 
3810 2 
3811 2 
3812 2 
3813 2 
3814 2 
3815 2 
3816 2 
3817 2 
3818 2 
3819 2 
3820 2 
3821 2 
3822 2 
3823 2 
3824 2 
3825 2 
3826 2 
3827 2 
3828 2 
3829 2 
3830 2 
3831 2 
3832 2 
3833 2 
3834 2 
3835 2 
3836 2 
3837 2 
3838 2 
3839 2 
3840 2 
3841 2 
3842 2 
3843 2 
3844 2 
3845 2 
3846 2 
3847 2 
3848 2 
3849 2 
3850 2 
3851 2 
3852 2 
3853 2 
3854 2 
3855 2 
3856 2 
3857 2 
3858 2 
3859 2 
3860 2 
3861 2 
3862 2 
3863 2 
3864 2 
3865 2 
3866 2 
3867 2 
3868 2 
3869 2 
3870 2 
3871 2 
3872 2 
3873 2 
3874 2 
3875 2 
3876 2 
3877 2 
3878 2 
3879 2 
3880 2 
3881 2 
3882 2 
3883 2 
3884 2 
3885 2 
3886 2 
3887 2 
3888 2 
3889 2 
3890 2 
3891 2 
3892 2 
3893 2 
3894 2 
3895 2 
3896 2 
3897 2 
3898 2 
3899 2 
3900 2 
3901 2 
3902 2 
3903 2 
3904 2 
3905 2 
3906 2 
3907 2 
3908 2 
3909 2 
3910 2 
3911 2 
3912 2 
3913 2 
3914 2 
3915 2 
3916 2 
3917 2 
3918 2 
3919 2 
3920 2 
3921 2 
3922 2 
3923 2 
3924 2 
3925 2 
3926 2 
3927 2 
3928 2 
3929 2 
3930 2 
3931 2 
3932 2 
3933 2 
3934 2 
3935 2 
3936 2 
3937 2 
3938 2 
3939 2 
3940 2 
3941 2 
3942 2 
3943 2 
3944 2 
3945 2 
3946 2 
3947 2 
3948 2 
3949 2 
3950 2 
3951 2 
3952 2 
3953 2 
3954 2 
3955 2 
3956 2 
3957 2 
3958 2 
3959 2 
3960 2 
3961 2 
3962 2 
3963 2 
3964 2 
3965 2 
3966 2 
3967 2 
3968 2 
3969 2 
3970 2 
3971 2 
3972 2 
3973 2 
3974 2 
3975 2 
3976 2 
3977 2 
3978 2 
3979 2 
3980 2 
3981 2 
3982 2 
3983 2 
3984 2 
3985 2 
3986 2 
3987 2 
3988 2 
3989 2 
3990 2 
3991 2 
3992 2 
3993 2 
3994 2 
3995 2 
3996 2 
3997 2 
3998 2 
3999 2 
4000 2 
4001 2 
4002 2 
4003 2 
4004 2 
4005 2 
4006 2 
4007 2 
4008 2 
4009 2 
4010 2 
4011 2 
4012 2 
4013 2 
4014 2 
4015 2 
4016 2 
4017 2 
4018 2 
4019 2 
4020 2 
4021 2 
4022 2 
4023 2 
4024 2 
4025 2 
4026 2 
4027 2 
4028 2 
4029 2 
4030 2 
4031 2 
4032 2 
4033 2 
4034 2 
4035 2 
4036 2 
4037 2 
4038 2 
4039 2 
4040 2 
4041 2 
4042 2 
4043 2 
4044 2 
4045 2 
4046 2 
4047 2 
4048 2 
4049 2 
4050 2 
4051 2 
4052 2 
4053 2 
4054 2 
4055 2 
4056 2 
4057 2 
4058 2 
4059 2 
4060 2 
4061 2 
4062 2 
4063 2 
4064 2 
4065 2 
4066 2 
4067 2 
4068 2 
4069 2 
4070 2 
4071 2 
4072 2 
4073 2 
4074 2 
4075 2 
4076 2 
4077 2 
4078 2 
4079 2 
4080 2 
4081 2 
4082 2 
4083 2 
4084 2 
4085 2 
4086 2 
4087 2 
4088 2 
4089 2 
4090 2 
4091 2 
4092 2 
4093 2 
4094 2 
4095 2 
4096 2 
4097 2 
4098 2 
4099 2 
4100 2 
4101 2 
4102 2 
4103 2 
4104 2 
4105 2 
4106 2 
4107 2 
4108 2 
4109 2 
4110 2 
4111 2 
4112 2 
4113 2 
4114 2 
4115 2 
4116 2 
4117 2 
4118 2 
4119 2 
4120 2 
4121 2 
4122 2 
4123 2 
4124 2 
4125 2 
4126 2 
4127 2 
4128 2 
4129 2 
4130 2 
4131 2 
4132 2 
4133 2 
4134 2 
4135 2 
4136 2 
4137 2 
4138 2 
4139 2 
4140 2 
4141 2 
4142 2 
4143 2 
4144 2 
4145 2 
4146 2 
4147 2 
4148 2 
4149 2 
4150 2 
4151 2 
4152 2 
4153 2 
4154 2 
4155 2 
4156 2 
4157 2 
4158 2 
4159 2 
4160 2 
4161 2 
4162 2 
4163 2 
4164 2 
4165 2 
4166 2 
4167 2 
4168 2 
4169 2 
4170 2 
4171 2 
4172 2 
4173 2 
4174 2 
4175 2 
4176 2 
4177 2 
4178 2 
4179 2 
4180 2 
4181 2 
4182 2 
4183 2 
4184 2 
4185 2 
4186 2 
4187 2 
4188 2 
4189 2 
4190 2 
4191 2 
4192 2 
4193 2 
4194 2 
4195 2 
4196 2 
4197 2 
4198 2 
4199 2 
4200 2 
4201 2 
4202 2 
4203 2 
4204 2 
4205 2 
4206 2 
4207 2 
4208 2 
4209 2 
4210 2 
4211 2 
4212 2 
4213 2 
4214 2 
4215 2 
4216 2 
4217 2 
4218 2 
4219 2 
4220 2 
4221 2 
4222 2 
4223 2 
4224 2 
4225 2 
4226 2 
4227 2 
4228 2 
4229 2 
4230 2 
4231 2 
4232 2 
4233 2 
4234 2 
4235 2 
4236 2 
4237 2 
4238 2 
4239 2 
4240 2 
4241 2 
4242 2 
4243 2 
4244 2 
4245 2 
4246 2 
4247 2 
4248 2 
4249 2 
4250 2 
4251 2 
4252 2 
4253 2 
4254 2 
4255 2 
4256 2 
4257 2 
4258 2 
4259 2 
4260 2 
4261 2 
4262 2 
4263 2 
4264 2 
4265 2 
4266 2 
4267 2 
4268 2 
4269 2 
4270 2 
4271 2 
4272 2 
4273 2 
4274 2 
4275 2 
4276 2 
4277 2 
4278 2 
4279 2 
4280 2 
4281 2 
4282 2 
4283 2 
4284 2 
4285 2 
4286 2 
4287 2 
4288 2 
4289 2 
4290 2 
4291 2 
4292 2 
4293 2 
4294 2 
4295 2 
4296 2 
4297 2 
4298 2 
4299 2 
4300 2 
4301 2 
4302 2 
4303 2 
4304 2 
4305 2 
4306 2 
4307 2 
4308 2 
4309 2 
4310 2 
4311 2 
4312 2 
4313 2 
4314 2 
4315 2 
4316 2 
4317 2 
4318 2 
4319 2 
4320 2 
4321 2 
4322 2 
4323 2 
4324 2 
4325 2 
4326 2 
4327 2 
4328 2 
4329 2 
4330 2 
4331 2 
4332 2 
4333 2 
4334 2 
4335 2 
4336 2 
4337 2 
4338 2 
4339 2 
4340 2 
4341 2 
4342 2 
4343 2 
4344 2 
4345 2 
4346 2 
4347 2 
4348 2 
4349 2 
4350 2 
4351 2 
4352 2 
4353 2 
4354 2 
4355 2 
4356 2 
4357 2 
4358 2 
4359 2 
4360 2 
4361 2 
4362 2 
4363 2 
4364 2 
4365 2 
4366 2 
4367 2 
4368 2 
4369 2 
4370 2 
4371 2 
4372 2 
4373 2 
4374 2 
4375 2 
4376 2 
4377 2 
4378 2 
4379 2 
4380 2 
4381 2 
4382 2 
4383 2 
4384 2 
4385 2 
4386 2 
4387 2 
4388 2 
4389 2 
4390 2 
4391 2 
4392 2 
4393 2 
4394 2 
4395 2 
4396 2 
4397 2 
4398 2 
4399 2 
4400 2 
4401 2 
4402 2 
4403 2 
4404 2 
4405 2 
4406 2 
4407 2 
4408 2 
4409 2 
4410 2 
4411 2 
4412 2 
4413 2 
4414 2 
4415 2 
4416 2 
4417 2 
4418 2 
4419 2 
4420 2 
4421 2 
4422 2 
4423 2 
4424 2 
4425 2 
4426 2 
4427 2 
4428 2 
4429 2 
4430 2 
4431 2 
4432 2 
4433 2 
4434 2 
4435 2 
4436 2 
4437 2 
4438 2 
4439 2 
4440 2 
4441 2 
4442 2 
4443 2 
4444 2 
4445 2 
4446 2 
4447 2 
4448 2 
4449 2 
4450 2 
4451 2 
4452 2 
4453 2 
4454 2 
4455 2 
4456 2 
4457 2 
4458 2 
4459 2 
4460 2 
4461 2 
4462 2 
4463 2 
4464 2 
4465 2 
4466 2 
4467 2 
4468 2 
4469 2 
4470 2 
4471 2 
4472 2 
4473 2 
4474 2 
4475 2 
4476 2 
4477 2 
4478 2 
4479 2 
4480 2 
4481 2 
4482 2 
4483 2 
4484 2 
4485 2 
4486 2 
4487 2 
4488 2 
4489 2 
4490 2 
4491 2 
4492 2 
4493 2 
4494 2 
4495 2 
4496 2 
4497 2 
4498 2 
4499 2 
4500 2 
4501 2 
4502 2 
4503 2 
4504 2 
4505 2 
4506 2 
4507 2 
4508 2 
4509 2 
4510 2 
4511 2 
4512 2 
4513 2 
4514 2 
4515 2 
4516 2 
4517 2 
4518 2 
4519 2 
4520 2 
4521 2 
4522 2 
4523 2 
4524 2 
4525 2 
4526 2 
4527 2 
4528 2 
4529 2 
4530 2 
4531 2 
4532 2 
4533 2 
4534 2 
4535 2 
4536 2 
4537 2 
4538 2 
4539 2 
4540 2 
4541 2 
4542 2 
4543 2 
4544 2 
4545 2 
4546 2 
4547 2 
4548 2 
4549 2 
4550 2 
4551 2 
4552 2 
4553 2 
4554 2 
4555 2 
4556 2 
4557 2 
4558 2 
4559 2 
4560 2 
4561 2 
4562 2 
4563 2 
4564 2 
4565 2 
4566 2 
4567 2 
4568 2 
4569 2 
4570 2 
4571 2 
4572 2 
4573 2 
4574 2 
4575 2 
4576 2 
4577 2 
4578 2 
4579 2 
4580 2 
4581 2 
4582 2 
4583 2 
4584 2 
4585 2 
4586 2 
4587 2 
4588 2 
4589 2 
4590 2 
4591 2 
4592 2 
4593 2 
4594 2 
4595 2 
4596 2 
4597 2 
4598 2 
4599 2 
4600 2 
4601 2 
4602 2 
4603 2 
4604 2 
4605 2 
4606 2 
4607 2 
4608 2 
4609 2 
4610 2 
4611 2 
4612 2 
4613 2 
4614 2 
4615 2 
4616 2 
4617 2 
4618 2 
4619 2 
4620 2 
4621 2 
4622 2 
4623 2 
4624 2 
4625 2 
4626 2 
4627 2 
4628 2 
4629 2 
4630 2 
4631 2 
4632 2 
4633 2 
4634 2 
4635 2 
4636 2 
4637 2 
4638 2 
4639 2 
4640 2 
4641 2 
4642 2 
4643 2 
4644 2 
4645 2 
4646 2 
4647 2 
4648 2 
4649 2 
4650 2 
4651 2 
4652 2 
4653 2 
4654 2 
4655 2 
4656 2 
4657 2 
4658 2 
4659 2 
4660 2 
4661 2 
4662 2 
4663 2 
4664 2 
4665 2 
4666 2 
4667 2 
4668 2 
4669 2 
4670 2 
4671 2 
4672 2 
4673 2 
4674 2 
4675 2 
4676 2 
4677 2 
4678 2 
4679 2 
4680 2 
4681 2 
4682 2 
4683 2 
4684 2 
4685 2 
4686 2 
4687 2 
4688 2 
4689 2 
4690 2 
4691 2 
4692 2 
4693 2 
4694 2 
4695 2 
4696 2 
4697 2 
4698 2 
4699 2 
4700 2 
4701 2 
4702 2 
4703 2 
4704 2 
4705 2 
4706 2 
4707 2 
4708 2 
4709 2 
4710 2 
4711 2 
4712 2 
4713 2 
4714 2 
4715 2 
4716 2 
4717 2 
4718 2 
4719 2 
4720 2 
4721 2 
4722 2 
4723 2 
4724 2 
4725 2 
4726 2 
4727 2 
4728 2 
4729 2 
4730 2 
4731 2 
4732 2 
4733 2 
4734 2 
4735 2 
4736 2 
4737 2 
4738 2 
4739 2 
4740 2 
4741 2 
4742 2 
4743 2 
4744 2 
4745 2 
4746 2 
4747 2 
4748 2 
4749 2 
4750 2 
4751 2 
4752 2 
4753 2 
4754 2 
4755 2 
4756 2 
4757 2 
4758 2 
4759 2 
4760 2 
4761 2 
4762 2 
4763 2 
4764 2 
4765 2 
4766 2 
4767 2 
4768 2 
4769 2 
4770 2 
4771 2 
4772 2 
4773 2 
4774 2 
4775 2 
4776 2 
4777 2 
4778 2 
4779 2 
4780 2 
4781 2 
4782 2 
4783 2 
4784 2 
4785 2 
4786 2 
4787 2 
4788 2 
4789 2 
4790 2 
4791 2 
4792 2 
4793 2 
4794 2 
4795 2 
4796 2 
4797 2 
4798 2 
4799 2 
4800 2 
4801 2 
4802 2 
4803 2 
4804 2 
4805 2 
4806 2 
4807 2 
4808 2 
4809 2 
4810 2 
4811 2 
4812 2 
4813 2 
4814 2 
4815 2 
4816 2 
4817 2 
4818 2 
4819 2 
4820 2 
4821 2 
4822 2 
4823 2 
4824 2 
4825 2 
4826 2 
4827 2 
4828 2 
4829 2 
4830 2 
4831 2 
4832 2 
4833 2 
4834 2 
4835 2 
4836 2 
4837 2 
4838 2 
4839 2 
4840 2 
4841 2 
4842 2 
4843 2 
4844 2 
4845 2 
4846 2 
4847 2 
4848 2 
4849 2 
4850 2 
4851 2 
4852 2 
4853 2 
4854 2 
4855 2 
4856 2 
4857 2 
4858 2 
4859 2 
4860 2 
4861 2 
4862 2 
4863 2 
4864 2 
4865 2 
4866 2 
4867 2 
4868 2 
4869 2 
4870 2 
4871 2 
4872 2 
4873 2 
4874 2 
4875 2 
4876 2 
4877 2 
4878 2 
4879 2 
4880 2 
4881 2 
4882 2 
4883 2 
4884 2 
4885 2 
4886 2 
4887 2 
4888 2 
4889 2 
4890 2 
4891 2 
4892 2 
4893 2 
4894 2 
4895 2 
4896 2 
4897 2 
4898 2 
4899 2 
4900 2 
4901 2 
4902 2 
4903 2 
4904 2 
4905 2 
4906 2 
4907 2 
4908 2 
4909 2 
4910 2 
4911 2 
4912 2 
4913 2 
4914 2 
4915 2 
4916 2 
4917 2 
4918 2 
4919 2 
4920 2 
4921 2 
4922 2 
4923 2 
4924 2 
4925 2 
4926 2 
4927 2 
4928 2 
4929 2 
4930 2 
4931 2 
4932 2 
4933 2 
4934 2 
4935 2 
4936 2 
4937 2 
4938 2 
4939 2 
4940 2 
4941 2 
4942 2 
4943 2 
4944 2 
4945 2 
4946 2 
4947 2 
4948 2 
4949 2 
4950 2 
4951 2 
4952 2 
4953 2 
4954 2 
4955 2 
4956 2 
4957 2 
4958 2 
4959 2 
4960 2 
4961 2 
4962 2 
4963 2 
4964 2 
4965 2 
4966 2 
4967 2 
4968 2 
4969 2 
4970 2 
4971 2 
4972 2 
4973 2 
4974 2 
4975 2 
4976 2 
4977 2 
4978 2 
4979 2 
4980 2 
4981 2 
4982 2 
4983 2 
4984 2 
4985 2 
4986 2 
4987 2 
4988 2 
4989 2 
4990 2 
4991 2 
4992 2 
4993 2 
4994 2 
4995 2 
4996 2 
4997 2 
4998 2 
4999 2 
5000 2 
5001 2 
5002 2 
5003 2 
5004 2 
5005 2 
5006 2 
5007 2 
5008 2 
5009 2 
5010 2 
5011 2 
5012 2 
5013 2 
5014 2 
5015 2 
5016 2 
5017 2 
5018 2 
5019 2 
5020 2 
5021 2 
5022 2 
5023 2 
5024 2 
5025 2 
5026 2 
5027 2 
5028 2 
5029 2 
5030 2 
5031 2 
5032 2 
5033 2 
5034 2 
5035 2 
5036 2 
5037 2 
5038 2 
5039 2 
5040 2 
5041 2 
5042 2 
5043 2 
5044 2 
5045 2 
5046 2 
5047 2 
5048 2 
5049 2 
5050 2 
5051 2 
5052 2 
5053 2 
5054 2 
5055 2 
5056 2 
5057 2 
5058 2 
5059 2 
5060 2 
5061 2 
5062 2 
5063 2 
5064 2 
5065 2 
5066 2 
5067 2 
5068 2 
5069 2 
5070 2 
5071 2 
5072 2 
5073 2 
5074 2 
5075 2 
5076 2 
5077 2 
5078 2 
5079 2 
5080 2 
5081 2 
5082 2 
5083 2 
5084 2 
5085 2 
5086 2 
5087 2 
5088 2 
5089 2 
5090 2 
5091 2 
5092 2 
5093 2 
5094 2 
5095 2 
5096 2 
5097 2 
5098 2 
5099 2 
5100 2 
5101 2 
5102 2 
5103 2 
5104 2 
5105 2 
5106 2 
5107 2 
5108 2 
5109 2 
5110 2 
5111 2 
5112 2 
5113 2 
5114 2 
5115 2 
5116 2 
5117 2 
5118 2 
5119 2 
5120 2 
5121 2 
5122 2 
5123 2 
5124 2 
5125 2 
5126 2 
5127 2 
5128 2 
5129 2 
5130 2 
5131 2 
5132 2 
5133 2 
5134 2 
5135 2 
5136 2 
5137 2 
5138 2 
5139 2 
5140 2 
5141 2 
5142 2 
5143 2 
5144 2 
5145 2 
5146 2 
5147 2 
5148 2 
5149 2 
5150 2 
5151 2 
5152 2 
5153 2 
5154 2 
5155 2 
5156 2 
5157 2 
5158 2 
5159 2 
5160 2 
5161 2 
5162 2 
5163 2 
5164 2 
5165 2 
5166 2 
5167 2 
5168 2 
5169 2 
5170 2 
5171 2 
5172 2 
5173 2 
5174 2 
5175 2 
5176 2 
5177 2 
5178 2 
5179 2 
5180 2 
5181 2 
5182 2 
5183 2 
5184 2 
5185 2 
5186 2 
5187 2 
5188 2 
5189 2 
5190 2 
5191 2 
5192 2 
5193 2 
5194 2 
5195 2 
5196 2 
5197 2 
5198 2 
5199 2 
5200 2 
5201 2 
5202 2 
5203 2 
5204 2 
5205 2 
5206 2 
5207 2 
5208 2 
5209 2 
5210 2 
5211 2 
5212 2 
5213 2 
5214 2 
5215 2 
5216 2 
5217 2 
5218 2 
5219 2 
5220 2 
5221 2 
5222 2 
5223 2 
5224 2 
5225 2 
5226 2 
5227 2 
5228 2 
5229 2 
5230 2 
5231 2 
5232 2 
5233 2 
5234 2 
5235 2 
5236 2 
5237 2 
5238 2 
5239 2 
5240 2 
5241 2 
5242 2 
5243 2 
5244 2 
5245 2 
5246 2 
5247 2 
5248 2 
5249 2 
5250 2 
5251 2 
5252 2 
5253 2 
5254 2 
5255 2 
5256 2 
5257 2 
5258 2 
5259 2 
5260 2 
5261 2 
5262 2 
5263 2 
5264 2 
5265 2 
5266 2 
5267 2 
5268 2 
5269 2 
5270 2 
5271 2 
5272 2 
5273 2 
5274 2 
5275 2 
5276 2 
5277 2 
5278 2 
5279 2 
5280 2 
5281 2 
5282 2 
5283 2 
5284 2 
5285 2 
5286 2 
5287 2 
5288 2 
5289 2 
5290 2 
5291 2 
5292 2 
5293 2 
5294 2 
5295 2 
5296 2 
5297 2 
5298 2 
5299 2 
5300 2 
5301 2 
5302 2 
5303 2 
5304 2 
5305 2 
5306 2 
5307 2 
5308 2 
5309 2 
5310 2 
5311 2 
5312 2 
5313 2 
5314 2 
5315 2 
5316 2 
5317 2 
5318 2 
5319 2 
5320 2 
5321 2 
5322 2 
5323 2 
5324 2 
5325 2 
5326 2 
5327 2 
5328 2 
5329 2 
5330 2 
5331 2 
5332 2 
5333 2 
5334 2 
5335 2 
5336 2 
5337 2 
5338 2 
5339 2 
5340 2 
5341 2 
5342 2 
5343 2 
5344 2 
5345 2 
5346 2 
5347 2 
5348 2 
5349 2 
5350 2 
5351 2 
5352 2 
5353 2 
5354 2 
5355 2 
5356 2 
5357 2 
5358 2 
5359 2 
5360 2 
5361 2 
5362 2 
5363 2 
5364 2 
5365 2 
5366 2 
5367 2 
5368 2 
5369 2 
5370 2 
5371 2 
5372 2 
5373 2 
5374 2 
5375 2 
5376 2 
5377 2 
5378 2 
5379 2 
5380 2 
5381 2 
5382 2 
5383 2 
5384 2 
5385 2 
5386 2 
5387 2 
5388 2 
5389 2 
5390 2 
5391 2 
5392 2 
5393 2 
5394 2 
5395 2 
5396 2 
5397 2 
5398 2 
5399 2 
5400 2 
5401 2 
5402 2 
5403 2 
5404 2 
5405 2 
5406 2 
5407 2 
5408 2 
5409 2 
5410 2 
5411 2 
5412 2 
5413 2 
5414 2 
5415 2 
5416 2 
5417 2 
5418 2 
5419 2 
5420 2 
5421 2 
5422 2 
5423 2 
5424 2 
5425 2 
5426 2 
5427 2 
5428 2 
5429 2 
5430 2 
5431 2 
5432 2 
5433 2 
5434 2 
5435 2 
5436 2 
5437 2 
5438 2 
5439 2 
5440 2 
5441 2 
5442 2 
5443 2 
5444 2 
5445 2 
5446 2 
5447 2 
5448 2 
5449 2 
5450 2 
5451 2 
5452 2 
5453 2 
5454 2 
5455 2 
5456 2 
5457 2 
5458 2 
5459 2 
5460 2 
5461 2 
5462 2 
5463 2 
5464 2 
5465 2 
5466 2 
5467 2 
5468 2 
5469 2 
5470 2 
5471 2 
5472 2 
5473 2 
5474 2 
5475 2 
5476 2 
5477 2 
5478 2 
5479 2 
5480 2 
5481 2 
5482 2 
5483 2 
5484 2 
5485 2 
5486 2 
5487 2 
5488 2 
5489 2 
5490 2 
5491 2 
5492 2 
5493 2 
5494 2 
5495 2 
5496 2 
5497 2 
5498 2 
5499 2 
5500 2 
5501 2 
5502 2 
5503 2 
5504 2 
5505 2 
5506 2 
5507 2 
5508 2 
5509 2 
5510 2 
5511 2 
5512 2 
5513 2 
5514 2 
5515 2 
5516 2 
5517 2 
5518 2 
5519 2 
5520 2 
5521 2 
5522 2 
5523 2 
5524 2 
5525 2 
5526 2 
5527 2 
5528 2 
5529 2 
5530 2 
5531 2 
5532 2 
5533 2 
5534 2 
5535 2 
5536 2 
5537 2 
5538 2 
5539 2 
5540 2 
5541 2 
5542 2 
5543 2 
5544 2 
5545 2 
5546 2 
5547 2 
5548 2 
5549 2 
5550 2 
5551 2 
5552 2 
5553 2 
5554 2 
5555 2 
5556 2 
5557 2 
5558 2 
5559 2 
5560 2 
5561 2 
5562 2 
5563 2 
5564 2 
5565 2 
5566 2 
5567 2 
5568 2 
5569 2 
5570 2 
5571 2 
5572 2 
5573 2 
5574 2 
5575 2 
5576 2 
5577 2 
5578 2 
5579 2 
5580 2 
5581 2 
5582 2 
5583 2 
5584 2 
5585 2 
5586 2 
5587 2 
5588 2 
5589 2 
5590 2 
5591 2 
5592 2 
5593 2 
5594 2 
5595 2 
5596 2 
5597 2 
5598 2 
5599 2 
5600 2 
5601 2 
5602 2 
5603 2 
5604 2 
5605 2 
5606 2 
5607 2 
5608 2 
5609 2 
5610 2 
5611 2 
5612 2 
5613 2 
5614 2 
5615 2 
5616 2 
5617 2 
5618 2 
5619 2 
5620 2 
5621 2 
5622 2 
5623 2 
5624 2 
5625 2 
5626 2 
5627 2 
5628 2 
5629 2 
5630 2 
5631 2 
5632 2 
5633 2 
5634 2 
5635 2 
5636 2 
5637 2 
5638 2 
5639 2 
5640 2 
5641 2 
5642 2 
5643 2 
5644 2 
5645 2 
5646 2 
5647 2 
5648 2 
5649 2 
5650 2 
5651 2 
5652 2 
5653 2 
5654 2 
5655 2 
5656 2 
5657 2 
5658 2 
5659 2 
5660 2 
5661 2 
5662 2 
5663 2 
5664 2 
5665 2 
5666 2 
5667 2 
5668 2 
5669 2 
5670 2 
5671 2 
5672 2 
5673 2 
5674 2 
5675 2 
5676 2 
5677 2 
5678 2 
5679 2 
5680 2 
5681 2 
5682 2 
5683 2 
5684 2 
5685 2 
5686 2 
5687 2 
5688 2 
5689 2 
5690 2 
5691 2 
5692 2 
5693 2 
5694 2 
5695 2 
5696 2 
5697 2 
5698 2 
5699 2 
5700 2 
5701 2 
5702 2 
5703 2 
5704 2 
5705 2 
5706 2 
5707 2 
5708 2 
5709 2 
5710 2 
5711 2 
5712 2 
5713 2 
5714 2 
5715 2 
5716 2 
5717 2 
5718 2 
5719 2 
5720 2 
5721 2 
5722 2 
5723 2 
5724 2 
5725 2 
5726 2 
5727 2 
5728 2 
5729 2 
5730 2 
5731 2 
5732 2 
5733 2 
5734 2 
5735 2 
5736 2 
5737 2 
5738 2 
5739 2 
5740 2 
5741 2 
5742 2 
5743 2 
5744 2 
5745 2 
5746 2 
5747 2 
5748 2 
5749 2 
5750 2 
5751 2 
5752 2 
5753 2 
5754 2 
5755 2 
5756 2 
5757 2 
5758 2 
5759 2 
5760 2 
5761 2 
5762 2 
5763 2 
5764 2 
5765 2 
5766 2 
5767 2 
5768 2 
5769 2 
5770 2 
5771 2 
5772 2 
5773 2 
5774 2 
5775 2 
5776 2 
5777 2 
5778 2 
5779 2 
5780 2 
5781 2 
5782 2 
5783 2 
5784 2 
5785 2 
5786 2 
5787 2 
5788 2 
5789 2 
5790 2 
5791 2 
5792 2 
5793 2 
5794 2 
5795 2 
5796 2 
5797 2 
5798 2 
5799 2 
5800 2 
5801 2 
5802 2 
5803 2 
5804 2 
5805 2 
5806 2 
5807 2 
5808 2 
5809 2 
5810 2 
5811 2 
5812 2 
5813 2 
5814 2 
5815 2 
5816 2 
5817 2 
5818 2 
5819 2 
5820 2 
5821 2 
5822 2 
5823 2 
5824 2 
5825 2 
5826 2 
5827 2 
5828 2 
5829 2 
5830 2 
5831 2 
5832 2 
5833 2 
5834 2 
5835 2 
5836 2 
5837 2 
5838 2 
5839 2 
5840 2 
5841 2 
5842 2 
5843 2 
5844 2 
5845 2 
5846 2 
5847 2 
5848 2 
5849 2 
5850 2 
5851 2 
5852 2 
5853 2 
5854 2 
5855 2 
5856 2 
5857 2 
5858 2 
5859 2 
5860 2 
5861 2 
5862 2 
5863 2 
5864 2 
5865 2 
5866 2 
5867 2 
5868 2 
5869 2 
5870 2 
5871 2 
5872 2 
5873 2 
5874 2 
5875 2 
5876 2 
5877 2 
5878 2 
5879 2 
5880 2 
5881 2 
5882 2 
5883 2 
5884 2 
5885 2 
5886 2 
5887 2 
5888 2 
5889 2 
5890 2 
5891 2 
5892 2 
5893 2 
5894 2 
5895 2 
5896 2 
5897 2 
5898 2 
5899 2 
5900 2 
5901 2 
5902 2 
5903 2 
5904 2 
5905 2 
5906 2 
5907 2 
5908 2 
5909 2 
5910 2 
5911 2 
5912 2 
5913 2 
5914 2 
5915 2 
5916 2 
5917 2 
5918 2 
5919 2 
5920 2 
5921 2 
5922 2 
5923 2 
5924 2 
5925 2 
5926 2 
5927 2 
5928 2 
5929 2 
5930 2 
5931 2 
5932 2 
5933 2 
5934 2 
5935 2 
5936 2 
5937 2 
5938 2 
5939 2 
5940 2 
5941 2 
5942 2 
5943 2 
5944 2 
5945 2 
5946 2 
5947 2 
5948 2 
5949 2 
5950 2 
5951 2 
5952 2 
5953 2 
5954 2 
5955 2 
5956 2 
5957 2 
5958 2 
5959 2 
5960 2 
5961 2 
5962 2 
5963 2 
5964 2 
5965 2 
5966 2 
5967 2 
5968 2 
5969 2 
5970 2 
5971 2 
5972 2 
5973 2 
5974 2 
5975 2 
5976 2 
5977 2 
5978 2 
5979 2 
5980 2 
5981 2 
5982 2 
5983 2 
5984 2 
5985 2 
5986 2 
5987 2 
5988 2 
5989 2 
5990 2 
5991 2 
5992 2 
5993 2 
5994 2 
5995 2 
5996 2 
5997 2 
5998 2 
5999 2 
6000 2 
6001 2 
6002 2 
6003 2 
6004 2 
6005 2 
6006 2 
6007 2 
6008 2 
6009 2 
6010 2 
6011 2 
6012 2 
6013 2 
6014 2 
6015 2 
6016 2 
6017 2 
6018 2 
6019 2 
6020 2 
6021 2 
6022 2 
6023 2 
6024 2 
6025 2 
6026 2 
6027 2 
6028 2 
6029 2 
6030 2 
6031 2 
6032 2 
6033 2 
6034 2 
6035 2 
6036 2 
6037 2 
6038 2 
6039 2 
6040 2 
6041 2 
6042 2 
6043 2 
6044 2 
6045 2 
6046 2 
6047 2 
6048 2 
6049 2 
6050 2 
6051 2 
6052 2 
6053 2 
6054 2 
6055 2 
6056 2 
6057 2 
6058 2 
6059 2 
6060 2 
6061 2 
6062 2 
6063 2 
6064 2 
6065 2 
6066 2 
6067 2 
6068 2 
6069 2 
6070 2 
6071 2 
6072 2 
6073 2 
6074 2 
6075 2 
6076 2 
6077 2 
6078 2 
6079 2 
6080 2 
6081 2 
6082 2 
6083 2 
6084 2 
6085 1 
6086 1 
6087 1 
6088 1 
6089 1 
6090 1 
6091 1 
6092 1 
6093 1 
6094 1 
6095 1 
6096 1 
6097 1 
6098 1 
6099 1 
6100 1 
6101 1 
6102 1 
6103 1 
6104 1 
6105 1 
6106 1 
6107 1 
6108 1 
6109 1 
6110 1 
6111 1 
6112 1 
6113 1 
6114 1 
6115 1 
6116 1 
6117 1 
6118 1 
6119 1 
6120 1 
6121 1 
6122 1 
6123 1 
6124 1 
6125 1 
6126 1 
6127 1 
6128 1 
6129 1 
6130 1 
6131 1 
6132 1 
6133 1 
6134 1 
6135 1 
6136 1 
6137 1 
6138 1 
6139 1 
6140 1 
6141 1 
6142 1 
6143 1 
6144 1 
6145 1 
6146 1 
6147 1 
6148 1 
6149 1 
6150 1 
6151 1 
6152 1 
6153 1 
6154 1 
6155 1 
6156 1 
6157 1 
6158 1 
6159 1 
6160 1 
6161 1 
6162 1 
6163 1 
6164 1 
6165 1 
6166 1 
6167 1 
6168 1 
6169 1 
6170 1 
6171 1 
6172 1 
6173 1 
6174 1 
6175 1 
6176 1 
6177 1 
6178 1 
6179 1 
6180 1 
6181 1 
6182 1 
6183 1 
6184 1 
6185 1 
6186 1 
6187 1 
6188 1 
6189 1 
6190 1 
6191 1 
6192 1 
6193 1 
6194 1 
6195 1 
6196 1 
6197 1 
6198 1 
6199 1 
6200 1 
6201 1 
6202 1 
6203 1 
6204 1 
6205 1 
6206 1 
6207 1 
6208 1 
6209 1 
6210 1 
6211 1 
6212 1 
6213 1 
6214 1 
6215 1 
6216 1 
6217 1 
6218 1 
6219 1 
6220 1 
6221 1 
6222 1 
6223 1 
6224 1 
6225 1 
6226 1 
6227 1 
6228 1 
6229 1 
6230 1 
6231 1 
6232 1 
6233 1 
6234 1 
6235 1 
6236 1 
6237 1 
6238 1 
6239 1 
6240 1 
6241 1 
6242 1 
6243 1 
6244 1 
6245 1 
6246 1 
6247 1 
6248 1 
6249 1 
6250 1 
6251 1 
6252 1 
6253 1 
6254 1 
6255 1 
6256 1 
6257 1 
6258 1 
6259 1 
6260 1 
6261 1 
6262 1 
6263 1 
6264 1 
6265 1 
6266 1 
6267 1 
6268 1 
6269 1 
6270 1 
6271 1 
6272 1 
6273 1 
6274 1 
6275 1 
6276 1 
6277 1 
6278 1 
6279 1 
6280 1 
6281 1 
6282 1 
6283 1 
6284 1 
6285 1 
6286 1 
6287 1 
6288 1 
6289 1 
6290 1 
6291 1 
6292 1 
6293 1 
6294 1 
6295 1 
6296 1 
6297 1 
6298 1 
6299 1 
6300 1 
6301 1 
6302 1 
6303 1 
6304 1 
6305 1 
6306 1 
6307 1 
6308 1 
6309 1 
6310 1 
6311 1 
6312 1 
6313 1 
6314 1 
6315 1 
6316 1 
6317 1 
6318 1 
6319 1 
6320 1 
6321 1 
6322 1 
6323 1 
6324 1 
6325 1 
6326 1 
6327 1 
6328 1 
6329 1 
6330 1 
6331 1 
6332 1 
6333 1 
6334 1 
6335 1 
6336 1 
6337 1 
6338 1 
6339 1 
6340 1 
6341 1 
6342 1 
6343 1 
6344 1 
6345 1 
6346 1 
6347 1 
6348 1 
6349 1 
6350 1 
6351 1 
6352 1 
6353 1 
6354 1 
6355 1 
6356 1 
6357 1 
6358 1 
6359 1 
6360 1 
6361 1 
6362 1 
6363 1 
6364 1 
6365 1 
6366 1 
6367 1 
6368 1 
6369 1 
6370 1 
6371 1 
6372 1 
6373 1 
6374 1 
6375 1 
6376 1 
6377 1 
6378 1 
6379 1 
6380 1 
6381 1 
6382 1 
6383 1 
6384 1 
6385 1 
6386 1 
6387 1 
6388 1 
6389 1 
6390 1 
6391 1 
6392 1 
6393 1 
6394 1 
6395 1 
6396 1 
6397 1 
6398 1 
6399 1 
6400 1 
6401 1 
6402 1 
6403 1 
6404 1 
6405 1 
6406 1 
6407 1 
6408 1 
6409 1 
6410 1 
6411 1 
6412 1 
6413 1 
6414 1 
6415 1 
6416 1 
6417 1 
6418 1 
6419 1 
6420 1 
6421 1 
6422 1 
6423 1 
6424 1 
6425 1 
6426 1 
6427 1 
6428 1 
6429 1 
6430 1 
6431 1 
6432 1 
6433 1 
6434 1 
6435 1 
6436 1 
6437 1 
6438 1 
6439 1 
6440 1 
6441 1 
6442 1 
6443 1 
6444 1 
6445 1 
6446 1 
6447 1 
6448 1 
6449 1 
6450 1 
6451 1 
6452 1 
6453 1 
6454 1 
6455 1 
6456 1 
6457 1 
6458 1 
6459 1 
6460 1 
6461 1 
6462 1 
6463 1 
6464 1 
6465 1 
6466 1 
6467 1 
6468 1 
6469 1 
6470 1 
6471 1 
6472 1 
6473 1 
6474 1 
6475 1 
6476 1 
6477 1 
6478 1 
6479 1 
6480 1 
6481 1 
6482 1 
6483 1 
6484 1 
6485 1 
6486 1 
6487 1 
6488 1 
6489 1 
6490 1 
6491 1 
6492 1 
6493 1 
6494 1 
6495 1 
6496 1 
6497 1 
6498 1 
6499 1 
6500 1 
6501 1 
6502 1 
6503 1 
6504 1 
6505 1 
6506 1 
6507 1 
6508 1 
6509 1 
6510 1 
6511 1 
6512 1 
6513 1 
6514 1 
6515 1 
6516 1 
6517 1 
6518 1 
6519 1 
6520 1 
6521 1 
6522 1 
6523 1 
6524 1 
6525 1 
6526 1 
6527 1 
6528 1 
6529 1 
6530 1 
6531 1 
6532 1 
6533 1 
6534 1 
6535 1 
6536 1 
6537 1 
6538 1 
6539 1 
6540 1 
6541 1 
6542 1 
6543 1 
6544 1 
6545 1 
6546 1 
6547 1 
6548 1 
6549 1 
6550 1 
6551 1 
6552 1 
6553 1 
6554 1 
6555 1 
6556 1 
6557 1 
6558 1 
6559 1 
6560 1 
6561 1 
6562 1 
6563 1 
6564 1 
6565 1 
6566 1 
6567 1 
6568 1 
6569 1 
6570 1 
6571 1 
6572 1 
6573 1 
6574 1 
6575 1 
6576 1 
6577 1 
6578 1 
6579 1 
6580 1 
6581 1 
6582 1 
6583 1 
6584 1 
6585 1 
6586 1 
6587 1 
6588 1 
6589 1 
6590 1 
6591 1 
6592 1 
6593 1 
6594 1 
6595 1 
6596 1 
6597 1 
6598 1 
6599 1 
6600 1 
6601 1 
6602 1 
6603 1 
6604 1 
6605 1 
6606 1 
6607 1 
6608 1 
6609 1 
6610 1 
6611 1 
6612 1 
6613 1 
6614 1 
6615 1 
6616 1 
6617 1 
6618 1 
6619 1 
6620 1 
6621 1 
6622 1 
6623 1 
6624 1 
6625 1 
6626 1 
6627 1 
6628 1 
6629 1 
6630 1 
6631 1 
6632 1 
6633 1 
6634 1 
6635 1 
6636 1 
6637 1 
6638 1 
6639 1 
6640 1 
6641 1 
6642 1 
6643 1 
6644 1 
6645 1 
6646 1 
6647 1 
6648 1 
6649 1 
6650 1 
6651 1 
6652 1 
6653 1 
6654 1 
6655 1 
6656 1 
6657 1 
6658 1 
6659 1 
6660 1 
6661 1 
6662 1 
6663 1 
6664 1 
6665 1 
6666 1 
6667 1 
6668 1 
6669 1 
6670 1 
6671 1 
6672 1 
6673 1 
6674 1 
6675 1 
6676 1 
6677 1 
6678 1 
6679 1 
6680 1 
6681 1 
6682 1 
6683 1 
6684 1 
6685 1 
6686 1 
6687 1 
6688 1 
6689 1 
6690 1 
6691 1 
6692 1 
6693 1 
6694 1 
6695 1 
6696 1 
6697 1 
6698 1 
6699 1 
6700 1 
6701 1 
6702 1 
6703 1 
6704 1 
6705 1 
6706 1 
6707 1 
6708 1 
6709 1 
6710 1 
6711 1 
6712 1 
6713 1 
6714 1 
6715 1 
6716 1 
6717 1 
6718 1 
6719 1 
6720 1 
6721 1 
6722 1 
6723 1 
6724 1 
6725 1 
6726 1 
6727 1 
6728 1 
6729 1 
6730 1 
6731 1 
6732 1 
6733 1 
6734 1 
6735 1 
6736 1 
6737 1 
6738 1 
6739 1 
6740 1 
6741 1 
6742 1 
6743 1 
6744 1 
6745 1 
6746 1 
6747 1 
6748 1 
6749 1 
6750 1 
6751 1 
6752 1 
6753 1 
6754 1 
6755 1 
6756 1 
6757 1 
6758 1 
6759 1 
6760 1 
6761 1 
6762 1 
6763 1 
6764 1 
6765 1 
6766 1 
6767 1 
6768 1 
6769 1 
6770 1 
6771 1 
6772 1 
6773 1 
6774 1 
6775 1 
6776 1 
6777 1 
6778 1 
6779 1 
6780 1 
6781 1 
6782 1 
6783 1 
6784 1 
6785 1 
6786 1 
6787 1 
6788 1 
6789 1 
6790 1 
6791 1 
6792 1 
6793 1 
6794 1 
6795 1 
6796 1 
6797 1 
6798 1 
6799 1 
6800 1 
6801 1 
6802 1 
6803 1 
6804 1 
6805 1 
6806 1 
6807 1 
6808 1 
6809 1 
6810 1 
6811 1 
6812 1 
6813 1 
6814 1 
6815 1 
6816 1 
6817 1 
6818 1 
6819 1 
6820 1 
6821 1 
6822 1 
6823 1 
6824 1 
6825 1 
6826 1 
6827 1 
6828 1 
6829 1 
6830 1 
6831 1 
6832 1 
6833 1 
6834 1 
6835 1 
6836 1 
6837 1 
6838 1 
6839 1 
6840 1 
6841 1 
6842 1 
6843 1 
6844 1 
6845 1 
6846 1 
6847 1 
6848 1 
6849 1 
6850 1 
6851 1 
6852 1 
6853 1 
6854 1 
6855 1 
6856 1 
6857 1 
6858 1 
6859 1 
6860 1 
6861 1 
6862 1 
6863 1 
6864 1 
6865 1 
6866 1 
6867 1 
6868 1 
6869 1 
6870 1 
6871 1 
6872 1 
6873 1 
6874 1 
6875 1 
6876 1 
6877 1 
6878 1 
6879 1 
6880 1 
6881 1 
6882 1 
6883 1 
6884 1 
6885 1 
6886 1 
6887 1 
6888 1 
6889 1 
6890 1 
6891 1 
6892 1 
6893 1 
6894 1 
6895 1 
6896 1 
6897 1 
6898 1 
6899 1 
6900 1 
6901 1 
6902 1 
6903 1 
6904 1 
6905 1 
6906 1 
6907 1 
6908 1 
6909 1 
6910 1 
6911 1 
6912 1 
6913 1 
6914 1 
6915 1 
6916 1 
6917 1 
6918 1 
6919 1 
6920 1 
6921 1 
6922 1 
6923 1 
6924 1 
6925 1 
6926 1 
6927 1 
6928 1 
6929 1 
6930 1 
6931 1 
6932 1 
6933 1 
6934 1 
6935 1 
6936 1 
6937 1 
6938 1 
6939 1 
6940 1 
6941 1 
6942 1 
6943 1 
6944 1 
6945 1 
6946 1 
6947 1 
6948 1 
6949 1 
6950 1 
6951 1 
6952 1 
6953 1 
6954 1 
6955 1 
6956 1 
6957 1 
6958 1 
6959 1 
6960 1 
6961 1 
6962 1 
6963 1 
6964 1 
6965 1 
6966 1 
6967 1 
6968 1 
6969 1 
6970 1 
6971 1 
6972 1 
6973 1 
6974 1 
6975 1 
6976 1 
6977 1 
6978 1 
6979 1 
6980 1 
6981 1 
6982 1 
6983 1 
6984 1 
6985 1 
6986 1 
6987 1 
6988 1 
6989 1 
6990 1 
6991 1 
6992 1 
6993 1 
6994 1 
6995 1 
6996 1 
6997 1 
6998 1 
6999 1 
7000 1 
7001 1 
7002 1 
7003 1 
7004 1 
7005 1 
7006 1 
7007 1 
7008 1 
7009 1 
7010 1 
7011 1 
7012 1 
7013 1 
7014 1 
7015 1 
7016 1 
7017 1 
7018 1 
7019 1 
7020 1 
7021 1 
7022 1 
7023 1 
7024 1 
7025 1 
7026 1 
7027 1 
7028 1 
7029 1 
7030 1 
7031 1 
7032 1 
7033 1 
7034 1 
7035 1 
7036 1 
7037 1 
7038 1 
7039 1 
7040 1 
7041 1 
7042 1 
7043 1 
7044 1 
7045 1 
7046 1 
7047 1 
7048 1 
7049 1 
7050 1 
7051 1 
7052 1 
7053 1 
7054 1 
7055 1 
7056 1 
7057 1 
7058 1 
7059 1 
7060 1 
7061 1 
7062 1 
7063 1 
7064 1 
7065 1 
7066 1 
7067 1 
7068 1 
7069 1 
7070 1 
7071 1 
7072 1 
7073 1 
7074 1 
7075 1 
7076 1 
7077 1 
7078 1 
7079 1 
7080 1 
7081 1 
7082 1 
7083 1 
7084 1 
7085 1 
7086 1 
7087 1 
7088 1 
7089 1 
7090 1 
7091 1 
7092 1 
7093 1 
7094 1 
7095 1 
7096 1 
7097 1 
7098 1 
7099 1 
7100 1 
7101 1 
7102 1 
7103 1 
7104 1 
7105 1 
7106 1 
7107 1 
7108 1 
7109 1 
7110 1 
7111 1 
7112 1 
7113 1 
7114 1 
7115 1 
7116 1 
7117 1 
7118 1 
7119 1 
7120 1 
7121 1 
7122 1 
7123 1 
7124 1 
7125 1 
7126 1 
7127 1 
7128 1 
7129 1 
7130 1 
7131 1 
7132 1 
7133 1 
7134 1 
7135 1 
7136 1 
7137 1 
7138 1 
7139 1 
7140 1 
7141 1 
7142 1 
7143 1 
7144 1 
7145 1 
7146 1 
7147 1 
7148 1 
7149 1 
7150 1 
7151 1 
7152 1 
7153 1 
7154 1 
7155 1 
7156 1 
7157 1 
7158 1 
7159 1 
7160 1 
7161 1 
7162 1 
7163 1 
7164 1 
7165 1 
7166 1 
7167 1 
7168 1 
7169 1 
7170 1 
7171 1 
7172 1 
7173 1 
7174 1 
7175 1 
7176 1 
7177 1 
7178 1 
7179 1 
7180 1 
7181 1 
7182 1 
7183 1 
7184 1 
7185 1 
7186 1 
7187 1 
7188 1 
7189 1 
7190 1 
7191 1 
7192 1 
7193 1 
7194 1 
7195 1 
7196 1 
7197 1 
7198 1 
7199 1 
7200 1 
7201 1 
7202 1 
7203 1 
7204 1 
7205 1 
7206 1 
7207 1 
7208 1 
7209 1 
7210 1 
7211 1 
7212 1 
7213 1 
7214 1 
7215 1 
7216 1 
7217 1 
7218 1 
7219 1 
7220 1 
7221 1 
7222 1 
7223 1 
7224 1 
7225 1 
7226 1 
7227 1 
7228 1 
7229 1 
7230 1 
7231 1 
7232 1 
7233 1 
7234 1 
7235 1 
7236 1 
7237 1 
7238 1 
7239 1 
7240 1 
7241 1 
7242 1 
7243 1 
7244 1 
7245 1 
7246 1 
7247 1 
7248 1 
7249 1 
7250 1 
7251 1 
7252 1 
7253 1 
7254 1 
7255 1 
7256 1 
7257 1 
7258 1 
7259 1 
7260 1 
7261 1 
7262 1 
7263 1 
7264 1 
7265 1 
7266 1 
7267 1 
7268 1 
7269 1 
7270 1 
7271 1 
7272 1 
7273 1 
7274 1 
7275 1 
7276 1 
7277 1 
7278 1 
7279 1 
7280 1 
7281 1 
7282 1 
7283 1 
7284 1 
7285 1 
7286 1 
7287 1 
7288 1 
7289 1 
7290 1 
7291 1 
7292 1 
7293 1 
7294 1 
7295 1 
7296 1 
7297 1 
7298 1 
7299 1 
7300 1 
7301 1 
7302 1 
7303 1 
7304 1 
7305 1 
7306 1 
7307 1 
7308 1 
7309 1 
7310 1 
7311 1 
7312 1 
7313 1 
7314 1 
7315 1 
7316 1 
7317 1 
7318 1 
7319 1 
7320 1 
7321 1 
7322 1 
7323 1 
7324 1 
7325 1 
7326 1 
7327 1 
7328 1 
7329 1 
7330 1 
7331 1 
7332 1 
7333 1 
7334 1 
7335 1 
7336 1 
7337 1 
7338 1 
7339 1 
7340 1 
7341 1 
7342 1 
7343 1 
7344 1 
7345 1 
7346 1 
7347 1 
7348 1 
7349 1 
7350 1 
7351 1 
7352 1 
7353 1 
7354 1 
7355 1 
7356 1 
7357 1 
7358 1 
7359 1 
7360 1 
7361 1 
7362 1 
7363 1 
7364 1 
7365 1 
7366 1 
7367 1 
7368 1 
7369 1 
7370 1 
7371 1 
7372 1 
7373 1 
7374 1 
7375 1 
7376 1 
7377 1 
7378 1 
7379 1 
7380 1 
7381 1 
7382 1 
7383 1 
7384 1 
7385 1 
7386 1 
7387 1 
7388 1 
7389 1 
7390 1 
7391 1 
7392 1 
7393 1 
7394 1 
7395 1 
7396 1 
7397 1 
7398 1 
7399 1 
7400 1 
7401 1 
7402 1 
7403 1 
7404 1 
7405 1 
7406 1 
7407 1 
7408 1 
7409 1 
7410 1 
7411 1 
7412 1 
7413 1 
7414 1 
7415 1 
7416 1 
7417 1 
7418 1 
7419 1 
7420 1 
7421 1 
7422 1 
7423 1 
7424 1 
7425 1 
7426 1 
7427 1 
7428 1 
7429 1 
7430 1 
7431 1 
7432 1 
7433 1 
7434 1 
7435 1 
7436 1 
7437 1 
7438 1 
7439 1 
7440 1 
7441 1 
7442 1 
7443 1 
7444 1 
7445 1 
7446 1 
7447 1 
7448 1 
7449 1 
7450 1 
7451 1 
7452 1 
7453 1 
7454 1 
7455 1 
7456 1 
7457 1 
7458 1 
7459 1 
7460 1 
7461 1 
7462 1 
7463 1 
7464 1 
7465 1 
7466 1 
7467 1 
7468 1 
7469 1 
7470 1 
7471 1 
7472 1 
7473 1 
7474 1 
7475 1 
7476 1 
7477 1 
7478 1 
7479 1 
7480 1 
7481 1 
7482 1 
7483 1 
7484 1 
7485 1 
7486 1 
7487 1 
7488 1 
7489 1 
7490 1 
7491 1 
7492 1 
7493 1 
7494 1 
7495 1 
7496 1 
7497 1 
7498 1 
7499 1 
7500 1 
7501 1 
7502 1 
7503 1 
7504 1 
7505 1 
7506 1 
7507 1 
7508 1 
7509 1 
7510 1 
7511 1 
7512 1 
7513 1 
7514 1 
7515 1 
7516 1 
7517 1 
7518 1 
7519 1 
7520 1 
7521 1 
7522 1 
7523 1 
7524 1 
7525 1 
7526 1 
7527 1 
7528 1 
7529 1 
7530 1 
7531 1 
7532 1 
7533 1 
7534 1 
7535 1 
7536 1 
7537 1 
7538 1 
7539 1 
7540 1 
7541 1 
7542 1 
7543 1 
7544 1 
7545 1 
7546 1 
7547 1 
7548 1 
7549 1 
7550 1 
7551 1 
7552 1 
7553 1 
7554 1 
7555 1 
7556 1 
7557 1 
7558 1 
7559 1 
7560 1 
7561 1 
7562 1 
7563 1 
7564 1 
7565 1 
7566 1 
7567 1 
7568 1 
7569 1 
7570 1 
7571 1 
7572 1 
7573 1 
7574 1 
7575 1 
7576 1 
7577 1 
7578 1 
7579 1 
7580 1 
7581 1 
7582 1 
7583 1 
7584 1 
7585 1 
7586 1 
7587 1 
7588 1 
7589 1 
7590 1 
7591 1 
7592 1 
7593 1 
7594 1 
7595 1 
7596 1 
7597 1 
7598 1 
7599 1 
7600 1 
7601 1 
7602 1 
7603 1 
7604 1 
7605 1 
7606 1 
7607 1 
7608 1 
7609 1 
7610 1 
7611 1 
7612 1 
7613 1 
7614 1 
7615 1 
7616 1 
7617 1 
7618 1 
7619 1 
7620 1 
7621 1 
7622 1 
7623 1 
7624 1 
7625 1 
7626 1 
7627 1 
7628 1 
7629 1 
7630 1 
7631 1 
7632 1 
7633 1 
7634 1 
7635 1 
7636 1 
7637 1 
7638 1 
7639 1 
7640 1 
7641 1 
7642 1 
7643 1 
7644 1 
7645 1 
7646 1 
7647 1 
7648 1 
7649 1 
7650 1 
7651 1 
7652 1 
7653 1 
7654 1 
7655 1 
7656 1 
7657 1 
7658 1 
7659 1 
7660 1 
7661 1 
7662 1 
7663 1 
7664 1 
7665 1 
7666 1 
7667 1 
7668 1 
7669 1 
7670 1 
7671 1 
7672 1 
7673 1 
7674 1 
7675 1 
7676 1 
7677 1 
7678 1 
7679 1 
7680 1 
7681 1 
7682 1 
7683 1 
7684 1 
7685 1 
7686 1 
7687 1 
7688 1 
7689 1 
7690 1 
7691 1 
7692 1 
7693 1 
7694 1 
7695 1 
7696 1 
7697 1 
7698 1 
7699 1 
7700 1 
7701 1 
7702 1 
7703 1 
7704 1 
7705 1 
7706 1 
7707 1 
7708 1 
7709 1 
7710 1 
7711 1 
7712 1 
7713 1 
7714 1 
7715 1 
7716 1 
7717 1 
7718 1 
7719 1 
7720 1 
7721 1 
7722 1 
7723 1 
7724 1 
7725 1 
7726 1 
7727 1 
7728 1 
7729 1 
7730 1 
7731 1 
7732 1 
7733 1 
7734 1 
7735 1 
7736 1 
7737 1 
7738 1 
7739 1 
7740 1 
7741 1 
7742 1 
7743 1 
7744 1 
7745 1 
7746 1 
7747 1 
7748 1 
7749 1 
7750 1 
7751 1 
7752 1 
7753 1 
7754 1 
7755 1 
7756 1 
7757 1 
7758 1 
7759 1 
7760 1 
7761 1 
7762 1 
7763 1 
7764 1 
7765 1 
7766 1 
7767 1 
7768 1 
7769 1 
7770 1 
7771 1 
7772 1 
7773 1 
7774 1 
7775 1 
7776 1 
7777 1 
7778 1 
7779 1 
7780 1 
7781 1 
7782 1 
7783 1 
7784 1 
7785 1 
7786 1 
7787 1 
7788 1 
7789 1 
7790 1 
7791 1 
7792 1 
7793 1 
7794 1 
7795 1 
7796 1 
7797 1 
7798 1 
7799 1 
7800 1 
7801 1 
7802 1 
7803 1 
7804 1 
7805 1 
7806 1 
7807 1 
7808 1 
7809 1 
7810 1 
7811 1 
7812 1 
7813 1 
7814 1 
7815 1 
7816 1 
7817 1 
7818 1 
7819 1 
7820 1 
7821 1 
7822 1 
7823 1 
7824 1 
7825 1 
7826 1 
7827 1 
7828 1 
7829 1 
7830 1 
7831 1 
7832 1 
7833 1 
7834 1 
7835 1 
7836 1 
7837 1 
7838 1 
7839 1 
7840 1 
7841 1 
7842 1 
7843 1 
7844 1 
7845 1 
7846 1 
7847 1 
7848 1 
7849 1 
7850 1 
7851 1 
7852 1 
7853 1 
7854 1 
7855 1 
7856 1 
7857 1 
7858 1 
7859 1 
7860 1 
7861 1 
7862 1 
7863 1 
7864 1 
7865 1 
7866 1 
7867 1 
7868 1 
7869 1 
7870 1 
7871 1 
7872 1 
7873 1 
7874 1 
7875 1 
7876 1 
7877 1 
7878 1 
7879 1 
7880 1 
7881 1 
7882 1 
7883 1 
7884 1 
7885 1 
7886 1 
7887 1 
7888 1 
7889 1 
7890 1 
7891 1 
7892 1 
7893 1 
7894 1 
7895 1 
7896 1 
7897 1 
7898 1 
7899 1 
7900 1 
7901 1 
7902 1 
7903 1 
7904 1 
7905 1 
7906 1 
7907 1 
7908 1 
7909 1 
7910 1 
7911 1 
7912 1 
7913 1 
7914 1 
7915 1 
7916 1 
7917 1 
7918 1 
7919 1 
7920 1 
7921 1 
7922 1 
7923 1 
7924 1 
7925 1 
7926 1 
7927 1 
7928 1 
7929 1 
7930 1 
7931 1 
7932 1 
7933 1 
7934 1 
7935 1 
7936 1 
7937 1 
7938 1 
7939 1 
7940 1 
7941 1 
7942 1 
7943 1 
7944 1 
7945 1 
7946 1 
7947 1 
7948 1 
7949 1 
7950 1 
7951 1 
7952 1 
7953 1 
7954 1 
7955 1 
7956 1 
7957 1 
7958 1 
7959 1 
7960 1 
7961 1 
7962 1 
7963 1 
7964 1 
7965 1 
7966 1 
7967 1 
7968 1 
7969 1 
7970 1 
7971 1 
7972 1 
7973 1 
7974 1 
7975 1 
7976 1 
7977 1 
7978 1 
7979 1 
7980 1 
7981 1 
7982 1 
7983 1 
7984 1 
7985 1 
7986 1 
7987 1 
7988 1 
7989 1 
7990 1 
7991 1 
7992 1 
7993 1 
7994 1 
7995 1 
7996 1 
7997 1 
7998 1 
7999 1 
8000 1 
8001 1 
8002 1 
8003 1 
8004 1 
8005 1 
8006 1 
8007 1 
8008 1 
8009 1 
8010 1 
8011 1 
8012 1 
8013 1 
8014 1 
8015 1 
8016 1 
8017 1 
8018 1 
8019 1 
8020 1 
8021 1 
8022 1 
8023 1 
8024 1 
8025 1 
8026 1 
8027 1 
8028 1 
8029 1 
8030 1 
8031 1 
8032 1 
8033 1 
8034 1 
8035 1 
8036 1 
8037 1 
8038 1 
8039 1 
8040 1 
8041 1 
8042 1 
8043 1 
8044 1 
8045 1 
8046 1 
8047 1 
8048 1 
8049 1 
8050 1 
8051 1 
8052 1 
8053 1 
8054 1 
8055 1 
8056 1 
8057 1 
8058 1 
8059 1 
8060 1 
8061 1 
8062 1 
8063 1 
8064 1 
8065 1 
8066 1 
8067 1 
8068 1 
8069 1 
8070 1 
8071 1 
8072 1 
8073 1 
8074 1 
8075 1 
8076 1 
8077 1 
8078 1 
8079 1 
8080 1 
8081 1 
8082 1 
8083 1 
8084 1 
8085 1 
8086 1 
8087 1 
8088 1 
8089 1 
8090 1 
8091 1 
8092 1 
8093 1 
8094 1 
8095 1 
8096 1 
8097 1 
8098 1 
8099 1 
8100 1 
8101 1 
8102 1 
8103 1 
8104 1 
8105 1 
8106 1 
8107 1 
8108 1 
8109 1 
8110 1 
8111 1 
8112 1 
8113 1 
8114 1 
8115 1 
8116 1 
8117 1 
8118 1 
8119 1 
8120 1 
8121 1 
8122 1 
8123 1 
8124 1 
8125 1 
8126 1 
8127 1 
8128 1 
8129 1 
8130 1 
8131 1 
8132 1 
8133 1 
8134 1 
8135 1 
8136 1 
8137 1 
8138 1 
8139 1 
8140 1 
8141 1 
8142 1 
8143 1 
8144 1 
8145 1 
8146 1 
8147 1 
8148 1 
8149 1 
8150 1 
8151 1 
8152 1 
8153 1 
8154 1 
8155 1 
8156 1 
8157 1 
8158 1 
8159 1 
8160 1 
8161 1 
8162 1 
8163 1 
8164 1 
8165 1 
8166 1 
8167 1 
8168 1 
8169 1 
8170 1 
8171 1 
8172 1 
8173 1 
8174 1 
8175 1 
8176 1 
8177 1 
8178 1 
8179 1 
8180 1 
8181 1 
8182 1 
8183 1 
8184 1 
8185 1 
8186 1 
8187 1 
8188 1 
8189 1 
8190 1 
8191 1 
8192 1 
8193 1 
8194 1 
8195 1 
8196 1 
8197 1 
8198 1 
8199 1 
8200 1 
8201 1 
8202 1 
8203 1 
8204 1 
8205 1 
8206 1 
8207 1 
8208 1 
8209 1 
8210 1 
8211 1 
8212 1 
8213 1 
8214 1 
8215 1 
8216 1 
8217 1 
8218 1 
8219 1 
8220 1 
8221 1 
8222 1 
8223 1 
8224 1 
8225 1 
8226 1 
8227 1 
8228 1 
8229 1 
8230 1 
8231 1 
8232 1 
8233 1 
8234 1 
8235 1 
8236 1 
8237 1 
8238 1 
8239 1 
8240 1 
8241 1 
8242 1 
8243 1 
8244 1 
8245 1 
8246 1 
8247 1 
8248 1 
8249 1 
8250 1 
8251 1 
8252 1 
8253 1 
8254 1 
8255 1 
8256 1 
8257 1 
8258 1 
8259 1 
8260 1 
8261 1 
8262 1 
8263 1 
8264 1 
8265 1 
8266 1 
8267 1 
8268 1 
8269 1 
8270 1 
8271 1 
8272 1 
8273 1 
8274 1 
8275 1 
8276 1 
8277 1 
8278 1 
8279 1 
8280 1 
8281 1 
8282 1 
8283 1 
8284 1 
8285 1 
8286 1 
8287 1 
8288 1 
8289 1 
8290 1 
8291 1 
8292 1 
8293 1 
8294 1 
8295 1 
8296 1 
8297 1 
8298 1 
8299 1 
8300 1 
8301 1 
8302 1 
8303 1 
8304 1 
8305 1 
8306 1 
8307 1 
8308 1 
8309 1 
8310 1 
8311 1 
8312 1 
8313 1 
8314 1 
8315 1 
8316 1 
8317 1 
8318 1 
8319 1 
8320 1 
8321 1 
8322 1 
8323 1 
8324 1 
8325 1 
8326 1 
8327 1 
8328 1 
8329 1 
8330 1 
8331 1 
8332 1 
8333 1 
8334 1 
8335 1 
8336 1 
8337 1 
8338 1 
8339 1 
8340 1 
8341 1 
8342 1 
8343 1 
8344 1 
8345 1 
8346 1 
8347 1 
8348 1 
8349 1 
8350 1 
8351 1 
8352 1 
8353 1 
8354 1 
8355 1 
8356 1 
8357 1 
8358 1 
8359 1 
8360 1 
8361 1 
8362 1 
8363 1 
8364 1 
8365 1 
8366 1 
8367 1 
8368 1 
8369 1 
8370 1 
8371 1 
8372 1 
8373 1 
8374 1 
8375 1 
8376 1 
8377 1 
8378 1 
8379 1 
8380 1 
8381 1 
8382 1 
8383 1 
8384 1 
8385 1 
8386 1 
8387 1 
8388 1 
8389 1 
8390 1 
8391 1 
8392 1 
8393 1 
8394 1 
8395 1 
8396 1 
8397 1 
8398 1 
8399 1 
8400 1 
8401 1 
8402 1 
8403 1 
8404 1 
8405 1 
8406 1 
8407 1 
8408 1 
8409 1 
8410 1 
8411 1 
8412 1 
8413 1 
8414 1 
8415 1 
8416 1 
8417 1 
8418 1 
8419 1 
8420 1 
8421 1 
8422 1 
8423 1 
8424 1 
8425 1 
8426 1 
8427 1 
8428 1 
8429 1 
8430 1 
8431 1 
8432 1 
8433 1 
8434 1 
8435 1 
8436 1 
8437 1 
8438 1 
8439 1 
8440 1 
8441 1 
8442 1 
8443 1 
8444 1 
8445 1 
8446 1 
8447 1 
8448 1 
8449 1 
8450 1 
8451 1 
8452 1 
8453 1 
8454 1 
8455 1 
8456 1 
8457 1 
8458 1 
8459 1 
8460 1 
8461 1 
8462 1 
8463 1 
8464 1 
8465 1 
8466 1 
8467 1 
8468 1 
8469 1 
8470 1 
8471 1 
8472 1 
8473 1 
8474 1 
8475 1 
8476 1 
8477 1 
8478 1 
8479 1 
8480 1 
8481 1 
8482 1 
8483 1 
8484 1 
8485 1 
8486 1 
8487 1 
8488 1 
8489 1 
8490 1 
8491 1 
8492 1 
8493 1 
8494 1 
8495 1 
8496 1 
8497 1 
8498 1 
8499 1 
8500 1 
8501 1 
8502 1 
8503 1 
8504 1 
8505 1 
8506 1 
8507 1 
8508 1 
8509 1 
8510 1 
8511 1 
8512 1 
8513 1 
8514 1 
8515 1 
8516 1 
8517 1 
8518 1 
8519 1 
8520 1 
8521 1 
8522 1 
8523 1 
8524 1 
8525 1 
8526 1 
8527 1 
8528 1 
8529 1 
8530 1 
8531 1 
8532 1 
8533 1 
8534 1 
8535 1 
8536 1 
8537 1 
8538 1 
8539 1 
8540 1 
8541 1 
8542 1 
8543 1 
8544 1 
8545 1 
8546 1 
8547 1 
8548 1 
8549 1 
8550 1 
8551 1 
8552 1 
8553 1 
8554 1 
8555 1 
8556 1 
8557 1 
8558 1 
8559 1 
8560 1 
8561 1 
8562 1 
8563 1 
8564 1 
8565 1 
8566 1 
8567 1 
8568 1 
8569 1 
8570 1 
8571 1 
8572 1 
8573 1 
8574 1 
8575 1 
8576 1 
8577 1 
8578 1 
8579 1 
8580 1 
8581 1 
8582 1 
8583 1 
8584 1 
8585 1 
8586 1 
8587 1 
8588 1 
8589 1 
8590 1 
8591 1 
8592 1 
8593 1 
8594 1 
8595 1 
8596 1 
8597 1 
8598 1 
8599 1 
8600 1 
8601 1 
8602 1 
8603 1 
8604 1 
8605 1 
8606 1 
8607 1 
8608 1 
8609 1 
8610 1 
8611 1 
8612 1 
8613 1 
8614 1 
8615 1 
8616 1 
8617 1 
8618 1 
8619 1 
8620 1 
8621 1 
8622 1 
8623 1 
8624 1 
8625 1 
8626 1 
8627 1 
8628 1 
8629 1 
8630 1 
8631 1 
8632 1 
8633 1 
8634 1 
8635 1 
8636 1 
8637 1 
8638 1 
8639 1 
8640 1 
8641 1 
8642 1 
8643 1 
8644 1 
8645 1 
8646 1 
8647 1 
8648 1 
8649 1 
8650 1 
8651 1 
8652 1 
8653 1 
8654 1 
8655 1 
8656 1 
8657 1 
8658 1 
8659 1 
8660 1 
8661 1 
8662 1 
8663 1 
8664 1 
8665 1 
8666 1 
8667 1 
8668 1 
8669 1 
8670 1 
8671 1 
8672 1 
8673 1 
8674 1 
8675 1 
8676 1 
8677 1 
8678 1 
8679 1 
8680 1 
8681 1 
8682 1 
8683 1 
8684 1 
8685 1 
8686 1 
8687 1 
8688 1 
8689 1 
8690 1 
8691 1 
8692 1 
8693 1 
8694 1 
8695 1 
8696 1 
8697 1 
8698 1 
8699 1 
8700 1 
8701 1 
8702 1 
8703 1 
8704 1 
8705 1 
8706 1 
8707 1 
8708 1 
8709 1 
8710 1 
8711 1 
8712 1 
8713 1 
8714 1 
8715 1 
8716 1 
8717 1 
8718 1 
8719 1 
8720 1 
8721 1 
8722 1 
8723 1 
8724 1 
8725 1 
8726 1 
8727 1 
8728 1 
8729 1 
8730 1 
8731 1 
8732 1 
8733 1 
8734 1 
8735 1 
8736 1 
8737 1 
8738 1 
8739 1 
8740 1 
8741 1 
8742 1 
8743 1 
8744 1 
8745 1 
8746 1 
8747 1 
8748 1 
8749 1 
8750 1 
8751 1 
8752 1 
8753 1 
8754 1 
8755 1 
8756 1 
8757 1 
8758 1 
8759 1 
8760 1 
8761 1 
8762 1 
8763 1 
8764 1 
8765 1 
8766 1 
8767 1 
8768 1 
8769 1 
8770 1 
8771 1 
8772 1 
8773 1 
8774 1 
8775 1 
8776 1 
8777 1 
8778 1 
8779 1 
8780 1 
8781 1 
8782 1 
8783 1 
8784 1 
8785 1 
8786 1 
8787 1 
8788 1 
8789 1 
8790 1 
8791 1 
8792 1 
8793 1 
8794 1 
8795 1 
8796 1 
8797 1 
8798 1 
8799 1 
8800 1 
8801 1 
8802 1 
8803 1 
8804 1 
8805 1 
8806 1 
8807 1 
8808 1 
8809 1 
8810 1 
8811 1 
8812 1 
8813 1 
8814 1 
8815 1 
8816 1 
8817 1 
8818 1 
8819 1 
8820 1 
8821 1 
8822 1 
8823 1 
8824 1 
8825 1 
8826 1 
8827 1 
8828 1 
8829 1 
8830 1 
8831 1 
8832 1 
8833 1 
8834 1 
8835 1 
8836 1 
8837 1 
8838 1 
8839 1 
8840 1 
8841 1 
8842 1 
8843 1 
8844 1 
8845 1 
8846 1 
8847 1 
8848 1 
8849 1 
8850 1 
8851 1 
8852 1 
8853 1 
8854 1 
8855 1 
8856 1 
8857 1 
8858 1 
8859 1 
8860 1 
8861 1 
8862 1 
8863 1 
8864 1 
8865 1 
8866 1 
8867 1 
8868 1 
8869 1 
8870 1 
8871 1 
8872 1 
8873 1 
8874 1 
8875 1 
8876 1 
8877 1 
8878 1 
8879 1 
8880 1 
8881 1 
8882 1 
8883 1 
8884 1 
8885 1 
8886 1 
8887 1 
8888 1 
8889 1 
8890 1 
8891 1 
8892 1 
8893 1 
8894 1 
8895 1 
8896 1 
8897 1 
8898 1 
8899 1 
8900 1 
8901 1 
8902 1 
8903 1 
8904 1 
8905 1 
8906 1 
8907 1 
8908 1 
8909 1 
8910 1 
8911 1 
8912 1 
8913 1 
8914 1 
8915 1 
8916 1 
8917 1 
8918 1 
8919 1 
8920 1 
8921 1 
8922 1 
8923 1 
8924 1 
8925 1 
8926 1 
8927 1 
8928 1 
8929 1 
8930 1 
8931 1 
8932 1 
8933 1 
8934 1 
8935 1 
8936 1 
8937 1 
8938 1 
8939 1 
8940 1 
8941 1 
8942 1 
8943 1 
8944 1 
8945 1 
8946 1 
8947 1 
8948 1 
8949 1 
8950 1 
8951 1 
8952 1 
8953 1 
8954 1 
8955 1 
8956 1 
8957 1 
8958 1 
8959 1 
8960 1 
8961 1 
8962 1 
8963 1 
8964 1 
8965 1 
8966 1 
8967 1 
8968 1 
8969 1 
8970 1 
8971 1 
8972 1 
8973 1 
8974 1 
8975 1 
8976 1 
8977 1 
8978 1 
8979 1 
8980 1 
8981 1 
8982 1 
8983 1 
8984 1 
8985 1 
8986 1 
8987 1 
8988 1 
8989 1 
8990 1 
8991 1 
8992 1 
8993 1 
8994 1 
8995 1 
8996 1 
8997 1 
8998 1 
8999 1 
9000 1 
9001 1 
9002 1 
9003 1 
9004 1 
9005 1 
9006 1 
9007 1 
9008 1 
9009 1 
9010 1 
9011 1 
9012 1 
9013 1 
9014 1 
9015 1 
9016 1 
9017 1 
9018 1 
9019 1 
9020 1 
9021 1 
9022 1 
9023 1 
9024 1 
9025 1 
9026 1 
9027 1 
9028 1 
9029 1 
9030 1 
9031 1 
9032 1 
9033 1 
9034 1 
9035 1 
9036 1 
9037 1 
9038 1 
9039 1 
9040 1 
9041 1 
9042 1 
9043 1 
9044 1 
9045 1 
9046 1 
9047 1 
9048 1 
9049 1 
9050 1 
9051 1 
9052 1 
9053 1 
9054 1 
9055 1 
9056 1 
9057 1 
9058 1 
9059 1 
9060 1 
9061 1 
9062 1 
9063 1 
9064 1 
9065 1 
9066 1 
9067 1 
9068 1 
9069 1 
9070 1 
9071 1 
9072 1 
9073 1 
9074 1 
9075 1 
9076 1 
9077 1 
9078 1 
9079 1 
9080 1 
9081 1 
9082 1 
9083 1 
9084 1 
9085 1 
9086 1 
9087 1 
9088 1 
9089 1 
9090 1 
9091 1 
9092 1 
9093 1 
9094 1 
9095 1 
9096 1 
9097 1 
9098 1 
9099 1 
9100 1 
9101 1 
9102 1 
9103 1 
9104 1 
9105 1 
9106 1 
9107 1 
9108 1 
9109 1 
9110 1 
9111 1 
9112 1 
9113 1 
9114 1 
9115 1 
9116 1 
9117 1 
9118 1 
9119 1 
9120 1 
9121 1 
9122 1 
9123 1 
9124 1 
9125 1 
9126 1 
9127 1 
9128 1 
9129 1 
9130 1 
9131 1 
9132 1 
9133 1 
9134 1 
9135 1 
9136 1 
9137 1 
9138 1 
9139 1 
9140 1 
9141 1 
9142 1 
9143 1 
9144 1 
9145 1 
9146 1 
9147 1 
9148 1 
9149 1 
9150 1 
9151 1 
9152 1 
9153 1 
9154 1 
9155 1 
9156 1 
9157 1 
9158 1 
9159 1 
9160 1 
9161 1 
9162 1 
9163 1 
9164 1 
9165 1 
9166 1 
9167 1 
9168 1 
9169 1 
9170 1 
9171 1 
9172 1 
9173 1 
9174 1 
9175 1 
9176 1 
9177 1 
9178 1 
9179 1 
9180 1 
9181 1 
9182 1 
9183 1 
9184 1 
9185 1 
9186 1 
9187 1 
9188 1 
9189 1 
9190 1 
9191 1 
9192 1 
9193 1 
9194 1 
9195 1 
9196 1 
9197 1 
9198 1 
9199 1 
9200 1 
9201 1 
9202 1 
9203 1 
9204 1 
9205 1 
9206 1 
9207 1 
9208 1 
9209 1 
9210 1 
9211 1 
9212 1 
9213 1 
9214 1 
9215 1 
9216 1 
9217 1 
9218 1 
9219 1 
9220 1 
9221 1 
9222 1 
9223 1 
9224 1 
9225 1 
9226 1 
9227 1 
9228 1 
9229 1 
9230 1 
9231 1 
9232 1 
9233 1 
9234 1 
9235 1 
9236 1 
9237 1 
9238 1 
9239 1 
9240 1 
9241 1 
9242 1 
9243 1 
9244 1 
9245 1 
9246 1 
9247 1 
9248 1 
9249 1 
9250 1 
9251 1 
9252 1 
9253 1 
9254 1 
9255 1 
9256 1 
9257 1 
9258 1 
9259 1 
9260 1 
9261 1 
9262 1 
9263 1 
9264 1 
9265 1 
9266 1 
9267 1 
9268 1 
9269 1 
9270 1 
9271 1 
9272 1 
9273 1 
9274 1 
9275 1 
9276 1 
9277 1 
9278 1 
9279 1 
9280 1 
9281 1 
9282 1 
9283 1 
9284 1 
9285 1 
9286 1 
9287 1 
9288 1 
9289 1 
9290 1 
9291 1 
9292 1 
9293 1 
9294 1 
9295 1 
9296 1 
9297 1 
9298 1 
9299 1 
9300 1 
9301 1 
9302 1 
9303 1 
9304 1 
9305 1 
9306 1 
9307 1 
9308 1 
9309 1 
9310 1 
9311 1 
9312 1 
9313 1 
9314 1 
9315 1 
9316 1 
9317 1 
9318 1 
9319 1 
9320 1 
9321 1 
9322 1 
9323 1 
9324 1 
9325 1 
9326 1 
9327 1 
9328 1 
9329 1 
9330 1 
9331 1 
9332 1 
9333 1 
9334 1 
9335 1 
9336 1 
9337 1 
9338 1 
9339 1 
9340 1 
9341 1 
9342 1 
9343 1 
9344 1 
9345 1 
9346 1 
9347 1 
9348 1 
9349 1 
9350 1 
9351 1 
9352 1 
9353 1 
9354 1 
9355 1 
9356 1 
9357 1 
9358 1 
9359 1 
9360 1 
9361 1 
9362 1 
9363 1 
9364 1 
9365 1 
9366 1 
9367 1 
9368 1 
9369 1 
9370 1 
9371 1 
9372 1 
9373 1 
9374 1 
9375 1 
9376 1 
9377 1 
9378 1 
9379 1 
9380 1 
9381 1 
9382 1 
9383 1 
9384 1 
9385 1 
9386 1 
9387 1 
9388 1 
9389 1 
9390 1 
9391 1 
9392 1 
9393 1 
9394 1 
9395 1 
9396 1 
9397 1 
9398 1 
9399 1 
9400 1 
9401 1 
9402 1 
9403 1 
9404 1 
9405 1 
9406 1 
9407 1 
9408 1 
9409 1 
9410 1 
9411 1 
9412 1 
9413 1 
9414 1 
9415 1 
9416 1 
9417 1 
9418 1 
9419 1 
9420 1 
9421 1 
9422 1 
9423 1 
9424 1 
9425 1 
9426 1 
9427 1 
9428 1 
9429 1 
9430 1 
9431 1 
9432 1 
9433 1 
9434 1 
9435 1 
9436 1 
9437 1 
9438 1 
9439 1 
9440 1 
9441 1 
9442 1 
9443 1 
9444 1 
9445 1 
9446 1 
9447 1 
9448 1 
9449 1 
9450 1 
9451 1 
9452 1 
9453 1 
9454 1 
9455 1 
9456 1 
9457 1 
9458 1 
9459 1 
9460 1 
9461 1 
9462 1 
9463 1 
9464 1 
9465 1 
9466 1 
9467 1 
9468 1 
9469 1 
9470 1 
9471 1 
9472 1 
9473 1 
9474 1 
9475 1 
9476 1 
9477 1 
9478 1 
9479 1 
9480 1 
9481 1 
9482 1 
9483 1 
9484 1 
9485 1 
9486 1 
9487 1 
9488 1 
9489 1 
9490 1 
9491 1 
9492 1 
9493 1 
9494 1 
9495 1 
9496 1 
9497 1 
9498 1 
9499 1 
9500 1 
9501 1 
9502 1 
9503 1 
9504 1 
9505 1 
9506 1 
9507 1 
9508 1 
9509 1 
9510 1 
9511 1 
9512 1 
9513 1 
9514 1 
9515 1 
9516 1 
9517 1 
9518 1 
9519 1 
9520 1 
9521 1 
9522 1 
9523 1 
9524 1 
9525 1 
9526 1 
9527 1 
9528 1 
9529 1 
9530 1 
9531 1 
9532 1 
9533 1 
9534 1 
9535 1 
9536 1 
9537 1 
9538 1 
9539 1 
9540 1 
9541 1 
9542 1 
9543 1 
9544 1 
9545 1 
9546 1 
9547 1 
9548 1 
9549 1 
9550 1 
9551 1 
9552 1 
9553 1 
9554 1 
9555 1 
9556 1 
9557 1 
9558 1 
9559 1 
9560 1 
9561 1 
9562 1 
9563 1 
9564 1 
9565 1 
9566 1 
9567 1 
9568 1 
9569 1 
9570 1 
9571 1 
9572 1 
9573 1 
9574 1 
9575 1 
9576 1 
9577 1 
9578 1 
9579 1 
9580 1 
9581 1 
9582 1 
9583 1 
9584 1 
9585 1 
9586 1 
9587 1 
9588 1 
9589 1 
9590 1 
9591 1 
9592 1 
9593 1 
9594 1 
9595 1 
9596 1 
9597 1 
9598 1 
9599 1 
9600 1 
9601 1 
9602 1 
9603 1 
9604 1 
9605 1 
9606 1 
9607 1 
9608 1 
9609 1 
9610 1 
9611 1 
9612 1 
9613 1 
9614 1 
9615 1 
9616 1 
9617 1 
9618 1 
9619 1 
9620 1 
9621 1 
9622 1 
9623 1 
9624 1 
9625 1 
9626 1 
9627 1 
9628 1 
9629 1 
9630 1 
9631 1 
9632 1 
9633 1 
9634 1 
9635 1 
9636 1 
9637 1 
9638 1 
9639 1 
9640 1 
9641 1 
9642 1 
9643 1 
9644 1 
9645 1 
9646 1 
9647 1 
9648 1 
9649 1 
9650 1 
9651 1 
9652 1 
9653 1 
9654 1 
9655 1 
9656 1 
9657 1 
9658 1 
9659 1 
9660 1 
9661 1 
9662 1 
9663 1 
9664 1 
9665 1 
9666 1 
9667 1 
9668 1 
9669 1 
9670 1 
9671 1 
9672 1 
9673 1 
9674 1 
9675 1 
9676 1 
9677 1 
9678 1 
9679 1 
9680 1 
9681 1 
9682 1 
9683 1 
9684 1 
9685 1 
9686 1 
9687 1 
9688 1 
9689 1 
9690 1 
9691 1 
9692 1 
9693 1 
9694 1 
9695 1 
9696 1 
9697 1 
9698 1 
9699 1 
9700 1 
9701 1 
9702 1 
9703 1 
9704 1 
9705 1 
9706 1 
9707 1 
9708 1 
9709 1 
9710 1 
9711 1 
9712 1 
9713 1 
9714 1 
9715 1 
9716 1 
9717 1 
9718 1 
9719 1 
9720 1 
9721 1 
9722 1 
9723 1 
9724 1 
9725 1 
9726 1 
9727 1 
9728 1 
9729 1 
9730 1 
9731 1 
9732 1 
9733 1 
9734 1 
9735 1 
9736 1 
9737 1 
9738 1 
9739 1 
9740 1 
9741 1 
9742 1 
9743 1 
9744 1 
9745 1 
9746 1 
9747 1 
9748 1 
9749 1 
9750 1 
9751 1 
9752 1 
9753 1 
9754 1 
9755 1 
9756 1 
9757 1 
9758 1 
9759 1 
9760 1 
9761 1 
9762 1 
9763 1 
9764 1 
9765 1 
9766 1 
9767 1 
9768 1 
9769 1 
9770 1 
9771 1 
9772 1 
9773 1 
9774 1 
9775 1 
9776 1 
9777 1 
9778 1 
9779 1 
9780 1 
9781 1 
9782 1 
9783 1 
9784 1 
9785 1 
9786 1 
9787 1 
9788 1 
9789 1 
9790 1 
9791 1 
9792 1 
9793 1 
9794 1 
9795 1 
9796 1 
9797 1 
9798 1 
9799 1 
9800 1 
9801 1 
9802 1 
9803 1 
9804 1 
9805 1 
9806 1 
9807 1 
9808 1 
9809 1 
9810 1 
9811 1 
9812 1 
9813 1 
9814 1 
9815 1 
9816 1 
9817 1 
9818 1 
9819 1 
9820 1 
9821 1 
9822 1 
9823 1 
9824 1 
9825 1 
9826 1 
9827 1 
9828 1 
9829 1 
9830 1 
9831 1 
9832 1 
9833 1 
9834 1 
9835 1 
9836 1 
9837 1 
9838 1 
9839 1 
9840 1 
9841 1 
9842 1 
9843 1 
9844 1 
9845 1 
9846 1 
9847 1 
9848 1 
9849 1 
9850 1 
9851 1 
9852 1 
9853 1 
9854 1 
9855 1 
9856 1 
9857 1 
9858 1 
9859 1 
9860 1 
9861 1 
9862 1 
9863 1 
9864 1 
9865 1 
9866 1 
9867 1 
9868 1 
9869 1 
9870 1 
9871 1 
9872 1 
9873 1 
9874 1 
9875 1 
9876 1 
9877 1 
9878 1 
9879 1 
9880 1 
9881 1 
9882 1 
9883 1 
9884 1 
9885 1 
9886 1 
9887 1 
9888 1 
9889 1 
9890 1 
9891 1 
9892 1 
9893 1 
9894 1 
9895 1 
9896 1 
9897 1 
9898 1 
9899 1 
9900 1 
9901 1 
9902 1 
9903 1 
9904 1 
9905 1 
9906 1 
9907 1 
9908 1 
9909 1 
9910 1 
9911 1 
9912 1 
9913 1 
9914 1 
9915 1 
9916 1 
9917 1 
9918 1 
9919 1 
9920 1 
9921 1 
9922 1 
9923 1 
9924 1 
9925 1 
9926 1 
9927 1 
9928 1 
9929 1 
9930 1 
9931 1 
9932 1 
9933 1 
9934 1 
9935 1 
9936 1 
9937 1 
9938 1 
9939 1 
9940 1 
9941 1 
9942 1 
9943 1 
9944 1 
9945 1 
9946 1 
9947 1 
9948 1 
9949 1 
9950 1 
9951 1 
9952 1 
9953 1 
9954 1 
9955 1 
9956 1 
9957 1 
9958 1 
9959 1 
9960 1 
9961 1 
9962 1 
9963 1 
9964 1 
9965 1 
9966 1 
9967 1 
9968 1 
9969 1 
9970 1 
9971 1 
9972 1 
9973 1 
9974 1 
9975 1 
9976 1 
9977 1 
9978 1 
9979 1 
9980 1 
9981 1 
9982 1 
9983 1 
9984 1 
9985 1 
9986 1 
9987 1 
9988 1 
9989 1 
9990 1 
9991 1 
9992 1 
9993 1 
9994 1 
9995 1 
9996 1 
9997 1 
9998 1 
9999 1 
10000 1 
10001 1 
10002 1 
10003 1 
10004 1 
10005 1 
10006 1 
10007 1 
10008 1 
10009 1 
10010 1 
10011 1 
10012 1 
10013 1 
10014 1 
10015 1 
10016 1 
10017 1 
10018 1 
10019 1 
10020 1 
10021 1 
10022 1 
10023 1 
10024 1 
10025 1 
10026 1 
10027 1 
10028 1 
10029 1 
10030 1 
10031 1 
10032 1 
10033 1 
10034 1 
10035 1 
10036 1 
10037 1 
10038 1 
10039 1 
10040 1 
10041 1 
10042 1 
10043 1 
10044 1 
10045 1 
10046 1 
10047 1 
10048 1 
10049 1 
10050 1 
10051 1 
10052 1 
10053 1 
10054 1 
10055 1 
10056 1 
10057 1 
10058 1 
10059 1 
10060 1 
10061 1 
10062 1 
10063 1 
10064 1 
10065 1 
10066 1 
10067 1 
10068 1 
10069 1 
10070 1 
10071 1 
10072 1 
10073 1 
10074 1 
10075 1 
10076 1 
10077 1 
10078 1 
10079 1 
10080 1 
10081 1 
10082 1 
10083 1 
10084 1 
10085 1 
10086 1 
10087 1 
10088 1 
10089 1 
10090 1 
10091 1 
10092 1 
10093 1 
10094 1 
10095 1 
10096 1 
10097 1 
10098 1 
10099 1 
10100 1 
10101 1 
10102 1 
10103 1 
10104 1 
10105 1 
10106 1 
10107 1 
10108 1 
10109 1 
10110 1 
10111 1 
10112 1 
10113 1 
10114 1 
10115 1 
10116 1 
10117 1 
10118 1 
10119 1 
10120 1 
10121 1 
10122 1 
10123 1 
10124 1 
10125 1 
10126 1 
10127 1 
10128 1 
10129 1 
10130 1 
10131 1 
10132 1 
10133 1 
10134 1 
10135 1 
10136 1 
10137 1 
10138 1 
10139 1 
10140 1 
10141 1 
10142 1 
10143 1 
10144 1 
10145 1 
10146 1 
10147 1 
10148 1 
10149 1 
10150 1 
10151 1 
10152 1 
10153 1 
10154 1 
10155 1 
10156 1 
10157 1 
10158 1 
10159 1 
10160 1 
10161 1 
10162 1 
10163 1 
10164 1 
10165 1 
10166 1 
10167 1 
10168 1 
10169 1 
10170 1 
10171 1 
10172 1 
10173 1 
10174 1 
10175 1 
10176 1 
10177 1 
10178 1 
10179 1 
10180 1 
10181 1 
10182 1 
10183 1 
10184 1 
10185 1 
10186 1 
10187 1 
10188 1 
10189 1 
10190 1 
10191 1 
10192 1 
10193 1 
10194 1 
10195 1 
10196 1 
10197 1 
10198 1 
10199 1 
10200 1 
10201 1 
10202 1 
10203 1 
10204 1 
10205 1 
10206 1 
10207 1 
10208 1 
10209 1 
10210 1 
10211 1 
10212 1 
10213 1 
10214 1 
10215 1 
10216 1 
10217 1 
10218 1 
10219 1 
10220 1 
10221 1 
10222 1 
10223 1 
10224 1 
10225 1 
10226 1 
10227 1 
10228 1 
10229 1 
10230 1 
10231 1 
10232 1 
10233 1 
10234 1 
10235 1 
10236 1 
10237 1 
10238 1 
10239 1 
10240 1 
10241 1 
10242 1 
10243 1 
10244 1 
10245 1 
10246 1 
10247 1 
10248 1 
10249 1 
10250 1 
10251 1 
10252 1 
10253 1 
10254 1 
10255 1 
10256 1 
10257 1 
10258 1 
10259 1 
10260 1 
10261 1 
10262 1 
10263 1 
10264 1 
10265 1 
10266 1 
10267 1 
10268 1 
10269 1 
10270 1 
10271 1 
10272 1 
10273 1 
10274 1 
10275 1 
10276 1 
10277 1 
10278 1 
10279 1 
10280 1 
10281 1 
10282 1 
10283 1 
10284 1 
10285 1 
10286 1 
10287 1 
10288 1 
10289 1 
10290 1 
10291 1 
10292 1 
10293 1 
10294 1 
10295 1 
10296 1 
10297 1 
10298 1 
10299 1 
10300 1 
10301 1 
10302 1 
10303 1 
10304 1 
10305 1 
10306 1 
10307 1 
10308 1 
10309 1 
10310 1 
10311 1 
10312 1 
10313 1 
10314 1 
10315 1 
10316 1 
10317 1 
10318 1 
10319 1 
10320 1 
10321 1 
10322 1 
10323 1 
10324 1 
10325 1 
10326 1 
10327 1 
10328 1 
10329 1 
10330 1 
10331 1 
10332 1 
10333 1 
10334 1 
10335 1 
10336 1 
10337 1 
10338 1 
10339 1 
10340 1 
10341 1 
10342 1 
10343 1 
10344 1 
10345 1 
10346 1 
10347 1 
10348 1 
10349 1 
10350 1 
10351 1 
10352 1 
10353 1 
10354 1 
10355 1 
10356 1 
10357 1 
10358 1 
10359 1 
10360 1 
10361 1 
10362 1 
10363 1 
10364 1 
10365 1 
10366 1 
10367 1 
10368 1 
10369 1 
10370 1 
10371 1 
10372 1 
10373 1 
10374 1 
10375 1 
10376 1 
10377 1 
10378 1 
10379 1 
10380 1 
10381 1 
10382 1 
10383 1 
10384 1 
10385 1 
10386 1 
10387 1 
10388 1 
10389 1 
10390 1 
10391 1 
10392 1 
10393 1 
10394 1 
10395 1 
10396 1 
10397 1 
10398 1 
10399 1 
10400 1 
10401 1 
10402 1 
10403 1 
10404 1 
10405 1 
10406 1 
10407 1 
10408 1 
10409 1 
10410 1 
10411 1 
10412 1 
10413 1 
10414 1 
10415 1 
10416 1 
10417 1 
10418 1 
10419 1 
10420 1 
10421 1 
10422 1 
10423 1 
10424 1 
10425 1 
10426 1 
10427 1 
10428 1 
10429 1 
10430 1 
10431 1 
10432 1 
10433 1 
10434 1 
10435 1 
10436 1 
10437 1 
10438 1 
10439 1 
10440 1 
10441 1 
10442 1 
10443 1 
10444 1 
10445 1 
10446 1 
10447 1 
10448 1 
10449 1 
10450 1 
10451 1 
10452 1 
10453 1 
10454 1 
10455 1 
10456 1 
10457 1 
10458 1 
10459 1 
10460 1 
10461 1 
10462 1 
10463 1 
10464 1 
10465 1 
10466 1 
10467 1 
10468 1 
10469 1 
10470 1 
10471 1 
10472 1 
10473 1 
10474 1 
10475 1 
10476 1 
10477 1 
10478 1 
10479 1 
10480 1 
10481 1 
10482 1 
10483 1 
10484 1 
10485 1 
10486 1 
10487 1 
10488 1 
10489 1 
10490 1 
10491 1 
10492 1 
10493 1 
10494 1 
10495 1 
10496 1 
10497 1 
10498 1 
10499 1 
10500 1 
10501 1 
10502 1 
10503 1 
10504 1 
10505 1 
10506 1 
10507 1 
10508 1 
10509 1 
10510 1 
10511 1 
10512 1 
10513 1 
10514 1 
10515 1 
10516 1 
10517 1 
10518 1 
10519 1 
10520 1 
10521 1 
10522 1 
10523 1 
10524 1 
10525 1 
10526 1 
10527 1 
10528 1 
10529 1 
10530 1 
10531 1 
10532 1 
10533 1 
10534 1 
10535 1 
10536 1 
10537 1 
10538 1 
10539 1 
10540 1 
10541 1 
10542 1 
10543 1 
10544 1 
10545 1 
10546 1 
10547 1 
10548 1 
10549 1 
10550 1 
10551 1 
10552 1 
10553 1 
10554 1 
10555 1 
10556 1 
10557 1 
10558 1 
10559 1 
10560 1 
10561 1 
10562 1 
10563 1 
10564 1 
10565 1 
10566 1 
10567 1 
10568 1 
10569 1 
10570 1 
10571 1 
10572 1 
10573 1 
10574 1 
10575 1 
10576 1 
10577 1 
10578 1 
10579 1 
10580 1 
10581 1 
10582 1 
10583 1 
10584 1 
10585 1 
10586 1 
10587 1 
10588 1 
10589 1 
10590 1 
10591 1 
10592 1 
10593 1 
10594 1 
10595 1 
10596 1 
10597 1 
10598 1 
10599 1 
10600 1 
10601 1 
10602 1 
10603 1 
10604 1 
10605 1 
10606 1 
10607 1 
10608 1 
10609 1 
10610 1 
10611 1 
10612 1 
10613 1 
10614 1 
10615 1 
10616 1 
10617 1 
10618 1 
10619 1 
10620 1 
10621 1 
10622 1 
10623 1 
10624 1 
10625 1 
10626 1 
10627 1 
10628 1 
10629 1 
10630 1 
10631 1 
10632 1 
10633 1 
10634 1 
10635 1 
10636 1 
10637 1 
10638 1 
10639 1 
10640 1 
10641 1 
10642 1 
10643 1 
10644 1 
10645 1 
10646 1 
10647 1 
10648 1 
10649 1 
10650 1 
10651 1 
10652 1 
10653 1 
10654 1 
10655 1 
10656 1 
10657 1 
10658 1 
10659 1 
10660 1 
10661 1 
10662 1 
10663 1 
10664 1 
10665 1 
10666 1 
10667 1 
10668 1 
10669 1 
10670 1 
10671 1 
10672 1 
10673 1 
10674 1 
10675 1 
10676 1 
10677 1 
10678 1 
10679 1 
10680 1 
10681 1 
10682 1 
10683 1 
10684 1 
10685 1 
10686 1 
10687 1 
10688 1 
10689 1 
10690 1 
10691 1 
10692 1 
10693 1 
10694 1 
10695 1 
10696 1 
10697 1 
10698 1 
10699 1 
10700 1 
10701 1 
10702 1 
10703 1 
10704 1 
10705 1 
10706 1 
10707 1 
10708 1 
10709 1 
10710 1 
10711 1 
10712 1 
10713 1 
10714 1 
10715 1 
10716 1 
10717 1 
10718 1 
10719 1 
10720 1 
10721 1 
10722 1 
10723 1 
10724 1 
10725 1 
10726 1 
10727 1 
10728 1 
10729 1 
10730 1 
10731 1 
10732 1 
10733 1 
10734 1 
10735 1 
10736 1 
10737 1 
10738 1 
10739 1 
10740 1 
10741 1 
10742 1 
10743 1 
10744 1 
10745 1 
10746 1 
10747 1 
10748 1 
10749 1 
10750 1 
10751 1 
10752 1 
10753 1 
10754 1 
10755 1 
10756 1 
10757 1 
10758 1 
10759 1 
10760 1 
10761 1 
10762 1 
10763 1 
10764 1 
10765 1 
10766 1 
10767 1 
10768 1 
10769 1 
10770 1 
10771 1 
10772 1 
10773 1 
10774 1 
10775 1 
10776 1 
10777 1 
10778 1 
10779 1 
10780 1 
10781 1 
10782 1 
10783 1 
10784 1 
10785 1 
10786 1 
10787 1 
10788 1 
10789 1 
10790 1 
10791 1 
10792 1 
10793 1 
10794 1 
10795 1 
10796 1 
10797 1 
10798 1 
10799 1 
10800 1 
10801 1 
10802 1 
10803 1 
10804 1 
10805 1 
10806 1 
10807 1 
10808 1 
10809 1 
10810 1 
10811 1 
10812 1 
10813 1 
10814 1 
10815 1 
10816 1 
10817 1 
10818 1 
10819 1 
10820 1 
10821 1 
10822 1 
10823 1 
10824 1 
10825 1 
10826 1 
10827 1 
10828 1 
10829 1 
10830 1 
10831 1 
10832 1 
10833 1 
10834 1 
10835 1 
10836 1 
10837 1 
10838 1 
10839 1 
10840 1 
10841 1 
10842 1 
10843 1 
10844 1 
10845 1 
10846 1 
10847 1 
10848 1 
10849 1 
10850 1 
10851 1 
10852 1 
10853 1 
10854 1 
10855 1 
10856 1 
10857 1 
10858 1 
10859 1 
10860 1 
10861 1 
10862 1 
10863 1 
10864 1 
10865 1 
10866 1 
10867 1 
10868 1 
10869 1 
10870 1 
10871 1 
10872 1 
10873 1 
10874 1 
10875 1 
10876 1 
10877 1 
10878 1 
10879 1 
10880 1 
10881 1 
10882 1 
10883 1 
10884 1 
10885 1 
10886 1 
10887 1 
10888 1 
10889 1 
10890 1 
10891 1 
10892 1 
10893 1 
10894 1 
10895 1 
10896 1 
10897 1 
10898 1 
10899 1 
10900 1 
10901 1 
10902 1 
10903 1 
10904 1 
10905 1 
10906 1 
10907 1 
10908 1 
10909 1 
10910 1 
10911 1 
10912 1 
10913 1 
10914 1 
10915 1 
10916 1 
10917 1 
10918 1 
10919 1 
10920 1 
10921 1 
10922 1 
10923 1 
10924 1 
10925 1 
10926 1 
10927 1 
10928 1 
10929 1 
10930 1 
10931 1 
10932 1 
10933 1 
10934 1 
10935 1 
10936 1 
10937 1 
10938 1 
10939 1 
10940 1 
10941 1 
10942 1 
10943 1 
10944 1 
10945 1 
10946 1 
10947 1 
10948 1 
10949 1 
10950 1 
10951 1 
10952 1 
10953 1 
10954 1 
10955 1 
10956 1 
10957 1 
10958 1 
10959 1 
10960 1 
10961 1 
10962 1 
10963 1 
10964 1 
10965 1 
10966 1 
10967 1 
10968 1 
10969 1 
10970 1 
10971 1 
10972 1 
10973 1 
10974 1 
10975 1 
10976 1 
10977 1 
10978 1 
10979 1 
10980 1 
10981 1 
10982 1 
10983 1 
10984 1 
10985 1 
10986 1 
10987 1 
10988 1 
10989 1 
10990 1 
10991 1 
10992 1 
10993 1 
10994 1 
10995 1 
10996 1 
10997 1 
10998 1 
10999 1 
11000 1 
11001 1 
11002 1 
11003 1 
11004 1 
11005 1 
11006 1 
11007 1 
11008 1 
11009 1 
11010 1 
11011 1 
11012 1 
11013 1 
11014 1 
11015 1 
11016 1 
11017 1 
11018 1 
11019 1 
11020 1 
11021 1 
11022 1 
11023 1 
11024 1 
11025 1 
11026 1 
11027 1 
11028 1 
11029 1 
11030 1 
11031 1 
11032 1 
11033 1 
11034 1 
11035 1 
11036 1 
11037 1 
11038 1 
11039 1 
11040 1 
11041 1 
11042 1 
11043 1 
11044 1 
11045 1 
11046 1 
11047 1 
11048 1 
11049 1 
11050 1 
11051 1 
11052 1 
11053 1 
11054 1 
11055 1 
11056 1 
11057 1 
11058 1 
11059 1 
11060 1 
11061 1 
11062 1 
11063 1 
11064 1 
11065 1 
11066 1 
11067 1 
11068 1 
11069 1 
11070 1 
11071 1 
11072 1 
11073 1 
11074 1 
11075 1 
11076 1 
11077 1 
11078 1 
11079 1 
11080 1 
11081 1 
11082 1 
11083 1 
11084 1 
11085 1 
11086 1 
11087 1 
11088 1 
11089 1 
11090 1 
11091 1 
11092 1 
11093 1 
11094 1 
11095 1 
11096 1 
11097 1 
11098 1 
11099 1 
11100 1 
11101 1 
11102 1 
11103 1 
11104 1 
11105 1 
11106 1 
11107 1 
11108 1 
11109 1 
11110 1 
11111 1 
11112 1 
11113 1 
11114 1 
11115 1 
11116 1 
11117 1 
11118 1 
11119 1 
11120 1 
11121 1 
11122 1 
11123 1 
11124 1 
11125 1 
11126 1 
11127 1 
11128 1 
11129 1 
11130 1 
11131 1 
11132 1 
11133 1 
11134 1 
11135 1 
11136 1 
11137 1 
11138 1 
11139 1 
11140 1 
11141 1 
11142 1 
11143 1 
11144 1 
11145 1 
11146 1 
11147 1 
11148 1 
11149 1 
11150 1 
11151 1 
11152 1 
11153 1 
11154 1 
11155 1 
11156 1 
11157 1 
11158 1 
11159 1 
11160 1 
11161 1 
11162 1 
11163 1 
11164 1 
11165 1 
11166 1 
11167 1 
11168 1 
11169 1 
11170 1 
11171 1 
11172 1 
11173 1 
11174 1 
11175 1 
11176 1 
11177 1 
11178 1 
11179 1 
11180 1 
11181 1 
11182 1 
11183 1 
11184 1 
11185 1 
11186 1 
11187 1 
11188 1 
11189 1 
11190 1 
11191 1 
11192 1 
11193 1 
11194 1 
11195 1 
11196 1 
11197 1 
11198 1 
11199 1 
11200 1 
11201 1 
11202 1 
11203 1 
11204 1 
11205 1 
11206 1 
11207 1 
11208 1 
11209 1 
11210 1 
11211 1 
11212 1 
11213 1 
11214 1 
11215 1 
11216 1 
11217 1 
11218 1 
11219 1 
11220 1 
11221 1 
11222 1 
11223 1 
11224 1 
11225 1 
11226 1 
11227 1 
11228 1 
11229 1 
11230 1 
11231 1 
11232 1 
11233 1 
11234 1 
11235 1 
11236 1 
11237 1 
11238 1 
11239 1 
11240 1 
11241 1 
11242 1 
11243 1 
11244 1 
11245 1 
11246 1 
11247 1 
11248 1 
11249 1 
11250 1 
11251 1 
11252 1 
11253 1 
11254 1 
11255 1 
11256 1 
11257 1 
11258 1 
11259 1 
11260 1 
11261 1 
11262 1 
11263 1 
11264 1 
11265 1 
11266 1 
11267 1 
11268 1 
11269 1 
11270 1 
11271 1 
11272 1 
11273 1 
11274 1 
11275 1 
11276 1 
11277 1 
11278 1 
11279 1 
11280 1 
11281 1 
11282 1 
11283 1 
11284 1 
11285 1 
11286 1 
11287 1 
11288 1 
11289 1 
11290 1 
11291 1 
11292 1 
11293 1 
11294 1 
11295 1 
11296 1 
11297 1 
11298 1 
11299 1 
11300 1 
11301 1 
11302 1 
11303 1 
11304 1 
11305 1 
11306 1 
11307 1 
11308 1 
11309 1 
11310 1 
11311 1 
11312 1 
11313 1 
11314 1 
11315 1 
11316 1 
11317 1 
11318 1 
11319 1 
11320 1 
11321 1 
11322 1 
11323 1 
11324 1 
11325 1 
11326 1 
11327 1 
11328 1 
11329 1 
11330 1 
11331 1 
11332 1 
11333 1 
11334 1 
11335 1 
11336 1 
11337 1 
11338 1 
11339 1 
11340 1 
11341 1 
11342 1 
11343 1 
11344 1 
11345 1 
11346 1 
11347 1 
11348 1 
11349 1 
11350 1 
11351 1 
11352 1 
11353 1 
11354 1 
11355 1 
11356 1 
11357 1 
11358 1 
11359 1 
11360 1 
11361 1 
11362 1 
11363 1 
11364 1 
11365 1 
11366 1 
11367 1 
11368 1 
11369 1 
11370 1 
11371 1 
11372 1 
11373 1 
11374 1 
11375 1 
11376 1 
11377 1 
11378 1 
11379 1 
11380 1 
11381 1 
11382 1 
11383 1 
11384 1 
11385 1 
11386 1 
11387 1 
11388 1 
11389 1 
11390 1 
11391 1 
11392 1 
11393 1 
11394 1 
11395 1 
11396 1 
11397 1 
11398 1 
11399 1 
11400 1 
11401 1 
11402 1 
11403 1 
11404 1 
11405 1 
11406 1 
11407 1 
11408 1 
11409 1 
11410 1 
11411 1 
11412 1 
11413 1 
11414 1 
11415 1 
11416 1 
11417 1 
11418 1 
11419 1 
11420 1 
11421 1 
11422 1 
11423 1 
11424 1 
11425 1 
11426 1 
11427 1 
11428 1 
11429 1 
11430 1 
11431 1 
11432 1 
11433 1 
11434 1 
11435 1 
11436 1 
11437 1 
11438 1 
11439 1 
11440 1 
11441 1 
11442 1 
11443 1 
11444 1 
11445 1 
11446 1 
11447 1 
11448 1 
11449 1 
11450 1 
11451 1 
11452 1 
11453 1 
11454 1 
11455 1 
11456 1 
11457 1 
11458 1 
11459 1 
11460 1 
11461 1 
11462 1 
11463 1 
11464 1 
11465 1 
11466 1 
11467 1 
11468 1 
11469 1 
11470 1 
11471 1 
11472 1 
11473 1 
11474 1 
11475 1 
11476 1 
11477 1 
11478 1 
11479 1 
11480 1 
11481 1 
11482 1 
11483 1 
11484 1 
11485 1 
11486 1 
11487 1 
11488 1 
11489 1 
11490 1 
11491 1 
11492 1 
11493 1 
11494 1 
11495 1 
11496 1 
11497 1 
11498 1 
11499 1 
11500 1 
11501 1 
11502 1 
11503 1 
11504 1 
11505 1 
11506 1 
11507 1 
11508 1 
11509 1 
11510 1 
11511 1 
11512 1 
11513 1 
11514 1 
11515 1 
11516 1 
11517 1 
11518 1 
11519 1 
11520 1 
11521 1 
11522 1 
11523 1 
11524 1 
11525 1 
11526 1 
11527 1 
11528 1 
11529 1 
11530 1 
11531 1 
11532 1 
11533 1 
11534 1 
11535 1 
11536 1 
11537 1 
11538 1 
11539 1 
11540 1 
11541 1 
11542 1 
11543 1 
11544 1 
11545 1 
11546 1 
11547 1 
11548 1 
11549 1 
11550 1 
11551 1 
11552 1 
11553 1 
11554 1 
11555 1 
11556 1 
11557 1 
11558 1 
11559 1 
11560 1 
11561 1 
11562 1 
11563 1 
11564 1 
11565 1 
11566 1 
11567 1 
11568 1 
11569 1 
11570 1 
11571 1 
11572 1 
11573 1 
11574 1 
11575 1 
11576 1 
11577 1 
11578 1 
11579 1 
11580 1 
11581 1 
11582 1 
11583 1 
11584 1 
11585 1 
11586 1 
11587 1 
11588 1 
11589 1 
11590 1 
11591 1 
11592 1 
11593 1 
11594 1 
11595 1 
11596 1 
11597 1 
11598 1 
11599 1 
11600 1 
11601 1 
11602 1 
11603 1 
11604 1 
11605 1 
11606 1 
11607 1 
11608 1 
11609 1 
11610 1 
11611 1 
11612 1 
11613 1 
11614 1 
11615 1 
11616 1 
11617 1 
11618 1 
11619 1 
11620 1 
11621 1 
11622 1 
11623 1 
11624 1 
11625 1 
11626 1 
11627 1 
11628 1 
11629 1 
11630 1 
11631 1 
11632 1 
11633 1 
11634 1 
11635 1 
11636 1 
11637 1 
11638 1 
11639 1 
11640 1 
11641 1 
11642 1 
11643 1 
11644 1 
11645 1 
11646 1 
11647 1 
11648 1 
11649 1 
11650 1 
11651 1 
11652 1 
11653 1 
11654 1 
11655 1 
11656 1 
11657 1 
11658 1 
11659 1 
11660 1 
11661 1 
11662 1 
11663 1 
11664 1 
11665 1 
11666 1 
11667 1 
11668 1 
11669 1 
11670 1 
11671 1 
11672 1 
11673 1 
11674 1 
11675 1 
11676 1 
11677 1 
11678 1 
11679 1 
11680 1 
11681 1 
11682 1 
11683 1 
11684 1 
11685 1 
11686 1 
11687 1 
11688 1 
11689 1 
11690 1 
11691 1 
11692 1 
11693 1 
11694 1 
11695 1 
11696 1 
11697 1 
11698 1 
11699 1 
11700 1 
11701 1 
11702 1 
11703 1 
11704 1 
11705 1 
11706 1 
11707 1 
11708 1 
11709 1 
11710 1 
11711 1 
11712 1 
11713 1 
11714 1 
11715 1 
11716 1 
11717 1 
11718 1 
11719 1 
11720 1 
11721 1 
11722 1 
11723 1 
11724 1 
11725 1 
11726 1 
11727 1 
11728 1 
11729 1 
11730 1 
11731 1 
11732 1 
11733 1 
11734 1 
11735 1 
11736 1 
11737 1 
11738 1 
11739 1 
11740 1 
11741 1 
11742 1 
11743 1 
11744 1 
11745 1 
11746 1 
11747 1 
11748 1 
11749 1 
11750 1 
11751 1 
11752 1 
11753 1 
11754 1 
11755 1 
11756 1 
11757 1 
11758 1 
11759 1 
11760 1 
11761 1 
11762 1 
11763 1 
11764 1 
11765 1 
11766 1 
11767 1 
11768 1 
11769 1 
11770 1 
11771 1 
11772 1 
11773 1 
11774 1 
11775 1 
11776 1 
11777 1 
11778 1 
11779 1 
11780 1 
11781 1 
11782 1 
11783 1 
11784 1 
11785 1 
11786 1 
11787 1 
11788 1 
11789 1 
11790 1 
11791 1 
11792 1 
11793 1 
11794 1 
11795 1 
11796 1 
11797 1 
11798 1 
11799 1 
11800 1 
11801 1 
11802 1 
11803 1 
11804 1 
11805 1 
11806 1 
11807 1 
11808 1 
11809 1 
11810 1 
11811 1 
11812 1 
11813 1 
11814 1 
11815 1 
11816 1 
11817 1 
11818 1 
11819 1 
11820 1 
11821 1 
11822 1 
11823 1 
11824 1 
11825 1 
11826 1 
11827 1 
11828 1 
11829 1 
11830 1 
11831 1 
11832 1 
11833 1 
11834 1 
11835 1 
11836 1 
11837 1 
11838 1 
11839 1 
11840 1 
11841 1 
11842 1 
11843 1 
11844 1 
11845 1 
11846 1 
11847 1 
11848 1 
11849 1 
11850 1 
11851 1 
11852 1 
11853 1 
11854 1 
11855 1 
11856 1 
11857 1 
11858 1 
11859 1 
11860 1 
11861 1 
11862 1 
11863 1 
11864 1 
11865 1 
11866 1 
11867 1 
11868 1 
11869 1 
11870 1 
11871 1 
11872 1 
11873 1 
11874 1 
11875 1 
11876 1 
11877 1 
11878 1 
11879 1 
