# Radial distribution function (180 data points):
# "Pair separation distance" 0-0 0-1 1-1
0.0080555556 0.0 0.0 0.0 
0.0241666667 0.0 0.0 0.0 
0.0402777778 0.0 0.0 0.0 
0.0563888889 0.0 0.0 0.0 
0.0725 0.0 0.0 0.0 
0.0886111111 0.0 0.0 0.0 
0.1047222222 0.0 0.0 0.0 
0.1208333333 0.0 0.0 0.0 
0.1369444444 0.0 0.0 0.0 
0.1530555556 0.0 0.0 0.0 
0.1691666667 0.0 0.0 0.0 
0.1852777778 0.0 0.0 0.0 
0.2013888889 0.0 0.0 0.0 
0.2175 0.0 0.0 0.0 
0.2336111111 0.0 0.0 0.0 
0.2497222222 0.0 0.0 0.0 
0.2658333333 0.0 0.0 0.0 
0.2819444444 0.0 0.0 0.0 
0.2980555556 0.0 0.0 0.0 
0.3141666667 0.0 0.0 0.0 
0.3302777778 0.0 0.0 0.0 
0.3463888889 0.0 0.0 0.0 
0.3625 0.0 0.0 0.0 
0.3786111111 0.0 0.0 0.0 
0.3947222222 0.0 0.0 0.0 
0.4108333333 0.0 0.0 0.0 
0.4269444444 0.0 0.0 0.0 
0.4430555556 0.0 0.0 0.0 
0.4591666667 0.0 0.0 0.0 
0.4752777778 0.0 0.0 0.0 
0.4913888889 0.0 0.0 0.0 
0.5075 0.0 0.0 0.0 
0.5236111111 0.0 0.0 0.0 
0.5397222222 0.0 0.0 0.0 
0.5558333333 0.0 0.0 0.0 
0.5719444444 0.0 0.0 0.0 
0.5880555556 0.0 0.0 0.0 
0.6041666667 0.0 0.0 0.0 
0.6202777778 0.0 0.0 0.0 
0.6363888889 0.0 0.0 0.0 
0.6525 0.0 0.0 0.0 
0.6686111111 0.0 0.0 0.0 
0.6847222222 0.0 0.0 0.0 
0.7008333333 0.0 0.0 0.0 
0.7169444444 0.0 0.0 0.0 
0.7330555556 0.0 0.0 0.0 
0.7491666667 0.0 0.0 0.0 
0.7652777778 0.0 0.0 0.0 
0.7813888889 0.0 0.0 0.0 
0.7975 0.0849729575 0.0 0.0 
0.8136111111 0.0816411202 0.0 0.0 
0.8297222222 0.6672625096 0.0 0.0 
0.8458333333 3.5125872276 0.0 0.0 
0.8619444444 7.4196917974 0.0 0.0 
0.8780555556 13.0030318748 0.0 0.0 
0.8941666667 22.3736160215 0.0 0.0 
0.9102777778 32.4155995184 0.0 0.0 
0.9263888889 39.012212155 0.0 0.0 
0.9425 44.9601791675 0.0 0.0 
0.9586111111 48.9899221631 0.0 0.0 
0.9747222222 52.6739942505 0.0 0.0 
0.9908333333 51.0575557575 0.0 0.0 
1.0069444444 50.9559021399 0.0 0.0 
1.0230555556 51.1709088653 0.0 0.0 
1.0391666667 45.7929759274 0.0 0.0 
1.0552777778 44.8421924049 0.0 0.0 
1.0713888889 41.6439834274 0.0 0.0 
1.0875 39.3682123997 0.0 0.0 
1.1036111111 35.2320203941 0.0 0.133118465 
1.1197222222 35.6910345899 0.0107762786 0.3448409139 
1.1358333333 32.1094262826 0.0209454836 1.5290202992 
1.1519444444 29.5477323252 0.122182215 2.4843717048 
1.1680555556 26.7180622703 0.1584466258 5.1495153375 
1.1841666667 25.7840207801 0.4143172248 7.9202036925 
1.2002777778 23.2958432936 0.4689179407 9.9035469074 
1.2163888889 22.2810413641 0.5022365881 12.747677764 
1.2325 20.7061727217 0.8449683886 16.1878154439 
1.2486111111 19.3779700113 0.918633641 17.419373758 
1.2647222222 19.039460409 0.8869313855 17.485218743 
1.2808333333 18.0693508478 0.889466678 16.6198495947 
1.2969444444 16.2737637254 0.9076679669 16.6271919604 
1.3130555556 16.1433054838 0.783655606 14.8110909536 
1.3291666667 14.3471464173 0.7647732632 14.3471464173 
1.3452777778 14.9611675398 0.6943056792 11.8554561143 
1.3613888889 14.8132764531 0.7362898237 10.6433974515 
1.3775 13.8706777841 0.6266014605 9.342058138 
1.3936111111 13.7048752012 0.6400246287 8.6403324872 
1.4097222222 13.7877381989 0.6594726851 7.0026480991 
1.4258333333 13.5709573745 0.6247159614 6.273743272 
1.4419444444 13.204410757 0.5393533921 5.7834279398 
1.4580555556 13.3336735328 0.5465662173 5.0716260625 
1.4741666667 12.8697391767 0.5595538772 4.2774785283 
1.4902777778 13.128335172 0.5718551929 4.258496117 
1.5063888889 13.1586344708 0.5061013258 3.4414890154 
1.5225 13.9657754489 0.4721318077 3.613848405 
1.5386111111 14.0743475653 0.4737108061 3.1504622287 
1.5547222222 14.2760575711 0.4918923517 3.1749415428 
1.5708333333 13.732841402 0.5311346156 2.7706609846 
1.5869444444 15.2044097672 0.4238349935 2.8327199566 
1.6030555556 14.5112617488 0.5047395391 3.0599834557 
1.6191666667 15.1721808152 0.5926633131 2.7210976462 
1.6352777778 15.3698462496 0.4597817254 2.5060630308 
1.6513888889 15.2794986594 0.5251708359 2.5664008773 
1.6675 15.8603213653 0.4373250376 2.5850768892 
1.6836111111 16.1206897202 0.4432951342 2.6693040341 
1.6997222222 16.5180370105 0.5050815394 2.637648039 
1.7158333333 17.1546871206 0.4818732337 2.7443827978 
1.7319444444 17.6477881717 0.5360099011 2.7656309182 
1.7480555556 18.0756634784 0.5350184151 2.6706704357 
1.7641666667 18.2158790345 0.5469973209 2.7002566157 
1.7802777778 17.921778198 0.5840351125 2.8477040524 
1.7963888889 18.6317340299 0.535924035 2.9810774448 
1.8125 18.9024468854 0.6210333942 2.9529932254 
1.8286111111 19.5325086116 0.5293253265 2.8284559429 
1.8447222222 19.2960513509 0.627320188 2.8745557979 
1.8608333333 19.0336038237 0.5891910983 2.5518607833 
1.8769444444 19.1147854264 0.6404833801 2.8073882287 
1.8930555556 19.740911163 0.6635600391 2.910615626 
1.9091666667 19.0606938191 0.5671501661 2.8098027839 
1.9252777778 19.3918479933 0.6706954945 2.420335915 
1.9413888889 18.3973797202 0.7456459435 3.1546559146 
1.9575 18.7093262841 0.6699532593 3.046524295 
1.9736111111 18.1484298463 0.6555912158 2.5876774972 
1.9897222222 18.067312641 0.6279534428 2.8394416542 
2.0058333333 18.8125634442 0.6481300865 2.894757174 
2.0219444444 17.6084195531 0.7204646138 2.591028703 
2.0380555556 17.3701614542 0.7026132723 3.213805153 
2.0541666667 17.4765959758 0.7588774727 3.0867421254 
2.0702777778 16.4679914171 0.7628740281 3.0199723923 
2.0863888889 16.2332659885 0.8132152369 3.2963151969 
2.1025 16.5906194352 0.8007999801 2.8669861883 
2.1186111111 15.7071136827 0.788666881 3.1426268081 
2.1347222222 15.6250964942 0.8420355606 3.1546684383 
2.1508333333 14.9888390594 0.9287706198 3.1601566372 
2.1669444444 15.1868858077 0.88048258 2.9694706619 
2.1830555556 14.7424170507 0.7768119754 3.0562164578 
2.1991666667 14.862446283 0.8073772511 3.2686207051 
2.2152777778 13.9807766207 0.8452340336 3.2212502257 
2.2313888889 14.0781129327 0.8574949281 3.1694749239 
2.2475 13.7218605349 0.9228151822 3.4077291075 
2.2636111111 14.1442589317 0.9070889397 3.2697392012 
2.2797222222 13.3003098731 0.9645064431 3.4888615813 
2.2958333333 13.6731132589 0.8766788029 3.2247424971 
2.3119444444 13.528712135 0.9757255015 3.4175670416 
2.3280555556 13.4966732783 0.9622674336 3.2108820064 
2.3441666667 13.5724200596 0.875322743 3.5799716679 
2.3602777778 13.3247058418 0.9143454864 3.3129865635 
2.3763888889 12.9819519137 0.9522331113 3.4069848001 
2.3925 13.3694828057 1.0031832967 3.2290699997 
2.4086111111 13.4148057901 0.8919914267 3.5213865199 
2.4247222222 13.4991137 1.0272563541 3.4058029458 
2.4408333333 13.0402798917 0.941168027 3.3745976485 
2.4569444444 13.2189850035 0.9758681784 3.5184971936 
2.4730555556 13.2549735546 1.0095871524 3.2783967925 
2.4891666667 12.9312980125 1.0052830327 3.3407670413 
2.5052777778 13.2304977507 1.0289908762 3.1989130585 
2.5213888889 12.8834353188 1.0095070565 3.3281853694 
2.5375 12.8966196447 1.0974507117 3.3741888039 
2.5536111111 13.3104111078 1.108510265 3.0458132516 
2.5697222222 13.5000514815 0.9862117026 3.3351142641 
2.5858333333 12.9969206711 1.1012627123 3.1724448777 
2.6019444444 13.6587032865 1.0736970146 3.065424934 
2.6180555556 13.171774316 1.0822065399 2.8858841063 
2.6341666667 13.7432895659 1.1936294282 3.2050799979 
2.6502777778 13.1996824258 1.1310715923 3.1739253865 
2.6663888889 13.6525858751 1.0452285957 2.9532458867 
2.6825 13.5679453889 1.1491257373 3.0455587352 
2.6986111111 13.6364818006 1.0278382201 2.9944600852 
2.7147222222 13.3064372288 1.1275088035 3.171691431 
2.7308333333 13.2984586111 1.1577268464 2.9097172383 
2.7469444444 14.0561232297 1.0206356995 3.0117706079 
2.7630555556 13.3582117377 1.1238029218 2.849327093 
2.7791666667 13.3787141601 1.0933180374 2.8233844998 
2.7952777778 13.3667321101 1.1706698109 2.7390561012 
2.8113888889 13.2789298494 1.1504531139 2.6701452658 
2.8275 12.8981925468 1.1289298508 2.9135854233 
2.8436111111 12.9061763416 1.1128318803 2.8940312563 
2.8597222222 12.962726296 1.252325584 2.9342087563 
2.8758333333 12.4062042486 1.1860553443 2.973306786 
2.8919444444 12.8596441043 1.1954945524 2.853031594 
