# Radial distribution function (400 data points):
# "Pair separation distance" 0-0 0-1 1-1
0.00375 0.0 0.0 0.0 
0.01125 0.0 0.0 0.0 
0.01875 0.0 0.0 0.0 
0.02625 0.0 0.0 0.0 
0.03375 0.0 0.0 0.0 
0.04125 0.0 0.0 0.0 
0.04875 0.0 0.0 0.0 
0.05625 0.0 0.0 0.0 
0.06375 0.0 0.0 0.0 
0.07125 0.0 0.0 0.0 
0.07875 0.0 0.0 0.0 
0.08625 0.0 0.0 0.0 
0.09375 0.0 0.0 0.0 
0.10125 0.0 0.0 0.0 
0.10875 0.0 0.0 0.0 
0.11625 0.0 0.0 0.0 
0.12375 0.0 0.0 0.0 
0.13125 0.0 0.0 0.0 
0.13875 0.0 0.0 0.0 
0.14625 0.0 0.0 0.0 
0.15375 0.0 0.0 0.0 
0.16125 0.0 0.0 0.0 
0.16875 0.0 0.0 0.0 
0.17625 0.0 0.0 0.0 
0.18375 0.0 0.0 0.0 
0.19125 0.0 0.0 0.0 
0.19875 0.0 0.0 0.0 
0.20625 0.0 0.0 0.0 
0.21375 0.0 0.0 0.0 
0.22125 0.0 0.0 0.0 
0.22875 0.0 0.0 0.0 
0.23625 0.0 0.0 0.0 
0.24375 0.0 0.0 0.0 
0.25125 0.0 0.0 0.0 
0.25875 0.0 0.0 0.0 
0.26625 0.0 0.0 0.0 
0.27375 0.0 0.0 0.0 
0.28125 0.0 0.0 0.0 
0.28875 0.0 0.0 0.0 
0.29625 0.0 0.0 0.0 
0.30375 0.0 0.0 0.0 
0.31125 0.0 0.0 0.0 
0.31875 0.0 0.0 0.0 
0.32625 0.0 0.0 0.0 
0.33375 0.0 0.0 0.0 
0.34125 0.0 0.0 0.0 
0.34875 0.0 0.0 0.0 
0.35625 0.0 0.0 0.0 
0.36375 0.0 0.0 0.0 
0.37125 0.0 0.0 0.0 
0.37875 0.0 0.0 0.0 
0.38625 0.0 0.0 0.0 
0.39375 0.0 0.0 0.0 
0.40125 0.0 0.0 0.0 
0.40875 0.0 0.0 0.0 
0.41625 0.0 0.0 0.0 
0.42375 0.0 0.0 0.0 
0.43125 0.0 0.0 0.0 
0.43875 0.0 0.0 0.0 
0.44625 0.0 0.0 0.0 
0.45375 0.0 0.0 0.0 
0.46125 0.0 0.0 0.0 
0.46875 0.0 0.0 0.0 
0.47625 0.0 0.0 0.0 
0.48375 0.0 0.0 0.0 
0.49125 0.0 0.0 0.0 
0.49875 0.0 0.0 0.0 
0.50625 0.0 0.0 0.0 
0.51375 0.0 0.0 0.0 
0.52125 0.0 0.0 0.0 
0.52875 0.0 0.0 0.0 
0.53625 0.0 0.0 0.0 
0.54375 0.0 0.0 0.0 
0.55125 0.0 0.0 0.0 
0.55875 0.0 0.0 0.0 
0.56625 0.0 0.0 0.0 
0.57375 0.0 0.0 0.0 
0.58125 0.0 0.0 0.0 
0.58875 0.0 0.0 0.0 
0.59625 0.0 0.0 0.0 
0.60375 0.0 0.0 0.0 
0.61125 0.0 0.0 0.0 
0.61875 0.0 0.0 0.0 
0.62625 0.0 0.0 0.0 
0.63375 0.0 0.0 0.0 
0.64125 0.0 0.0 0.0 
0.64875 0.0 0.0 0.0 
0.65625 0.0 0.0 0.0 
0.66375 0.0 0.0 0.0 
0.67125 0.0 0.0 0.0 
0.67875 0.0 0.0 0.0 
0.68625 0.0 0.0 0.0 
0.69375 0.0 0.0 0.0 
0.70125 0.0 0.0 0.0 
0.70875 0.0 0.0 0.0 
0.71625 0.0 0.0 0.0 
0.72375 0.0 0.0 0.0 
0.73125 0.0 0.0 0.0 
0.73875 0.0 0.0 0.0 
0.74625 0.0 0.0 0.0 
0.75375 0.0 0.0 0.0 
0.76125 0.0 0.0 0.0 
0.76875 0.0 0.0 0.0 
0.77625 0.0 0.0 0.0 
0.78375 0.0216143577 0.0 0.0 
0.79125 0.0 0.0 0.0 
0.79875 0.0624305381 0.0 0.0 
0.80625 0.102124084 0.0 0.0 
0.81375 0.3208009622 0.0 0.0 
0.82125 0.5905657117 0.0 0.0 
0.82875 1.1405195178 0.0 0.0 
0.83625 1.7656659133 0.0 0.0 
0.84375 2.9093429882 0.0 0.0 
0.85125 4.6172590216 0.0 0.0 
0.85875 6.2653269659 0.0 0.0 
0.86625 9.1828799485 0.0 0.0 
0.87375 12.0867215614 0.0 0.0 
0.88125 13.6256803676 0.0 0.0 
0.88875 16.3718557342 0.0 0.0 
0.89625 18.5452521333 0.0 0.0 
0.90375 19.3441034151 0.0 0.0 
0.91125 24.4153109501 0.0 0.0 
0.91875 23.8610319267 0.0 0.0 
0.92625 24.6213647392 0.0 0.0 
0.93375 24.9888214246 0.0 0.0 
0.94125 26.1657218327 0.0 0.0 
0.94875 25.9896733789 0.0 0.0 
0.95625 26.2224569039 0.0 0.0 
0.96375 24.386462712 0.0 0.0 
0.97125 23.6312792048 0.0 0.0 
0.97875 23.4506799971 0.0 0.0 
0.98625 22.4947846036 0.0 0.0 
0.99375 21.7935222918 0.0 0.0 
1.00125 20.1041372114 0.0 0.0 
1.00875 19.7541131062 0.0 0.0 
1.01625 18.6922712724 0.0 0.0 
1.02375 17.3552771017 0.0 0.0 
1.03125 16.6917675033 0.0 0.0 
1.03875 14.8642749821 0.0 0.0 
1.04625 13.8877996273 0.0 0.0 
1.05375 13.762555139 0.0 0.0 
1.06125 12.8849786972 0.0 0.0 
1.06875 12.2165741477 0.0 0.0 
1.07625 11.5654846561 0.0 0.0114623237 
1.08375 10.3546703283 0.0 0.0339126757 
1.09125 10.3912177672 0.0111493753 0.0891950023 
1.09875 9.4360141263 0.0219953709 0.142969911 
1.10625 8.7118035053 0.0216981407 0.2929248999 
1.11375 8.3915028113 0.0374620661 0.5886896105 
1.12125 8.1317674584 0.0686447902 0.7920552719 
1.12875 7.6384916311 0.0833668937 1.5839709794 
1.13625 6.7872730838 0.2056749419 2.2727081084 
1.14375 6.9827328183 0.1979117587 2.9839003613 
1.15125 6.5714888287 0.3105429172 3.9068302488 
1.15875 6.0021720143 0.3559772529 5.102340625 
1.16625 6.1204518768 0.4392668811 6.6866180791 
1.17375 5.2811515122 0.6505068012 7.4880560675 
1.18125 5.2523629928 0.8135453549 8.9061807268 
1.18875 5.3554147715 0.8174054125 10.2598472465 
1.19625 5.0750784409 0.9695533767 10.975900906 
1.20375 5.0028720347 1.0812067767 12.6904354727 
1.21125 4.5067257655 1.2307524179 13.2215388421 
1.21875 4.1564549898 1.2335285776 14.0068063848 
1.22625 4.0086414719 1.3509298352 14.8955466147 
1.23375 4.0036653896 1.6224003539 13.8340159213 
1.24125 4.4035386527 1.6545585544 14.2964200094 
1.24875 3.8740020452 1.5283150926 13.9974931041 
1.25625 4.0045550683 1.6405215091 14.8067582358 
1.26375 3.6412563549 1.6876142467 14.2657440753 
1.27125 4.0174124816 1.7211613802 13.6296263948 
1.27875 3.791797179 1.7294492487 12.8044200243 
1.28625 3.7798072881 1.5327880935 12.3024300904 
1.29375 3.4188188142 1.5309327869 11.7239308756 
1.30125 3.285429048 1.5407799712 11.2990531221 
1.30875 3.193621145 1.3565138359 10.2940021374 
1.31625 3.341252547 1.3564259193 9.6022693609 
1.32375 3.3565365078 1.3410992368 9.2891958433 
1.33125 3.5585574072 1.2998099161 9.3046911574 
1.33875 3.2298856183 1.1667591396 8.5784576742 
1.34625 3.289232268 1.2710062327 7.7798767674 
1.35375 3.2673770086 1.1229344486 7.353409454 
1.36125 3.6112238438 1.0926818178 6.9430077473 
1.36875 3.2315899486 1.1409780301 6.3852248764 
1.37625 3.3576894925 1.1776447489 5.9653314366 
1.38375 3.6056848875 0.9256902548 5.76909582 
1.39125 3.5669144578 0.919166418 5.2543393744 
1.39875 3.7119903944 0.8482610591 4.6416845152 
1.40625 3.7329265799 0.859378781 4.6594443281 
1.41375 3.5339966611 0.9001062924 4.3776387211 
1.42125 3.6019638698 0.8183293828 3.9634748422 
1.42875 3.8569318596 0.8650454255 4.0260384841 
1.43625 4.0098463665 0.7369621332 3.9519192119 
1.44375 4.0956869917 0.7548039013 3.5797450845 
1.45125 4.2173674584 0.7407184998 3.1835135523 
1.45875 4.5671906746 0.6488904784 3.1695804135 
1.46625 4.4711817711 0.747255517 3.0075490643 
1.47375 4.4685802367 0.5929579794 2.8975472396 
1.48125 4.3871361149 0.6535320006 3.0800721138 
1.48875 4.6964786475 0.6619399114 2.8873759032 
1.49625 4.6791667688 0.6582858192 2.9237379176 
1.50375 5.0377413251 0.5020126845 2.6304290369 
1.51125 5.2727177606 0.5842427067 2.4183578704 
1.51875 4.852380705 0.5640964521 2.3024344982 
1.52625 5.6540572458 0.5756651026 2.2285649023 
1.53375 5.689200928 0.5559387812 2.2689075129 
1.54125 5.6675019178 0.5896661266 2.2357009538 
1.54875 5.6791668776 0.5424545361 2.2639174005 
1.55625 6.035711968 0.5290156266 1.9406376355 
1.56375 6.3906015719 0.5239533149 2.0415175795 
1.57125 6.4319184688 0.5592972582 1.9951854113 
1.57875 6.4615098981 0.5460055767 2.0188889129 
1.58625 6.6010646681 0.5039182061 1.8995869549 
1.59375 6.9886126052 0.5305491245 1.573352576 
1.60125 6.8611601376 0.5721948643 1.8486295616 
1.60875 7.5206749907 0.5335267388 1.7647422898 
1.61625 7.3748011429 0.4879261955 1.722989378 
1.62375 7.6996173435 0.4355898628 1.6164664273 
1.63125 7.2447859554 0.5313840938 1.7313641367 
1.63875 7.9795448468 0.4869796576 1.7007208348 
1.64625 7.8727109537 0.5511387569 1.650966765 
1.65375 7.8257385718 0.5024590212 1.592333903 
1.66125 7.8274010166 0.4931214531 1.5298792399 
1.66875 7.6856836756 0.5816708489 1.4780160915 
1.67625 8.1793636781 0.5244999239 1.6774547116 
1.68375 7.975528465 0.5526202929 1.6859602157 
1.69125 8.2205899775 0.5454089906 1.5549958456 
1.69875 8.0009341128 0.4899939523 1.5642999416 
1.70625 8.1314139806 0.5290207637 1.6372280533 
1.71375 8.2864324268 0.6035126727 1.5912843504 
1.72125 8.5056669114 0.5288033169 1.5281519583 
1.72875 8.5430898463 0.5886424361 1.4571676909 
1.73625 8.0774614778 0.5307165257 1.3256902425 
1.74375 8.195886186 0.5698258643 1.4933367478 
1.75125 8.2903444454 0.549803522 1.4762441023 
1.75875 8.3013427899 0.5515628482 1.5366498029 
1.76625 8.2607844478 0.5724242701 1.5789546781 
1.77375 8.5835361704 0.6519942666 1.439029417 
1.78125 8.4277147324 0.5879314399 1.5022589816 
1.78875 8.241002983 0.628656572 1.4481923671 
1.79625 8.5385605948 0.637820189 1.4772738571 
1.80375 8.4105700986 0.6284462859 1.5384691544 
1.81125 8.2763081409 0.6576528474 1.5702726448 
1.81875 8.2483286167 0.6381918492 1.7500103537 
1.82625 7.8463253621 0.6170372558 1.6918763465 
1.83375 8.3350484985 0.6751744639 1.7688781276 
1.84125 7.7190039125 0.6442293981 1.6565898808 
1.84875 8.1109977638 0.7438965861 1.8451742997 
1.85625 7.6487020556 0.7205578259 1.8457069444 
1.86375 7.5452217209 0.7415263495 1.7926590614 
1.87125 7.5606947209 0.7659279507 1.8351937036 
1.87875 7.5531115981 0.8200091277 1.8280937434 
1.88625 7.1013426341 0.8825368013 1.7016354394 
1.89375 7.5301884716 0.8626027109 1.8103550455 
1.90125 7.3129566615 0.7786774547 1.8952715406 
1.90875 6.8948247217 0.8181227009 1.8621857467 
1.91625 6.9892040657 0.8551198973 1.8874105133 
1.92375 6.8953501457 0.8735784394 2.0054634399 
1.93125 6.5179580638 0.9967385352 2.0895911433 
1.93875 6.7855328694 0.9130974736 1.9392282901 
1.94625 6.5160192424 1.0217426623 2.1731747877 
1.95375 6.5460883224 0.9826089007 2.0660873876 
1.96125 6.1302371545 1.0217061924 1.984733313 
1.96875 6.2617436045 1.0105111397 2.2642300452 
1.97625 5.7689704201 1.0453496784 2.2912705145 
1.98375 5.8097775928 1.0172171569 2.3077165351 
1.99125 5.8230195464 1.0464023049 2.4644867085 
1.99875 5.7561377909 1.0369024196 2.505847514 
2.00625 5.4888766821 1.072046227 2.4904458503 
2.01375 5.4513414577 1.0002311203 2.7076632946 
2.02125 5.3882125495 1.0919417471 2.7168550611 
2.02875 5.0677990028 1.2403365478 2.8871292855 
2.03625 5.3123228071 1.1447591341 2.8915174773 
2.04375 5.1971169113 1.1983566211 2.9561582431 
2.05125 4.8436356256 1.2006536518 3.0891982264 
2.05875 4.9023847674 1.1762590928 3.1481767995 
2.06625 4.7984444672 1.2081631079 2.9823125367 
2.07375 4.8687691012 1.2395756462 3.1676329092 
2.08125 4.7540482273 1.2092018218 3.334883605 
2.08875 4.479558108 1.2005337457 3.3414095127 
2.09625 4.4747543715 1.3294341144 3.4142285211 
2.10375 4.4609053389 1.2419736451 3.5519246276 
2.11125 4.4858623909 1.2838025833 3.342056841 
2.11875 4.4216266081 1.22888686 3.8419350929 
2.12625 4.3023850731 1.2701580506 3.6416092086 
2.13375 4.1613784585 1.3122777199 3.7647789698 
2.14125 4.3147121674 1.3465376898 3.7355561718 
2.14875 4.3881662236 1.329965189 3.7526585333 
2.15625 4.4119499598 1.2679001826 3.9978834587 
2.16375 4.3161925701 1.2704692979 4.0184263284 
2.17125 4.165324456 1.3152173908 3.934386927 
2.17875 4.1171182224 1.3481324614 3.9940521886 
2.18625 4.3916988927 1.3875101815 3.9639179759 
2.19375 4.118943873 1.2897563701 3.8320248088 
2.20125 4.2525880631 1.3234536305 4.0909239551 
2.20875 4.1747701952 1.3212848304 3.9706582235 
2.21625 4.1627810235 1.3218181302 4.0195164818 
2.22375 4.0944754058 1.3599028151 4.0676263867 
2.23125 4.4243580632 1.3414418962 3.9656542737 
2.23875 4.3364848402 1.3139257671 3.9364792135 
2.24625 4.2286335389 1.2946407599 4.0444366828 
2.25375 4.4671541533 1.2938802258 4.2554282982 
2.26125 4.3700591476 1.3281552311 3.8715140755 
2.26875 4.4753453663 1.341313885 3.9620348603 
2.27625 4.3459656999 1.3017397262 3.8155323863 
2.28375 4.5516699222 1.2817482135 3.8185150354 
2.29125 4.6433143921 1.3062483026 4.1982036443 
2.29875 4.668341271 1.2763817899 4.0376880638 
2.30625 4.7628398383 1.3542141574 3.8442208338 
2.31375 4.895698471 1.3008074205 4.1417509861 
2.32125 4.7162680365 1.2751665146 3.9400797233 
2.32875 4.6418700568 1.3208274766 3.8315013918 
2.33625 4.964834315 1.3293885121 3.9674888622 
2.34375 5.1023006966 1.2508008576 3.9252185368 
2.35125 4.9665327777 1.3713202205 4.1067558268 
2.35875 4.908749346 1.277897557 3.9470449287 
2.36625 5.145633774 1.280480294 4.0121715878 
2.37375 5.0872500242 1.2665108328 3.9727204913 
2.38125 5.3760375768 1.3053749778 3.8283194416 
2.38875 5.3376785234 1.2355306434 4.125415877 
2.39625 5.3413142576 1.2174034444 3.9423986187 
2.40375 5.4091405804 1.2661157433 4.1499183892 
2.41125 5.6655579985 1.2628188526 3.9049190558 
2.41875 5.5533163428 1.2527301272 4.0055591929 
2.42625 5.4761835553 1.2957444203 4.0778170791 
2.43375 5.646465146 1.2519058293 4.0056503438 
2.44125 5.8279208168 1.2587061397 3.8563191644 
2.44875 5.7347076588 1.3019336306 3.9035867191 
2.45625 5.697539366 1.3237041053 3.7807542027 
2.46375 5.5557265729 1.276286006 3.7249615566 
2.47125 5.8307689511 1.2685509631 3.8350023974 
2.47875 5.8236295458 1.38189651 3.8593700812 
2.48625 5.702632184 1.2704734225 3.7093957747 
2.49375 5.6619772925 1.3578497579 3.7938663834 
2.50125 5.7660163124 1.2849918576 3.6098615191 
2.50875 5.8391784562 1.269936933 3.7380867863 
2.51625 5.8862034955 1.2592323474 3.5313027027 
2.52375 5.9825959161 1.2517591804 3.4019500122 
2.53125 5.6260060136 1.2412440524 3.3693870269 
2.53875 5.6546133877 1.2174413523 3.3144892316 
2.54625 5.6930258379 1.1928732196 3.1598341252 
2.55375 5.6596357531 1.2652746836 3.2512367977 
2.56125 5.8410756444 1.2032291998 3.1715057293 
2.56875 5.7547015227 1.276698642 3.0342971665 
2.57625 5.6592305658 1.2372690367 2.9726463841 
2.58375 5.7039882175 1.204241585 2.8062508281 
2.59125 5.7817484397 1.258578277 2.8552820612 
2.59875 5.6108081561 1.1874310183 2.9213948563 
2.60625 5.5218774615 1.2079717774 2.8264194015 
2.61375 5.5854623811 1.2749002512 2.77135329 
2.62125 5.5400191594 1.1565055692 2.6956144846 
2.62875 5.5257441514 1.2421396363 2.5880310751 
2.63625 5.3930960703 1.2532309678 2.6096242409 
2.64375 5.5012103802 1.2993190263 2.5967384633 
2.65125 5.4229087509 1.2296459759 2.5178465221 
2.65875 5.3454018412 1.2734302348 2.6445276853 
2.66625 5.3191069008 1.2924234464 2.3999481628 
2.67375 5.1945908167 1.2851829979 2.4347903327 
2.68125 5.1840390866 1.2484540159 2.3639365981 
2.68875 5.2414759493 1.2745565202 2.286488282 
2.69625 5.0936450154 1.2720415035 2.2610012654 
2.70375 5.0472632913 1.3004104054 2.2030695834 
2.71125 4.9886728472 1.3230278279 2.2884317514 
2.71875 5.0186664745 1.3471724609 2.3207290927 
2.72625 4.9750142083 1.3263727288 2.270464294 
2.73375 4.855372164 1.3537481116 2.0981319157 
2.74125 4.9012815783 1.3242647956 2.2174147011 
2.74875 4.7498079329 1.3451638818 2.1016538245 
2.75625 4.8078827255 1.3151333155 2.1688776672 
2.76375 4.7487977586 1.3523296692 2.172766178 
2.77125 4.7179421926 1.3761385069 2.1160722769 
2.77875 4.7268985532 1.4220244101 2.1167013892 
2.78625 4.6433365834 1.3109088365 2.0984802902 
2.79375 4.5180755197 1.3591650377 2.0259894367 
2.80125 4.608969792 1.3087511505 1.9593197574 
2.80875 4.5692420195 1.4305177593 1.9690656217 
2.81625 4.5382415575 1.4488557979 2.0841426555 
2.82375 4.4109280334 1.3920482582 2.0014856535 
2.83125 4.4174035919 1.3830266214 1.9378935893 
2.83875 4.3759694419 1.3996182383 1.9737994696 
2.84625 4.4119387438 1.4553497788 1.9109660383 
2.85375 4.3170456271 1.3955404293 2.0232075616 
2.86125 4.382018852 1.4328325891 1.9801795035 
2.86875 4.1607004129 1.4624563491 2.0327578597 
2.87625 4.0973028174 1.4676785846 2.1008105711 
2.88375 4.1223184211 1.5326977863 2.0643523309 
2.89125 4.1613142456 1.4540775542 2.0743039713 
2.89875 4.307297241 1.4765844724 2.0398828827 
2.90625 4.1860628241 1.5145593432 2.018364501 
2.91375 4.0284854816 1.5278844392 2.0173704469 
2.92125 4.149407459 1.5426087348 2.1361591456 
2.92875 4.1792627934 1.5277527323 2.2088177801 
2.93625 4.1209806031 1.4953184475 2.0235308343 
2.94375 4.0279981202 1.4677908707 2.1143542814 
2.95125 3.978588568 1.5609481585 2.1066702686 
2.95875 3.8583452785 1.582619221 2.1475695418 
2.96625 4.0093740722 1.5799076604 2.1487951369 
2.97375 3.9306218034 1.5787046701 2.175504581 
2.98125 3.9213268483 1.4953326382 2.2093875843 
2.98875 3.9804477137 1.5874227626 2.1552088069 
2.99625 3.9265303759 1.5321602522 2.1888003602 
