# Radial distribution function (180 data points):
# "Pair separation distance" 0-0 0-1 1-1
0.0080555556 0.0 0.0 0.0 
0.0241666667 0.0 0.0 0.0 
0.0402777778 0.0 0.0 0.0 
0.0563888889 0.0 0.0 0.0 
0.0725 0.0 0.0 0.0 
0.0886111111 0.0 0.0 0.0 
0.1047222222 0.0 0.0 0.0 
0.1208333333 0.0 0.0 0.0 
0.1369444444 0.0 0.0 0.0 
0.1530555556 0.0 0.0 0.0 
0.1691666667 0.0 0.0 0.0 
0.1852777778 0.0 0.0 0.0 
0.2013888889 0.0 0.0 0.0 
0.2175 0.0 0.0 0.0 
0.2336111111 0.0 0.0 0.0 
0.2497222222 0.0 0.0 0.0 
0.2658333333 0.0 0.0 0.0 
0.2819444444 0.0 0.0 0.0 
0.2980555556 0.0 0.0 0.0 
0.3141666667 0.0 0.0 0.0 
0.3302777778 0.0 0.0 0.0 
0.3463888889 0.0 0.0 0.0 
0.3625 0.0 0.0 0.0 
0.3786111111 0.0 0.0 0.0 
0.3947222222 0.0 0.0 0.0 
0.4108333333 0.0 0.0 0.0 
0.4269444444 0.0 0.0 0.0 
0.4430555556 0.0 0.0 0.0 
0.4591666667 0.0 0.0 0.0 
0.4752777778 0.0 0.0 0.0 
0.4913888889 0.0 0.0 0.0 
0.5075 0.0 0.0 0.0 
0.5236111111 0.0 0.0 0.0 
0.5397222222 0.0 0.0 0.0 
0.5558333333 0.0 0.0 0.0 
0.5719444444 0.0 0.0 0.0 
0.5880555556 0.0 0.0 0.0 
0.6041666667 0.0 0.0 0.0 
0.6202777778 0.0 0.0 0.0 
0.6363888889 0.0 0.0 0.0 
0.6525 0.0 0.0 0.0 
0.6686111111 0.0 0.0 0.0 
0.6847222222 0.0 0.0 0.0 
0.7008333333 0.0 0.0 0.0 
0.7169444444 0.0 0.0 0.0 
0.7330555556 0.0 0.0 0.0 
0.7491666667 0.0 0.0 0.0 
0.7652777778 0.0 0.0 0.0 
0.7813888889 0.0 0.0 0.0 
0.7975 0.0289292474 0.0 0.0 
0.8136111111 0.2501542382 0.0 0.0 
0.8297222222 0.7349653988 0.0 0.0 
0.8458333333 3.0989717181 0.0 0.0 
0.8619444444 6.9466426834 0.0 0.0 
0.8780555556 11.9204487997 0.0 0.0 
0.8941666667 18.5135897589 0.0 0.0 
0.9102777778 23.7484275634 0.0 0.0 
0.9263888889 28.278766577 0.0 0.0 
0.9425 30.9760768549 0.0 0.0 
0.9586111111 31.2150664772 0.0 0.0 
0.9747222222 29.8431254805 0.0 0.0 
0.9908333333 28.8711581433 0.0 0.0 
1.0069444444 26.7751687961 0.0 0.0 
1.0230555556 25.1650170815 0.0 0.0 
1.0391666667 22.8317380436 0.0 0.0 
1.0552777778 20.2646365991 0.0 0.0 
1.0713888889 18.8903678746 0.0 0.0 
1.0875 16.3200807212 0.0038894377 0.0155577509 
1.1036111111 15.4996113332 0.0 0.1737285871 
1.1197222222 13.5672590333 0.0256816693 0.5943472048 
1.1358333333 11.8302297228 0.0641784614 1.5616758947 
1.1519444444 10.863809488 0.1109259424 3.0781949028 
1.1680555556 10.2020708914 0.2191456074 5.3336669366 
1.1841666667 9.3818172175 0.3673998351 8.2271320215 
1.2002777778 8.2887288701 0.6130338764 10.6961639887 
1.2163888889 7.7970369378 0.7741077343 13.249988608 
1.2325 7.1403098491 0.7873115186 14.8014565489 
1.2486111111 6.921829365 0.8998968271 14.8999310713 
1.2647222222 6.6545773867 0.9863958702 15.1381570284 
1.2808333333 6.2246552429 0.950521679 15.5896770947 
1.2969444444 6.1584774054 1.0473787062 14.028858388 
1.3130555556 5.8748794611 0.9604707566 13.2384885949 
1.3291666667 5.7177008999 0.8982726824 11.8519920293 
1.3452777778 5.5104040921 0.8438441691 10.8378058342 
1.3613888889 5.4651380898 0.8090985546 9.560268811 
1.3775 5.2653222056 0.7393753558 8.479786867 
1.3936111111 5.4427111222 0.7271158897 7.7022178282 
1.4097222222 5.6338081358 0.7337375427 6.9994395245 
1.4258333333 5.7470485531 0.6267450587 6.4529852258 
1.4419444444 5.7432326751 0.6836128261 5.8626989942 
1.4580555556 5.7381811477 0.5647304976 5.6256677918 
1.4741666667 6.5066832287 0.5101205784 5.1774063687 
1.4902777778 6.2549171195 0.6068512305 4.954225745 
1.5063888889 6.4421204861 0.5777232028 4.2528536123 
1.5225 7.175680014 0.5536545144 4.3657345218 
1.5386111111 7.0689399945 0.5421204669 4.0066394361 
1.5547222222 7.6767905657 0.5518763669 3.8669406122 
1.5708333333 7.9899017697 0.445540486 3.6873601728 
1.5869444444 8.2120658496 0.4949888446 3.7224622334 
1.6030555556 8.7280292225 0.5226793546 3.4654357208 
1.6191666667 8.7657490795 0.4754839873 3.565252628 
1.6352777778 9.2028108609 0.5022842563 3.1650788755 
1.6513888889 9.7561713775 0.4840977153 3.157599035 
1.6675 10.213741424 0.466516858 2.9645326582 
1.6836111111 10.2366558166 0.4657451204 2.9145583143 
1.6997222222 10.3746920988 0.477656174 2.9296245337 
1.7158333333 10.9213690074 0.4609161455 2.8279939776 
1.7319444444 10.8816776947 0.4953187564 2.6744145856 
1.7480555556 11.070401871 0.4922520277 2.7698585046 
1.7641666667 11.5430901888 0.4493085041 2.8111341279 
1.7802777778 11.1551437679 0.5007187874 2.7749980333 
1.7963888889 11.3265651311 0.4932030626 2.5173312386 
1.8125 11.5321622839 0.5474836636 2.5791941388 
1.8286111111 11.4316469418 0.5598893268 2.7375424084 
1.8447222222 11.1436268478 0.5231178542 2.7412997631 
1.8608333333 11.1348222061 0.5220693304 2.8375065894 
1.8769444444 11.338813426 0.5954052191 2.6714892065 
1.8930555556 11.0311123174 0.6289556709 2.7853751139 
1.9091666667 10.9668728989 0.60324111 2.950580994 
1.9252777778 10.5334184611 0.661441098 2.7053313201 
1.9413888889 10.3104977232 0.6456265738 2.7826627378 
1.9575 9.7645328849 0.6650542437 2.9147142666 
1.9736111111 9.6766199012 0.7262779155 2.9405398528 
1.9897222222 9.4183022399 0.6727358743 2.9256458229 
2.0058333333 9.2264537432 0.7465767403 2.9634409049 
2.0219444444 9.0440002187 0.7673560773 3.006415599 
2.0380555556 8.560487413 0.745305049 3.426409839 
2.0541666667 8.3264402509 0.8110593803 3.2594993912 
2.0702777778 8.0878810326 0.9186871237 3.4257585265 
2.0863888889 7.7436564577 0.857001281 3.451253001 
2.1025 7.8793386856 0.863688736 3.5754632493 
2.1186111111 7.4217655946 0.8792978294 3.8287374015 
2.1347222222 7.211239833 0.941781462 3.7529940788 
2.1508333333 7.0956566288 0.9436348291 3.9217025986 
2.1669444444 6.9827008011 0.8787152944 4.0379759683 
2.1830555556 6.8529900128 0.895714751 4.0133426018 
2.1991666667 6.8480600986 0.9901153559 4.2819398005 
2.2152777778 6.8219267587 0.9560820684 4.3154920029 
2.2313888889 6.5667169564 0.949716521 4.4529510031 
2.2475 6.7570314775 1.0217505819 4.5605409217 
2.2636111111 6.6109155557 1.0180307225 4.4940580217 
2.2797222222 6.8523697859 1.0116583138 4.5564453187 
2.2958333333 6.8350780728 0.9713281276 4.6236266126 
2.3119444444 6.9914405139 1.0129154954 4.8468479781 
2.3280555556 6.9849728039 1.0184650504 4.9327657274 
2.3441666667 7.071776406 1.0304636311 4.7747884256 
2.3602777778 7.342176665 1.019746759 4.9459782078 
2.3763888889 7.3113816019 1.0002647735 4.8921744542 
2.3925 7.3964678406 0.9964819777 4.8731183165 
2.4086111111 7.4675302969 1.0323555369 4.8525467634 
2.4247222222 7.653416927 1.0069461853 5.0417725084 
2.4408333333 7.7580950416 0.9836597415 5.0526447007 
2.4569444444 7.9508196173 0.9906139067 5.0643230953 
2.4730555556 7.9242793691 1.0386702552 4.8345926143 
2.4891666667 8.1071174808 1.0423436761 4.9177240103 
2.5052777778 8.2508990329 1.0363094007 4.7198249931 
2.5213888889 8.3585189339 1.0448148667 4.6843015563 
2.5375 8.5270448388 1.1116020249 4.7221654142 
2.5536111111 8.3901605667 1.0179083317 4.4892367451 
2.5697222222 8.5639223959 1.0205097047 4.5222860089 
2.5858333333 8.4382773113 1.0470453341 4.3422799926 
2.6019444444 8.6276236765 1.055861332 4.2941078623 
2.6180555556 8.692226736 1.0160617108 4.1327001421 
2.6341666667 8.7002486675 1.0547162169 4.0637400436 
2.6502777778 8.4415478608 1.04979063 3.9804288517 
2.6663888889 8.4200718344 1.0850207827 3.8030722486 
2.6825 8.4125647488 1.0554061094 3.7626410419 
2.6986111111 7.9940684978 1.0725291016 3.7431139316 
2.7147222222 8.5473512247 1.0305007209 3.7287772905 
2.7308333333 8.0421584167 1.0745083573 3.6059562896 
2.7469444444 7.9249339712 1.087544785 3.5442743161 
2.7630555556 7.989440313 1.1086402848 3.475346284 
2.7791666667 7.889931199 1.093441552 3.3458358602 
2.7952777778 7.8263240449 1.0649782005 3.4204109148 
2.8113888889 7.5494828112 1.1075135515 3.4232237045 
2.8275 7.4924626411 1.1081618067 3.3118272894 
2.8436111111 7.5375049237 1.1331856459 3.4439286648 
2.8597222222 7.392067282 1.1474522337 3.2421150368 
2.8758333333 7.3450715033 1.1513174324 3.1747439149 
2.8919444444 7.2667605149 1.2160768618 3.300072895 
