# Radial distribution function (200 data points):
# "Pair separation distance" 0-0 0-1 1-1
0.00625 0.0 0.0 0.0 
0.01875 0.0 0.0 0.0 
0.03125 0.0 0.0 0.0 
0.04375 0.0 0.0 0.0 
0.05625 0.0 0.0 0.0 
0.06875 0.0 0.0 0.0 
0.08125 0.0 0.0 0.0 
0.09375 0.0 0.0 0.0 
0.10625 0.0 0.0 0.0 
0.11875 0.0 0.0 0.0 
0.13125 0.0 0.0 0.0 
0.14375 0.0 0.0 0.0 
0.15625 0.0 0.0 0.0 
0.16875 0.0 0.0 0.0 
0.18125 0.0 0.0 0.0 
0.19375 0.0 0.0 0.0 
0.20625 0.0 0.0 0.0 
0.21875 0.0 0.0 0.0 
0.23125 0.0 0.0 0.0 
0.24375 0.0 0.0 0.0 
0.25625 0.0 0.0 0.0 
0.26875 0.0 0.0 0.0 
0.28125 0.0 0.0 0.0 
0.29375 0.0 0.0 0.0 
0.30625 0.0 0.0 0.0 
0.31875 0.0 0.0 0.0 
0.33125 0.0 0.0 0.0 
0.34375 0.0 0.0 0.0 
0.35625 0.0 0.0 0.0 
0.36875 0.0 0.0 0.0 
0.38125 0.0 0.0 0.0 
0.39375 0.0 0.0 0.0 
0.40625 0.0 0.0 0.0 
0.41875 0.0 0.0 0.0 
0.43125 0.0 0.0 0.0 
0.44375 0.0 0.0 0.0 
0.45625 0.0 0.0 0.0 
0.46875 0.0 0.0 0.0 
0.48125 0.0 0.0 0.0 
0.49375 0.0 0.0 0.0 
0.50625 0.0 0.0 0.0 
0.51875 0.0 0.0 0.0 
0.53125 0.0 0.0 0.0 
0.54375 0.0 0.0 0.0 
0.55625 0.0 0.0 0.0 
0.56875 0.0 0.0 0.0 
0.58125 0.0 0.0 0.0 
0.59375 0.0 0.0 0.0 
0.60625 0.0 0.0 0.0 
0.61875 0.0 0.0 0.0 
0.63125 0.0 0.0 0.0 
0.64375 0.0 0.0 0.0 
0.65625 0.0 0.0 0.0 
0.66875 0.0 0.0 0.0 
0.68125 0.0 0.0 0.0 
0.69375 0.0 0.0 0.0 
0.70625 0.0 0.0 0.0 
0.71875 0.0 0.0 0.0 
0.73125 0.0 0.0 0.0 
0.74375 0.0 0.0 0.0 
0.75625 0.0 0.0 0.0 
0.76875 0.0 0.0 0.0 
0.78125 0.0 0.0 0.0 
0.79375 0.0 0.0 0.0 
0.80625 0.0817436503 0.0 0.0 
0.81875 0.2378002873 0.0 0.0 
0.83125 1.115061147 0.0 0.0 
0.84375 2.3884527011 0.0 0.0 
0.85625 4.1673612062 0.0 0.0 
0.86875 8.6598459314 0.0 0.0 
0.88125 12.5212512467 0.0 0.0 
0.89375 18.6593219668 0.0 0.0 
0.90625 23.421129094 0.0 0.0 
0.91875 30.3737277613 0.0 0.0 
0.93125 34.343037701 0.0 0.0 
0.94375 36.8697657716 0.0 0.0 
0.95625 39.9217746141 0.0 0.0 
0.96875 41.7292148208 0.0 0.0 
0.98125 44.3703667062 0.0 0.0 
0.99375 40.3555653364 0.0 0.0 
1.00625 44.0822848241 0.0 0.0 
1.01875 41.1639970541 0.0 0.0 
1.03125 40.9216223509 0.0 0.0 
1.04375 39.7766294419 0.0 0.0 
1.05625 33.4111438839 0.0 0.0 
1.06875 34.8439027789 0.0 0.0 
1.08125 31.5431146431 0.0 0.0 
1.09375 31.048348073 0.0 0.0222091188 
1.10625 29.200028968 0.0 0.0651301761 
1.11875 27.8081992812 0.0530690826 0.3608697617 
1.13125 24.8095272161 0.031141666 0.6851166512 
1.14375 23.8437053385 0.0507745003 1.5029252087 
1.15625 21.919971104 0.079492189 2.2059082435 
1.16875 22.1343646625 0.2236776745 3.6566437228 
1.18125 21.2494985074 0.2284892313 5.8645569357 
1.19375 18.923762593 0.3915261226 6.9915379038 
1.20625 18.1866615801 0.4108432586 9.568083 
1.21875 16.7422942456 0.4203460628 11.3225130956 
1.23125 17.0350037646 0.6659775134 12.7762528234 
1.24375 15.9729558632 0.6612460223 14.1180319565 
1.25625 14.8822542033 0.7744159427 14.0068274854 
1.26875 14.3593841887 0.7014641701 15.0360907999 
1.28125 13.7568787756 0.7849513184 14.1614928572 
1.29375 12.508185103 0.6984265794 13.5399516407 
1.30625 13.5311915348 0.8096915533 13.7647564059 
1.31875 12.1453802942 0.6492813365 12.2370435417 
1.33125 12.3531286813 0.689616407 11.8134288846 
1.34375 11.830092724 0.6694890783 9.9466948774 
1.35625 11.7719177278 0.642761152 9.8075240947 
1.36875 12.3804134127 0.5885305345 8.749959995 
1.38125 12.0320154957 0.5709636983 8.3694922603 
1.39375 11.3521365562 0.5265750089 7.0985046659 
1.40625 11.01686704 0.5441257501 6.7444722611 
1.41875 10.9423892123 0.5939777015 6.296163636 
1.43125 11.8804776029 0.5512230329 5.460350514 
1.44375 10.4519983169 0.4779877279 4.8436089761 
1.45625 11.2505558393 0.4760814275 4.6856435233 
1.46875 11.1460858749 0.4433802116 4.9387629125 
1.48125 11.0677433024 0.4904196978 4.2866314322 
1.49375 10.9547291052 0.4465242842 3.9651356435 
1.50625 11.6168196223 0.3747361168 4.1806498036 
1.51875 11.4839769191 0.4146671706 3.6744118728 
1.53125 11.569199578 0.5778934167 4.2038913256 
1.54375 10.836327875 0.4738106324 3.2442092712 
1.55625 11.858692733 0.4662298253 3.4884961046 
1.56875 11.2494199497 0.3292776473 3.1200406578 
1.58125 12.3686365424 0.4250390564 3.1984188997 
1.59375 11.7674425508 0.3870181106 3.8178813609 
1.60625 12.0792988218 0.5200380141 2.8730813054 
1.61875 12.2889021182 0.5475253419 3.3358488423 
1.63125 12.7303163609 0.3844056313 3.2250134781 
1.64375 13.3732655976 0.4719976093 3.2941499818 
1.65625 13.3949322779 0.4310010747 2.7797147966 
1.66875 14.101393511 0.4341092048 3.1389434811 
1.68125 14.3060666255 0.4934747029 3.4026255706 
1.69375 13.8734160935 0.4352807453 2.8617393677 
1.70625 14.2458319868 0.4973720969 3.1485022649 
1.71875 14.3181831362 0.4541885982 3.120860269 
1.73125 15.0074769408 0.5097046214 3.2709740054 
1.74375 15.1251243211 0.5067921494 3.0931796705 
1.75625 15.1862306104 0.5211383732 3.3335628169 
1.76875 15.0997316617 0.5562612058 2.8195224475 
1.78125 15.9855129831 0.5819765072 2.847079316 
1.79375 16.275458227 0.5160913948 3.2369252283 
1.80625 15.4564922602 0.5578344151 2.8909666767 
1.81875 16.256796604 0.5823210246 3.1806775964 
1.83125 16.4634469162 0.5823211493 3.2800130045 
1.84375 16.6630177277 0.5588207165 3.2591362066 
1.85625 16.562728722 0.5320429617 3.0688854895 
1.86875 16.0375772782 0.574400894 3.0812233385 
1.88125 16.2080289886 0.5179962947 3.0779489974 
1.89375 15.7799245039 0.5482227292 3.0967175787 
1.90625 16.5460933618 0.555679671 3.085484489 
1.91875 16.793075781 0.5701130153 3.1680963764 
1.93125 16.676123015 0.6339918617 3.1129712762 
1.94375 16.0685275258 0.5625742679 3.1926089701 
1.95625 16.2595637611 0.6560754805 3.3532746783 
1.96875 15.7932699847 0.6134972498 3.2148626835 
1.98125 15.1885053673 0.6463913826 3.2488781534 
1.99375 15.7004600991 0.668389106 3.4488877868 
2.00625 15.7364560365 0.6567858119 3.1354096549 
2.01875 14.9423991207 0.6584565058 3.4748249264 
2.03125 14.9329223764 0.7083318074 3.1746143732 
2.04375 14.7762592458 0.6265439241 3.4984686118 
2.05625 15.3135029771 0.6252332976 3.0978896051 
2.06875 14.6820259607 0.71082113 3.3771763732 
2.08125 14.0952376723 0.7544448362 3.2447261657 
2.09375 14.1153202513 0.7181904035 3.3333731809 
2.10625 13.768608342 0.6827409095 3.593373208 
2.11875 13.4053976663 0.837467448 3.3735437836 
2.13125 13.5878692222 0.7516320254 3.6440992361 
2.14375 13.0714342652 0.7457828484 3.5728201574 
2.15625 12.9546076775 0.7343039641 3.5200874854 
2.16875 12.7492183359 0.8360143171 3.3440572684 
2.18125 12.0171747333 0.7706180823 3.5738809616 
2.19375 12.6203956288 0.7508196875 3.5443105834 
2.20625 12.1885011318 0.78600276 3.5479291248 
2.21875 12.0407590831 0.7636788033 3.6321967113 
2.23125 12.2371036359 0.8085133889 3.3514614406 
2.24375 11.9269821749 0.8021687127 3.3089459397 
2.25625 11.7795363283 0.9368306473 3.5750918852 
2.26875 11.4797541059 0.8284624703 3.7835700358 
2.28125 12.0128834378 0.8653564567 3.5890595226 
2.29375 12.0994536954 0.8761499233 3.6863944898 
2.30625 11.728877449 0.8367065472 3.4916888147 
2.31875 12.0672675014 0.8178266877 3.6518061767 
2.33125 11.9675392578 0.7846364587 3.7300786167 
2.34375 10.8148471496 0.8633498284 3.57915335 
2.35625 11.6957919447 0.8805342544 3.8044822406 
2.36875 11.6484417106 0.8688979894 3.4661216797 
2.38125 11.5030418355 0.892598562 3.7906154155 
2.39375 11.4295870654 1.003856227 3.8114079382 
2.40625 11.6415332524 0.8305547965 3.9829920627 
2.41875 11.5306013037 0.9196324395 3.5513707048 
2.43125 11.8303577275 0.8270462849 3.6632756641 
2.44375 11.8164156848 0.9187085237 3.9907096646 
2.45625 11.4894752118 0.8235078055 3.8621194943 
2.46875 11.7352430274 0.9219925335 3.8623422445 
2.48125 11.4144738052 0.9256728284 3.8709954644 
2.49375 11.3729597435 1.0039990758 3.6742093837 
