# Radial distribution function (400 data points):
# "Pair separation distance" 0-0 0-1 1-1
0.00375 0.0 0.0 0.0 
0.01125 0.0 0.0 0.0 
0.01875 0.0 0.0 0.0 
0.02625 0.0 0.0 0.0 
0.03375 0.0 0.0 0.0 
0.04125 0.0 0.0 0.0 
0.04875 0.0 0.0 0.0 
0.05625 0.0 0.0 0.0 
0.06375 0.0 0.0 0.0 
0.07125 0.0 0.0 0.0 
0.07875 0.0 0.0 0.0 
0.08625 0.0 0.0 0.0 
0.09375 0.0 0.0 0.0 
0.10125 0.0 0.0 0.0 
0.10875 0.0 0.0 0.0 
0.11625 0.0 0.0 0.0 
0.12375 0.0 0.0 0.0 
0.13125 0.0 0.0 0.0 
0.13875 0.0 0.0 0.0 
0.14625 0.0 0.0 0.0 
0.15375 0.0 0.0 0.0 
0.16125 0.0 0.0 0.0 
0.16875 0.0 0.0 0.0 
0.17625 0.0 0.0 0.0 
0.18375 0.0 0.0 0.0 
0.19125 0.0 0.0 0.0 
0.19875 0.0 0.0 0.0 
0.20625 0.0 0.0 0.0 
0.21375 0.0 0.0 0.0 
0.22125 0.0 0.0 0.0 
0.22875 0.0 0.0 0.0 
0.23625 0.0 0.0 0.0 
0.24375 0.0 0.0 0.0 
0.25125 0.0 0.0 0.0 
0.25875 0.0 0.0 0.0 
0.26625 0.0 0.0 0.0 
0.27375 0.0 0.0 0.0 
0.28125 0.0 0.0 0.0 
0.28875 0.0 0.0 0.0 
0.29625 0.0 0.0 0.0 
0.30375 0.0 0.0 0.0 
0.31125 0.0 0.0 0.0 
0.31875 0.0 0.0 0.0 
0.32625 0.0 0.0 0.0 
0.33375 0.0 0.0 0.0 
0.34125 0.0 0.0 0.0 
0.34875 0.0 0.0 0.0 
0.35625 0.0 0.0 0.0 
0.36375 0.0 0.0 0.0 
0.37125 0.0 0.0 0.0 
0.37875 0.0 0.0 0.0 
0.38625 0.0 0.0 0.0 
0.39375 0.0 0.0 0.0 
0.40125 0.0 0.0 0.0 
0.40875 0.0 0.0 0.0 
0.41625 0.0 0.0 0.0 
0.42375 0.0 0.0 0.0 
0.43125 0.0 0.0 0.0 
0.43875 0.0 0.0 0.0 
0.44625 0.0 0.0 0.0 
0.45375 0.0 0.0 0.0 
0.46125 0.0 0.0 0.0 
0.46875 0.0 0.0 0.0 
0.47625 0.0 0.0 0.0 
0.48375 0.0 0.0 0.0 
0.49125 0.0 0.0 0.0 
0.49875 0.0 0.0 0.0 
0.50625 0.0 0.0 0.0 
0.51375 0.0 0.0 0.0 
0.52125 0.0 0.0 0.0 
0.52875 0.0 0.0 0.0 
0.53625 0.0 0.0 0.0 
0.54375 0.0 0.0 0.0 
0.55125 0.0 0.0 0.0 
0.55875 0.0 0.0 0.0 
0.56625 0.0 0.0 0.0 
0.57375 0.0 0.0 0.0 
0.58125 0.0 0.0 0.0 
0.58875 0.0 0.0 0.0 
0.59625 0.0 0.0 0.0 
0.60375 0.0 0.0 0.0 
0.61125 0.0 0.0 0.0 
0.61875 0.0 0.0 0.0 
0.62625 0.0 0.0 0.0 
0.63375 0.0 0.0 0.0 
0.64125 0.0 0.0 0.0 
0.64875 0.0 0.0 0.0 
0.65625 0.0 0.0 0.0 
0.66375 0.0 0.0 0.0 
0.67125 0.0 0.0 0.0 
0.67875 0.0 0.0 0.0 
0.68625 0.0 0.0 0.0 
0.69375 0.0 0.0 0.0 
0.70125 0.0 0.0 0.0 
0.70875 0.0 0.0 0.0 
0.71625 0.0 0.0 0.0 
0.72375 0.0 0.0 0.0 
0.73125 0.0 0.0 0.0 
0.73875 0.0 0.0 0.0 
0.74625 0.0 0.0 0.0 
0.75375 0.0 0.0 0.0 
0.76125 0.0 0.0 0.0 
0.76875 0.0 0.0 0.0 
0.77625 0.0 0.0 0.0 
0.78375 0.0 0.0 0.0 
0.79125 0.0 0.0 0.0 
0.79875 0.0 0.0 0.0 
0.80625 0.0 0.0 0.0 
0.81375 0.0 0.0 0.0 
0.82125 0.4422905039 0.0 0.0 
0.82875 0.8686430464 0.0 0.0 
0.83625 1.1730564716 0.0 0.0 
0.84375 2.7236062619 0.0 0.0 
0.85125 5.8662315823 0.0 0.0 
0.85875 8.4946293267 0.0 0.0 
0.86625 9.5407701256 0.0 0.0 
0.87375 15.2387365706 0.0 0.0 
0.88125 19.4938025933 0.0 0.0 
0.88875 23.3204300922 0.0 0.0 
0.89625 30.4518988995 0.0 0.0 
0.90375 32.6877720582 0.0 0.0 
0.91125 37.3608891665 0.0 0.0 
0.91875 52.126228441 0.0 0.0 
0.92625 48.0692917981 0.0 0.0 
0.93375 50.4649508222 0.0 0.0 
0.94125 58.0815532179 0.0 0.0 
0.94875 61.4751324476 0.0 0.0 
0.95625 64.103070235 0.0 0.0 
0.96375 62.3063276541 0.0 0.0 
0.97125 65.4587220551 0.0 0.0 
0.97875 65.4714150906 0.0 0.0 
0.98625 64.9394628828 0.0 0.0 
0.99375 66.3039769461 0.0 0.0 
1.00125 65.4631637764 0.0 0.0 
1.00875 63.1741746956 0.0 0.0 
1.01625 65.8556676778 0.0 0.0 
1.02375 63.4711679121 0.0 0.0 
1.03125 64.8654301811 0.0 0.0 
1.03875 59.7851818287 0.0 0.0 
1.04625 59.3398932233 0.0 0.0 
1.05375 56.4833432126 0.0 0.0 
1.06125 56.9459240356 0.0 0.0 
1.06875 52.2320842972 0.0 0.0652901054 
1.07625 53.3737665028 0.0 0.0 
1.08375 51.4946733054 0.0 0.0 
1.09125 52.0417878652 0.0 0.0 
1.09875 47.2566988023 0.0 0.0 
1.10625 44.9727596822 0.0 0.1828160963 
1.11375 45.3310394752 0.0 0.30060371 
1.12125 43.8961666128 0.0 0.5931914407 
1.12875 41.792898727 0.0 0.9365355457 
1.13625 40.492077179 0.0577633055 1.9061890826 
1.14375 39.5637188839 0.0570082405 2.3373378591 
1.15125 37.7557502857 0.1406697105 2.8133942091 
1.15875 33.2695724057 0.2221674284 4.22118114 
1.16625 34.9814071874 0.2193191673 5.2636600157 
1.17375 35.6725482164 0.3518536622 6.3874972527 
1.18125 31.1590967721 0.2672306756 7.5359050512 
1.18875 34.7779774343 0.6068994545 8.9187832874 
1.19625 31.1642921557 0.2866281051 13.5496922416 
1.20375 30.828629929 0.746269005 12.91817381 
1.21125 28.6181024716 0.8133030898 14.4869612867 
1.21875 28.5682110563 0.853531789 17.472297799 
1.22625 26.6327675342 0.9423139351 19.8381881074 
1.23375 27.0938592134 0.7594119671 19.7447111447 
1.24125 24.0084011737 1.4279190214 21.2977752348 
1.24875 25.2990825028 1.2673453428 20.9470664201 
1.25625 24.1473161352 1.2050030557 21.7373100239 
1.26375 23.9082482327 1.0273075412 23.4412902594 
1.27125 22.8886349253 1.0844413725 21.9657060977 
1.27875 22.6209346624 1.1173647162 22.6665413856 
1.28625 21.3211458966 1.4424453884 20.6900760392 
1.29375 21.8321016845 1.0024944651 19.2033384204 
1.30125 21.3609448396 1.0790580383 21.0966857281 
1.30875 20.7685037076 0.9361065612 19.9847865866 
1.31625 21.0059963573 0.9039465646 18.0358862166 
1.32375 19.7046756389 0.9788499777 17.6192995994 
1.33125 19.4832771314 1.0730530602 16.7480438408 
1.33875 18.6414340051 1.2066999691 15.4374375355 
1.34625 19.7098974566 1.0904223019 14.607544044 
1.35375 19.2072573695 0.9969868762 14.6496030784 
1.36125 20.2035757477 1.2073850048 13.3617273869 
1.36875 19.1866474028 0.8757390931 12.4991852375 
1.37625 17.3637793316 0.9449675827 11.5758528878 
1.38375 17.331856606 0.8179078398 11.6454497195 
1.39125 17.8390199764 1.0017592211 10.0561214122 
1.39875 17.1527074866 0.914811066 10.3678587475 
1.40625 17.422773168 0.8296558651 9.6541773398 
1.41375 17.4995949113 0.7462513821 8.1714526345 
1.42125 18.5706638605 0.6091768463 7.6054806267 
1.42875 16.4034146851 0.8767972215 7.0874442069 
1.43625 17.0640586686 0.6145953334 7.3028386675 
1.44375 17.6743473179 0.5724484961 5.8675970853 
1.45125 17.1380472878 0.7967067438 6.7631550247 
1.45875 17.5580563436 0.6308283716 6.2732376956 
1.46625 16.8585678963 0.6937682262 5.723587866 
1.47375 17.2024601163 0.7038930786 5.6311446289 
1.48125 17.7084877761 0.7477672381 4.9284658878 
1.48875 16.8912059389 0.4374216677 5.5182425777 
1.49625 15.722954938 0.5829485411 4.8967677455 
1.50375 16.6548453513 0.610127998 4.5182451745 
1.51125 15.9348401111 0.4734737328 4.1796301931 
1.51875 18.0410637743 0.5173064882 3.6858087281 
1.52625 17.7681479806 0.6402936209 3.6176589582 
1.53375 17.5313968867 0.5864933859 4.3749236354 
1.54125 18.6169728076 0.4866156467 3.3592176904 
1.54875 18.3127351556 0.5907333921 4.0107688202 
1.55625 17.8903142923 0.6620340057 3.8490349166 
1.56375 18.0240926115 0.6709476099 3.5072261427 
1.57125 17.6107785517 0.6645576812 3.6852744139 
1.57875 17.8926656808 0.4787335299 3.0220054076 
1.58625 20.2135085558 0.5186750729 3.3491590422 
1.59375 18.5850579774 0.631246045 2.9653883977 
1.60125 18.6149683331 0.5962607044 3.2285335703 
1.60875 20.0842805355 0.5618988098 3.3137622117 
1.61625 18.9276667337 0.4425020126 2.6264635588 
1.62375 18.4986508434 0.5939933757 2.8568252832 
1.63125 19.7022088246 0.7426863924 2.6344347504 
1.63875 19.9666005784 0.4998592634 2.7492259489 
1.64625 19.4823947103 0.5090738731 2.8067856786 
1.65375 20.2877499761 0.5999065853 2.6177741905 
1.66125 20.7535263955 0.3783194916 2.7833505452 
1.66875 20.0317880607 0.7364627963 3.2939972346 
1.67625 21.1003777178 0.6502632127 2.9195491182 
1.68375 19.7553809484 0.5392613974 2.9199031761 
1.69125 22.2138927678 0.5344892039 2.5290464771 
1.69875 22.0440198532 0.5556230092 2.8427223726 
1.70625 20.6210729956 0.4482841956 3.8936684414 
1.71375 22.3708088482 0.5967241861 3.4025974866 
1.72125 20.8170086727 0.6670504593 3.1464644306 
1.72875 21.6598809373 0.6987058367 2.4454704284 
1.73625 23.5759452935 0.6679438855 2.6717755422 
1.74375 21.6812621978 0.6867368117 2.5997893586 
1.75125 22.274087457 0.6443922681 2.5289356938 
1.75875 22.1568511245 0.8076762924 2.6520714077 
1.76625 23.4512184593 0.5498246937 2.6056909399 
1.77375 22.0681346032 0.616295918 2.1096283348 
1.78125 21.5771306942 0.6111169913 2.891053459 
1.78875 24.9160493664 0.7225421238 2.6803982013 
1.79625 23.7607600557 0.6587370249 2.9123110574 
1.80375 23.3572805584 0.7564183105 3.0944385431 
1.81125 24.9601005114 0.7047022913 3.046132485 
1.81875 23.9430402663 0.6876296875 2.9534258709 
1.82625 23.9927517776 0.6372725309 2.5490901236 
1.83375 23.4864029806 0.6764261482 3.0161952836 
1.84125 23.8453976538 0.8359087738 2.4637311229 
1.84875 24.6341952634 0.7418623906 2.6619768132 
1.85625 23.2018528698 0.8332754995 3.2032408813 
1.86375 24.9907038843 0.7299690138 2.962815409 
1.87125 23.0656477729 0.670884492 3.3650714202 
1.87875 23.8748849138 0.6761029356 2.9579503433 
1.88625 25.0478373673 0.6497765342 3.1231194709 
1.89375 24.579498885 0.8317935325 2.8904825254 
1.90125 22.6735792046 0.6911418593 3.1359272421 
1.90875 25.1567556386 0.8290061866 3.0089854181 
1.91625 24.0462977011 0.7006733705 3.0667153318 
1.92375 24.2420430888 0.8463556191 3.0428499638 
1.93125 24.6139843894 0.8197996425 2.5593744938 
1.93875 24.5628009411 1.0614780697 2.9761067376 
1.94625 22.4050481056 0.6890832018 3.150094637 
1.95375 23.190686812 0.9084809914 2.7938232638 
1.96125 23.0330476185 0.7561354016 2.6173917748 
1.96875 23.1272613103 0.8562089254 3.0592633514 
1.97625 23.6967562665 1.0215765191 3.112466778 
1.98375 22.3619163067 0.9759649914 2.4446501725 
1.99125 23.3222798025 0.9968393787 2.8588601048 
1.99875 21.7475265406 0.8493669164 2.7441084991 
2.00625 22.2707718898 0.9449329171 2.7792144621 
2.01375 21.8477259246 0.9838832803 2.8137222782 
2.02125 22.9454257721 0.9765952894 2.8658964568 
2.02875 22.4861771849 0.9240894734 2.935343033 
2.03625 21.8172256024 0.9892394131 3.3094554912 
2.04375 22.8893471046 0.7766666139 3.1959384803 
2.05125 20.418141744 0.9748244756 3.4739199495 
2.05875 21.5716901102 0.9237469256 2.991180521 
2.06625 20.5943932984 1.0043915307 2.8646993223 
2.07375 21.2087265587 0.9711272995 2.8960403396 
2.08125 21.6931680541 0.7317140018 3.3400592083 
2.08875 21.1787011057 0.9657761198 2.9913419641 
2.09625 21.4177649291 0.9673633922 3.496085242 
2.10375 21.2316249749 1.0700064968 3.4880526744 
2.11125 20.8635438449 1.0205903565 3.4131218479 
2.11875 19.470142691 1.0382968585 3.0733587012 
2.12625 19.4155083739 1.0557285777 2.7877832754 
2.13375 20.0654997433 0.8517599891 3.0302999612 
2.14125 19.1932366709 0.9840600158 3.3344182352 
2.14875 18.2357289713 0.8964419468 3.4403988227 
2.15625 19.8414060158 0.9864563217 3.6089865429 
2.16375 20.0545324244 1.1070611624 3.1698585802 
2.17125 18.9196236074 1.1785217046 3.3694647394 
2.17875 18.3654125834 0.9112009665 3.2206241057 
2.18625 18.536074957 1.2326177791 3.4014009601 
2.19375 17.8981729704 0.9685158534 3.3626870429 
2.20125 19.1923742009 1.1466173841 3.1859033357 
2.20875 17.992202392 1.1235572437 3.2713095258 
2.21625 18.0528323977 1.0476412409 3.1581069291 
2.22375 18.3384509637 1.1310722223 3.0765164446 
2.23125 18.0955365845 1.2133596551 3.310524491 
2.23875 17.0966031962 1.0564480652 3.4222965493 
2.24625 17.7659850049 1.2415497008 3.9315740527 
2.25375 16.9578781848 1.0571144842 3.4503042194 
2.26125 17.3122919906 1.2178402538 3.6753981311 
2.26875 17.6326791579 1.2315346988 3.6801154528 
2.27625 17.3439552235 1.2018425404 3.1089579488 
2.28375 17.4447089043 1.2654563426 3.6748280233 
2.29125 17.188636757 1.0867195966 3.4945492911 
2.29875 17.4577084819 1.2419388411 3.3306541647 
2.30625 16.6012182794 1.1427358866 4.0381341761 
2.31375 16.4798368579 0.8776244481 3.6358727134 
2.32125 15.723004087 1.266421544 3.3632834447 
2.32875 16.5019984544 1.2445257168 3.3829096831 
2.33625 16.9290938216 1.2707068002 3.6481582327 
2.34375 16.3593300131 1.3372564368 3.3804756625 
2.35125 17.0105559786 1.247800498 3.6152490105 
2.35875 16.7014915182 1.3471106722 3.5788910396 
2.36625 16.3560397191 1.3119461827 3.3830896487 
2.37375 16.5175517377 1.2970513384 3.136746604 
2.38125 16.939747214 1.1442220556 3.537881988 
2.38875 16.7681946494 1.1109092324 3.358866738 
2.39625 16.9361383341 1.3052775327 3.6365941208 
2.40375 16.5853861745 1.3810399383 3.8462607627 
2.41125 16.6747729117 1.0582067425 3.6556232922 
2.41875 16.5205345705 1.2811062688 3.5947459482 
2.42625 15.8991420833 1.0071568093 3.3191834469 
2.43375 16.5945142642 1.2338864931 3.6387060868 
2.44125 16.3800868307 1.1512360492 3.4537081477 
2.44875 16.9017481659 1.3307483839 3.5818274259 
2.45625 16.3289685283 1.3782588879 3.3622100225 
2.46375 16.3894215905 1.3391656322 3.4892021977 
2.47125 16.3755723109 1.2516749902 3.748919239 
2.47875 16.3494526262 1.407970679 3.5320643758 
2.48625 15.8407672083 1.2185205545 3.5711097438 
2.49375 15.8535566553 1.2711626365 3.4177485982 
2.50125 16.1162342101 1.1622284286 3.623768639 
2.50875 15.4394110056 1.2441582161 3.045225348 
2.51625 16.3133548581 1.2367525344 3.5218000741 
2.52375 16.2165399807 1.3230823233 3.4774818587 
2.53125 16.9353431822 1.3559913957 3.6082174478 
2.53875 15.9329120499 1.2496401608 3.5869300911 
2.54625 17.0469706287 1.1790246218 2.9216805261 
2.55375 16.9355534687 1.2750264765 3.4877405861 
2.56125 16.8137787421 1.1879918043 3.4787128432 
2.56875 16.2297511252 1.2601791438 3.5940535222 
2.57625 16.4050646695 1.3539796525 3.3709036992 
2.58375 16.1982510363 1.1394631764 3.4295607367 
2.59125 15.7047809528 1.382775975 3.2764571295 
2.59875 16.6743551904 1.3085503908 3.0698481741 
2.60625 16.5785258274 1.2790716946 3.1949344475 
2.61375 16.1451168145 1.3699879379 3.1111279866 
2.62125 16.4761598042 1.3133170858 2.9848115587 
2.62875 16.7276232873 1.2734577728 3.0865162969 
2.63625 16.1175067773 1.3037796761 3.0045951382 
2.64375 16.3036071017 1.4724461911 3.0195816818 
2.65125 17.3573353358 1.4269936447 3.1722758346 
2.65875 15.8458684483 1.4400539568 3.0383556013 
2.66625 15.9351867626 1.3427938812 2.7590218029 
2.67375 16.3153455392 1.4135097958 2.9313376576 
2.68125 15.9337397968 1.4419204634 3.2054203107 
2.68875 16.7321260923 1.4906240569 3.1256684377 
2.69625 16.1159902524 1.2925619171 2.9544272391 
2.70375 16.4245674088 1.4333240503 3.2033007244 
2.71125 16.4454217303 1.3290254452 3.1247315811 
2.71875 16.8290123657 1.2561223259 3.0368901211 
2.72625 16.28501999 1.4147799252 2.8496276507 
2.73375 16.2157450677 1.3022490654 3.1732965732 
2.74125 16.6829005314 1.3894146784 3.0170147302 
2.74875 16.4044499381 1.2831398869 3.0597951148 
2.75625 16.3054788749 1.2957996457 2.8762825469 
2.76375 15.5141335897 1.3864109312 2.8997468069 
2.77125 16.323656352 1.4614576329 3.1074182229 
2.77875 16.1390750844 1.3666541738 2.8878416818 
2.78625 16.4269559455 1.4121418269 2.9491669446 
2.79375 15.8611310531 1.5048964704 2.6658166047 
2.80125 15.8903580048 1.3400361715 2.5565229087 
2.80875 15.909593904 1.4983188555 2.552341268 
2.81625 16.4831669423 1.6031830939 2.6327933507 
2.82375 15.7971344206 1.3702073373 3.0771209144 
2.83125 16.2066355239 1.3862162417 2.4933285421 
2.83875 16.0933494702 1.4575632786 2.7115304168 
2.84625 16.0822931303 1.4775088995 2.6880535742 
2.85375 15.7323089974 1.4285449381 2.6098417138 
2.86125 16.2420517687 1.3937374765 3.088084997 
2.86875 15.5319710255 1.5223868916 2.8997845555 
2.87625 15.1445781122 1.3792383638 2.7855206171 
2.88375 15.2811323731 1.3406862029 2.8069216155 
2.89125 15.8442918553 1.5879977197 2.9351193808 
2.89875 15.3541487891 1.5043515721 2.6359434626 
2.90625 15.1337321559 1.4259613437 2.8166047595 
2.91375 15.1964693171 1.4098458528 2.9778052593 
2.92125 14.9612361598 1.4375720492 2.7702756207 
2.92875 15.5454780244 1.4867319587 2.886520528 
2.93625 14.2638172906 1.4272467271 2.8890933748 
2.94375 14.5957081669 1.5232549207 2.7883310413 
2.95125 15.2665363642 1.6396756667 2.731365732 
2.95875 14.6440266147 1.4652545537 2.8453198891 
2.96625 14.5700670419 1.3858091689 2.4156306614 
2.97375 14.9183262268 1.6782062855 2.7998215417 
2.98125 14.9104864785 1.5145429428 2.6431081827 
2.98875 14.5936333012 1.5946132497 2.9721587272 
2.99625 14.7532617562 1.7361665017 2.8908418306 
