# Cluster list (1235 data points):
# "Cluster Identifier" "Cluster Size"
1 868 
2 723 
3 702 
4 657 
5 538 
6 452 
7 437 
8 415 
9 414 
10 374 
11 358 
12 323 
13 313 
14 313 
15 288 
16 286 
17 260 
18 253 
19 215 
20 206 
21 194 
22 194 
23 186 
24 170 
25 165 
26 164 
27 160 
28 152 
29 146 
30 138 
31 137 
32 131 
33 124 
34 118 
35 112 
36 106 
37 100 
38 89 
39 87 
40 84 
41 67 
42 66 
43 63 
44 58 
45 53 
46 51 
47 50 
48 48 
49 39 
50 36 
51 29 
52 28 
53 25 
54 24 
55 22 
56 20 
57 16 
58 14 
59 14 
60 14 
61 14 
62 14 
63 14 
64 14 
65 14 
66 14 
67 14 
68 14 
69 13 
70 13 
71 13 
72 13 
73 13 
74 12 
75 12 
76 12 
77 12 
78 12 
79 12 
80 12 
81 12 
82 12 
83 12 
84 11 
85 11 
86 11 
87 11 
88 11 
89 10 
90 10 
91 9 
92 9 
93 9 
94 9 
95 9 
96 8 
97 8 
98 8 
99 8 
100 7 
101 7 
102 6 
103 6 
104 6 
105 6 
106 5 
107 5 
108 5 
109 4 
110 4 
111 4 
112 4 
113 4 
114 4 
115 4 
116 4 
117 4 
118 4 
119 4 
120 4 
121 4 
122 4 
123 4 
124 3 
125 3 
126 3 
127 3 
128 3 
129 3 
130 3 
131 3 
132 3 
133 3 
134 3 
135 3 
136 3 
137 3 
138 3 
139 3 
140 3 
141 3 
142 3 
143 3 
144 3 
145 3 
146 3 
147 3 
148 3 
149 3 
150 3 
151 3 
152 3 
153 3 
154 3 
155 3 
156 3 
157 3 
158 3 
159 3 
160 3 
161 3 
162 3 
163 3 
164 3 
165 3 
166 3 
167 3 
168 3 
169 3 
170 3 
171 3 
172 3 
173 3 
174 3 
175 3 
176 3 
177 3 
178 3 
179 3 
180 3 
181 3 
182 3 
183 3 
184 3 
185 3 
186 3 
187 3 
188 3 
189 3 
190 3 
191 3 
192 3 
193 3 
194 3 
195 3 
196 3 
197 2 
198 2 
199 2 
200 2 
201 2 
202 2 
203 2 
204 2 
205 2 
206 2 
207 2 
208 2 
209 2 
210 2 
211 2 
212 2 
213 2 
214 2 
215 2 
216 2 
217 2 
218 2 
219 2 
220 2 
221 2 
222 2 
223 2 
224 2 
225 2 
226 2 
227 2 
228 2 
229 2 
230 2 
231 2 
232 2 
233 2 
234 2 
235 2 
236 2 
237 2 
238 2 
239 2 
240 2 
241 2 
242 2 
243 2 
244 2 
245 2 
246 2 
247 2 
248 2 
249 2 
250 2 
251 2 
252 2 
253 2 
254 2 
255 2 
256 2 
257 2 
258 2 
259 2 
260 2 
261 2 
262 2 
263 2 
264 2 
265 2 
266 2 
267 2 
268 2 
269 2 
270 2 
271 2 
272 2 
273 2 
274 2 
275 2 
276 2 
277 2 
278 2 
279 2 
280 2 
281 2 
282 2 
283 2 
284 2 
285 2 
286 2 
287 2 
288 2 
289 2 
290 2 
291 2 
292 2 
293 2 
294 2 
295 2 
296 2 
297 2 
298 2 
299 2 
300 2 
301 2 
302 2 
303 2 
304 2 
305 2 
306 2 
307 2 
308 2 
309 2 
310 2 
311 2 
312 2 
313 2 
314 2 
315 2 
316 2 
317 2 
318 2 
319 2 
320 2 
321 2 
322 2 
323 2 
324 2 
325 2 
326 2 
327 2 
328 2 
329 2 
330 2 
331 2 
332 2 
333 2 
334 2 
335 2 
336 2 
337 2 
338 2 
339 2 
340 2 
341 2 
342 2 
343 2 
344 2 
345 2 
346 2 
347 2 
348 2 
349 2 
350 2 
351 2 
352 2 
353 2 
354 2 
355 2 
356 2 
357 2 
358 2 
359 2 
360 2 
361 2 
362 2 
363 2 
364 2 
365 2 
366 2 
367 2 
368 2 
369 2 
370 2 
371 2 
372 2 
373 2 
374 2 
375 2 
376 2 
377 2 
378 2 
379 2 
380 2 
381 2 
382 2 
383 2 
384 2 
385 2 
386 2 
387 2 
388 2 
389 2 
390 2 
391 2 
392 2 
393 2 
394 2 
395 2 
396 2 
397 2 
398 2 
399 2 
400 2 
401 2 
402 2 
403 2 
404 2 
405 2 
406 2 
407 2 
408 2 
409 2 
410 2 
411 2 
412 2 
413 2 
414 2 
415 2 
416 2 
417 2 
418 2 
419 2 
420 2 
421 2 
422 2 
423 2 
424 2 
425 2 
426 2 
427 2 
428 2 
429 2 
430 2 
431 2 
432 2 
433 2 
434 2 
435 2 
436 2 
437 2 
438 2 
439 2 
440 2 
441 2 
442 2 
443 2 
444 2 
445 2 
446 2 
447 2 
448 2 
449 2 
450 2 
451 2 
452 2 
453 2 
454 2 
455 2 
456 2 
457 2 
458 2 
459 2 
460 2 
461 2 
462 2 
463 2 
464 2 
465 2 
466 2 
467 2 
468 2 
469 2 
470 2 
471 2 
472 2 
473 2 
474 2 
475 2 
476 2 
477 2 
478 2 
479 2 
480 2 
481 2 
482 2 
483 2 
484 2 
485 2 
486 2 
487 2 
488 1 
489 1 
490 1 
491 1 
492 1 
493 1 
494 1 
495 1 
496 1 
497 1 
498 1 
499 1 
500 1 
501 1 
502 1 
503 1 
504 1 
505 1 
506 1 
507 1 
508 1 
509 1 
510 1 
511 1 
512 1 
513 1 
514 1 
515 1 
516 1 
517 1 
518 1 
519 1 
520 1 
521 1 
522 1 
523 1 
524 1 
525 1 
526 1 
527 1 
528 1 
529 1 
530 1 
531 1 
532 1 
533 1 
534 1 
535 1 
536 1 
537 1 
538 1 
539 1 
540 1 
541 1 
542 1 
543 1 
544 1 
545 1 
546 1 
547 1 
548 1 
549 1 
550 1 
551 1 
552 1 
553 1 
554 1 
555 1 
556 1 
557 1 
558 1 
559 1 
560 1 
561 1 
562 1 
563 1 
564 1 
565 1 
566 1 
567 1 
568 1 
569 1 
570 1 
571 1 
572 1 
573 1 
574 1 
575 1 
576 1 
577 1 
578 1 
579 1 
580 1 
581 1 
582 1 
583 1 
584 1 
585 1 
586 1 
587 1 
588 1 
589 1 
590 1 
591 1 
592 1 
593 1 
594 1 
595 1 
596 1 
597 1 
598 1 
599 1 
600 1 
601 1 
602 1 
603 1 
604 1 
605 1 
606 1 
607 1 
608 1 
609 1 
610 1 
611 1 
612 1 
613 1 
614 1 
615 1 
616 1 
617 1 
618 1 
619 1 
620 1 
621 1 
622 1 
623 1 
624 1 
625 1 
626 1 
627 1 
628 1 
629 1 
630 1 
631 1 
632 1 
633 1 
634 1 
635 1 
636 1 
637 1 
638 1 
639 1 
640 1 
641 1 
642 1 
643 1 
644 1 
645 1 
646 1 
647 1 
648 1 
649 1 
650 1 
651 1 
652 1 
653 1 
654 1 
655 1 
656 1 
657 1 
658 1 
659 1 
660 1 
661 1 
662 1 
663 1 
664 1 
665 1 
666 1 
667 1 
668 1 
669 1 
670 1 
671 1 
672 1 
673 1 
674 1 
675 1 
676 1 
677 1 
678 1 
679 1 
680 1 
681 1 
682 1 
683 1 
684 1 
685 1 
686 1 
687 1 
688 1 
689 1 
690 1 
691 1 
692 1 
693 1 
694 1 
695 1 
696 1 
697 1 
698 1 
699 1 
700 1 
701 1 
702 1 
703 1 
704 1 
705 1 
706 1 
707 1 
708 1 
709 1 
710 1 
711 1 
712 1 
713 1 
714 1 
715 1 
716 1 
717 1 
718 1 
719 1 
720 1 
721 1 
722 1 
723 1 
724 1 
725 1 
726 1 
727 1 
728 1 
729 1 
730 1 
731 1 
732 1 
733 1 
734 1 
735 1 
736 1 
737 1 
738 1 
739 1 
740 1 
741 1 
742 1 
743 1 
744 1 
745 1 
746 1 
747 1 
748 1 
749 1 
750 1 
751 1 
752 1 
753 1 
754 1 
755 1 
756 1 
757 1 
758 1 
759 1 
760 1 
761 1 
762 1 
763 1 
764 1 
765 1 
766 1 
767 1 
768 1 
769 1 
770 1 
771 1 
772 1 
773 1 
774 1 
775 1 
776 1 
777 1 
778 1 
779 1 
780 1 
781 1 
782 1 
783 1 
784 1 
785 1 
786 1 
787 1 
788 1 
789 1 
790 1 
791 1 
792 1 
793 1 
794 1 
795 1 
796 1 
797 1 
798 1 
799 1 
800 1 
801 1 
802 1 
803 1 
804 1 
805 1 
806 1 
807 1 
808 1 
809 1 
810 1 
811 1 
812 1 
813 1 
814 1 
815 1 
816 1 
817 1 
818 1 
819 1 
820 1 
821 1 
822 1 
823 1 
824 1 
825 1 
826 1 
827 1 
828 1 
829 1 
830 1 
831 1 
832 1 
833 1 
834 1 
835 1 
836 1 
837 1 
838 1 
839 1 
840 1 
841 1 
842 1 
843 1 
844 1 
845 1 
846 1 
847 1 
848 1 
849 1 
850 1 
851 1 
852 1 
853 1 
854 1 
855 1 
856 1 
857 1 
858 1 
859 1 
860 1 
861 1 
862 1 
863 1 
864 1 
865 1 
866 1 
867 1 
868 1 
869 1 
870 1 
871 1 
872 1 
873 1 
874 1 
875 1 
876 1 
877 1 
878 1 
879 1 
880 1 
881 1 
882 1 
883 1 
884 1 
885 1 
886 1 
887 1 
888 1 
889 1 
890 1 
891 1 
892 1 
893 1 
894 1 
895 1 
896 1 
897 1 
898 1 
899 1 
900 1 
901 1 
902 1 
903 1 
904 1 
905 1 
906 1 
907 1 
908 1 
909 1 
910 1 
911 1 
912 1 
913 1 
914 1 
915 1 
916 1 
917 1 
918 1 
919 1 
920 1 
921 1 
922 1 
923 1 
924 1 
925 1 
926 1 
927 1 
928 1 
929 1 
930 1 
931 1 
932 1 
933 1 
934 1 
935 1 
936 1 
937 1 
938 1 
939 1 
940 1 
941 1 
942 1 
943 1 
944 1 
945 1 
946 1 
947 1 
948 1 
949 1 
950 1 
951 1 
952 1 
953 1 
954 1 
955 1 
956 1 
957 1 
958 1 
959 1 
960 1 
961 1 
962 1 
963 1 
964 1 
965 1 
966 1 
967 1 
968 1 
969 1 
970 1 
971 1 
972 1 
973 1 
974 1 
975 1 
976 1 
977 1 
978 1 
979 1 
980 1 
981 1 
982 1 
983 1 
984 1 
985 1 
986 1 
987 1 
988 1 
989 1 
990 1 
991 1 
992 1 
993 1 
994 1 
995 1 
996 1 
997 1 
998 1 
999 1 
1000 1 
1001 1 
1002 1 
1003 1 
1004 1 
1005 1 
1006 1 
1007 1 
1008 1 
1009 1 
1010 1 
1011 1 
1012 1 
1013 1 
1014 1 
1015 1 
1016 1 
1017 1 
1018 1 
1019 1 
1020 1 
1021 1 
1022 1 
1023 1 
1024 1 
1025 1 
1026 1 
1027 1 
1028 1 
1029 1 
1030 1 
1031 1 
1032 1 
1033 1 
1034 1 
1035 1 
1036 1 
1037 1 
1038 1 
1039 1 
1040 1 
1041 1 
1042 1 
1043 1 
1044 1 
1045 1 
1046 1 
1047 1 
1048 1 
1049 1 
1050 1 
1051 1 
1052 1 
1053 1 
1054 1 
1055 1 
1056 1 
1057 1 
1058 1 
1059 1 
1060 1 
1061 1 
1062 1 
1063 1 
1064 1 
1065 1 
1066 1 
1067 1 
1068 1 
1069 1 
1070 1 
1071 1 
1072 1 
1073 1 
1074 1 
1075 1 
1076 1 
1077 1 
1078 1 
1079 1 
1080 1 
1081 1 
1082 1 
1083 1 
1084 1 
1085 1 
1086 1 
1087 1 
1088 1 
1089 1 
1090 1 
1091 1 
1092 1 
1093 1 
1094 1 
1095 1 
1096 1 
1097 1 
1098 1 
1099 1 
1100 1 
1101 1 
1102 1 
1103 1 
1104 1 
1105 1 
1106 1 
1107 1 
1108 1 
1109 1 
1110 1 
1111 1 
1112 1 
1113 1 
1114 1 
1115 1 
1116 1 
1117 1 
1118 1 
1119 1 
1120 1 
1121 1 
1122 1 
1123 1 
1124 1 
1125 1 
1126 1 
1127 1 
1128 1 
1129 1 
1130 1 
1131 1 
1132 1 
1133 1 
1134 1 
1135 1 
1136 1 
1137 1 
1138 1 
1139 1 
1140 1 
1141 1 
1142 1 
1143 1 
1144 1 
1145 1 
1146 1 
1147 1 
1148 1 
1149 1 
1150 1 
1151 1 
1152 1 
1153 1 
1154 1 
1155 1 
1156 1 
1157 1 
1158 1 
1159 1 
1160 1 
1161 1 
1162 1 
1163 1 
1164 1 
1165 1 
1166 1 
1167 1 
1168 1 
1169 1 
1170 1 
1171 1 
1172 1 
1173 1 
1174 1 
1175 1 
1176 1 
1177 1 
1178 1 
1179 1 
1180 1 
1181 1 
1182 1 
1183 1 
1184 1 
1185 1 
1186 1 
1187 1 
1188 1 
1189 1 
1190 1 
1191 1 
1192 1 
1193 1 
1194 1 
1195 1 
1196 1 
1197 1 
1198 1 
1199 1 
1200 1 
1201 1 
1202 1 
1203 1 
1204 1 
1205 1 
1206 1 
1207 1 
1208 1 
1209 1 
1210 1 
1211 1 
1212 1 
1213 1 
1214 1 
1215 1 
1216 1 
1217 1 
1218 1 
1219 1 
1220 1 
1221 1 
1222 1 
1223 1 
1224 1 
1225 1 
1226 1 
1227 1 
1228 1 
1229 1 
1230 1 
1231 1 
1232 1 
1233 1 
1234 1 
1235 1 
