# Radial distribution function (180 data points):
# "Pair separation distance" 0-0 0-1 1-1
0.0080555556 0.0 0.0 0.0 
0.0241666667 0.0 0.0 0.0 
0.0402777778 0.0 0.0 0.0 
0.0563888889 0.0 0.0 0.0 
0.0725 0.0 0.0 0.0 
0.0886111111 0.0 0.0 0.0 
0.1047222222 0.0 0.0 0.0 
0.1208333333 0.0 0.0 0.0 
0.1369444444 0.0 0.0 0.0 
0.1530555556 0.0 0.0 0.0 
0.1691666667 0.0 0.0 0.0 
0.1852777778 0.0 0.0 0.0 
0.2013888889 0.0 0.0 0.0 
0.2175 0.0 0.0 0.0 
0.2336111111 0.0 0.0 0.0 
0.2497222222 0.0 0.0 0.0 
0.2658333333 0.0 0.0 0.0 
0.2819444444 0.0 0.0 0.0 
0.2980555556 0.0 0.0 0.0 
0.3141666667 0.0 0.0 0.0 
0.3302777778 0.0 0.0 0.0 
0.3463888889 0.0 0.0 0.0 
0.3625 0.0 0.0 0.0 
0.3786111111 0.0 0.0 0.0 
0.3947222222 0.0 0.0 0.0 
0.4108333333 0.0 0.0 0.0 
0.4269444444 0.0 0.0 0.0 
0.4430555556 0.0 0.0 0.0 
0.4591666667 0.0 0.0 0.0 
0.4752777778 0.0 0.0 0.0 
0.4913888889 0.0 0.0 0.0 
0.5075 0.0 0.0 0.0 
0.5236111111 0.0 0.0 0.0 
0.5397222222 0.0 0.0 0.0 
0.5558333333 0.0 0.0 0.0 
0.5719444444 0.0 0.0 0.0 
0.5880555556 0.0 0.0 0.0 
0.6041666667 0.0 0.0 0.0 
0.6202777778 0.0 0.0 0.0 
0.6363888889 0.0 0.0 0.0 
0.6525 0.0 0.0 0.0 
0.6686111111 0.0 0.0 0.0 
0.6847222222 0.0 0.0 0.0 
0.7008333333 0.0 0.0 0.0 
0.7169444444 0.0 0.0 0.0 
0.7330555556 0.0 0.0 0.0 
0.7491666667 0.0 0.0 0.0 
0.7652777778 0.0 0.0 0.0 
0.7813888889 0.0 0.0 0.0 
0.7975 0.0132897938 0.0 0.0 
0.8136111111 0.051074774 0.0 0.0 
0.8297222222 0.2332753807 0.0 0.0 
0.8458333333 1.1637184036 0.0 0.0 
0.8619444444 2.3550142888 0.0 0.0 
0.8780555556 4.7580384775 0.0 0.0 
0.8941666667 7.1359116852 0.0 0.0 
0.9102777778 10.2773283341 0.0 0.0 
0.9263888889 12.887554078 0.0 0.0 
0.9425 14.7248798443 0.0 0.0 
0.9586111111 15.2182959862 0.0 0.0 
0.9747222222 16.2006603928 0.0 0.0 
0.9908333333 15.6393612445 0.0 0.0 
1.0069444444 15.11373885 0.0 0.0 
1.0230555556 15.0250753156 0.0 0.0 
1.0391666667 13.9679230251 0.0 0.0 
1.0552777778 12.4744694007 0.0 0.0 
1.0713888889 12.3672159129 0.0 0.0 
1.0875 11.3173823412 0.0 0.0 
1.1036111111 10.2155643377 0.0057832679 0.1542204761 
1.1197222222 9.7012367085 0.0280902152 0.4868970628 
1.1358333333 9.0381511197 0.0272989946 1.0919597825 
1.1519444444 8.0991717914 0.0796222158 2.6894615116 
1.1680555556 7.3909617454 0.1342309342 4.6464554142 
1.1841666667 7.1550512816 0.2210209607 6.9320210394 
1.2002777778 6.7589124698 0.3520266911 8.9962376623 
1.2163888889 6.0497735256 0.4284542157 12.5045156284 
1.2325 5.9872394326 0.4590587855 14.4673071791 
1.2486111111 5.6168617438 0.628011408 16.2951641109 
1.2647222222 5.1153291035 0.612113245 17.5854116907 
1.2808333333 4.9848764569 0.6569217036 16.8023111123 
1.2969444444 4.9472263852 0.5862634958 15.8570316958 
1.3130555556 4.6647839673 0.608734289 13.9995268243 
1.3291666667 4.5284628898 0.6339369603 13.9014268438 
1.3452777778 4.4603469224 0.6110597442 12.2211948833 
1.3613888889 4.1684166167 0.596682539 10.6414720338 
1.3775 4.1137995736 0.5790946882 10.2950166793 
1.3936111111 4.1215097957 0.5403950718 8.8736014022 
1.4097222222 3.8917386747 0.4926700144 8.7664544524 
1.4258333333 4.1327452125 0.5716825621 7.2066650251 
1.4419444444 3.996191929 0.4404077236 7.0013535547 
1.4580555556 4.0157179862 0.4572352163 7.156725124 
1.4741666667 4.0781700715 0.4278480762 5.7046410156 
1.4902777778 4.1674445799 0.4091326871 5.8779786566 
1.5063888889 4.190526295 0.4283649102 4.8630798979 
1.5225 4.1150707177 0.4193470381 5.5710355308 
1.5386111111 4.3721141001 0.3749056599 4.959069575 
1.5547222222 4.5145153956 0.39048868 5.4784978981 
1.5708333333 4.4634922646 0.4053568058 5.1192948715 
1.5869444444 4.700567908 0.3887771863 4.9412927749 
1.6030555556 4.7710209688 0.4440453849 4.7876498289 
1.6191666667 4.8973988666 0.4567466575 4.6570247433 
1.6352777778 5.1553929444 0.3608669698 4.6359552331 
1.6513888889 5.4163836461 0.4881719166 5.1486209194 
1.6675 5.3654239175 0.4661180363 4.3740786737 
1.6836111111 5.3243594686 0.4497848706 4.6883653182 
1.6997222222 5.5998600295 0.4315461622 4.3398427606 
1.7158333333 5.7693782556 0.4904713206 4.2268260146 
1.7319444444 5.8034352764 0.3921557381 4.6651660661 
1.7480555556 6.0330444369 0.4310634685 4.2568477992 
1.7641666667 6.2017344792 0.4549115504 4.1040113334 
1.7802777778 6.1233315191 0.4956093673 4.2226807079 
1.7963888889 6.4645145719 0.4627488821 4.6420406727 
1.8125 6.3835500684 0.486721035 4.2025252365 
1.8286111111 6.5142331059 0.5055671793 3.974319771 
1.8447222222 6.7126712445 0.488495348 4.6503653189 
1.8608333333 6.5957179001 0.4678679734 4.5159430478 
1.8769444444 6.5225622001 0.557842822 4.2254760947 
1.8930555556 6.5676844245 0.5503536359 4.0752376369 
1.9091666667 6.5605020976 0.5488342747 4.3803674506 
1.9252777778 6.4762470035 0.4959801843 4.5607373264 
1.9413888889 6.4577898165 0.5494559837 4.0991160688 
1.9575 6.3971480189 0.5900817569 4.0319189621 
1.9736111111 6.1553337795 0.5642118042 4.3883140328 
1.9897222222 6.1147701216 0.6316176074 4.0565863237 
2.0058333333 6.1135766339 0.6407700596 4.0383686814 
2.0219444444 5.9617480115 0.654720607 4.2614271088 
2.0380555556 5.874986601 0.5799692349 4.2282357479 
2.0541666667 5.7271026694 0.6510347561 4.1732997183 
2.0702777778 5.7319882228 0.6540889135 4.3386802306 
2.0863888889 5.5078804122 0.6844801147 4.6063515992 
2.1025 5.4591669176 0.6740302411 4.5785190533 
2.1186111111 5.3218418961 0.6591099305 4.1743628933 
2.1347222222 5.3577440556 0.7403956502 4.4619529092 
2.1508333333 5.1727169733 0.7247772517 4.4359616103 
2.1669444444 5.1167867013 0.7080396725 4.2802398283 
2.1830555556 4.9670487747 0.7094517086 4.3946591948 
2.1991666667 4.9600785611 0.7486141592 4.62179429 
2.2152777778 4.8554688751 0.7191054471 4.516537206 
2.2313888889 4.8492681964 0.7497847436 4.564727244 
2.2475 4.7607503169 0.736284759 4.7784137139 
2.2636111111 4.7987999827 0.7643327577 4.57316602 
2.2797222222 4.775125313 0.7982938264 4.5087563033 
2.2958333333 4.6850883912 0.7911382074 4.5169715221 
2.3119444444 4.6548092612 0.7880572839 4.7441575619 
2.3280555556 4.6795017375 0.7420972872 4.73070775 
2.3441666667 4.6753901847 0.774232514 4.6402677164 
2.3602777778 4.723300692 0.8395630312 4.939597754 
2.3763888889 4.7732284924 0.7708412272 4.9227400918 
2.3925 4.7756102574 0.8355595147 4.7746257984 
2.4086111111 4.69299541 0.8462738799 4.8242872544 
2.4247222222 4.7135052977 0.7991225747 4.7284414218 
2.4408333333 4.7720831109 0.8512709578 4.6346974369 
2.4569444444 4.8301243865 0.8833174278 5.0486394596 
2.4730555556 4.8786517587 0.8303843055 4.8909366861 
2.4891666667 4.9637203375 0.8731018321 4.615616456 
2.5052777778 4.85631499 0.817017312 4.7210432592 
2.5213888889 4.9094602921 0.8509287981 4.616584191 
2.5375 5.0770466791 0.8696944861 4.6383705924 
2.5536111111 4.9256895037 0.8846797595 4.7384556921 
2.5697222222 5.022843081 0.8501541657 4.601001633 
2.5858333333 5.0596825713 0.8806776243 4.6421683387 
2.6019444444 5.1333072916 0.8510773368 4.3837072281 
2.6180555556 5.1122516941 0.9197654618 4.5902633847 
2.6341666667 5.1778153886 0.8821553489 4.5072149012 
2.6502777778 5.0867748461 0.9055590423 4.365670392 
2.6663888889 5.2222524444 0.8906858182 4.4385678146 
2.6825 5.1185980139 0.8829557102 4.3723601317 
2.6986111111 5.2137745056 0.9024286906 4.4686179534 
2.7147222222 5.1836147246 0.8697660876 4.5304299507 
2.7308333333 5.163435965 0.9275407232 3.8411394512 
2.7469444444 5.2402694076 0.9232268854 4.3065251414 
2.7630555556 5.1494431691 0.9881483613 4.0350160287 
2.7791666667 5.2113877193 0.9548374181 4.4443562728 
2.7952777778 5.173664084 0.9375519511 4.2310036767 
2.8113888889 5.1407381161 1.0239768559 4.1470022941 
2.8275 5.0194134029 0.988552192 4.1116252789 
2.8436111111 5.0625263544 0.9678000516 4.0709741143 
2.8597222222 5.008745388 1.027554211 4.0941388793 
2.8758333333 5.0289239565 0.9820054401 3.9348353282 
2.8919444444 5.0771475718 1.030892908 4.1606298737 
