# Radial distribution function (180 data points):
# "Pair separation distance" 0-0 0-1 1-1
0.0080555556 0.0 0.0 0.0 
0.0241666667 0.0 0.0 0.0 
0.0402777778 0.0 0.0 0.0 
0.0563888889 0.0 0.0 0.0 
0.0725 0.0 0.0 0.0 
0.0886111111 0.0 0.0 0.0 
0.1047222222 0.0 0.0 0.0 
0.1208333333 0.0 0.0 0.0 
0.1369444444 0.0 0.0 0.0 
0.1530555556 0.0 0.0 0.0 
0.1691666667 0.0 0.0 0.0 
0.1852777778 0.0 0.0 0.0 
0.2013888889 0.0 0.0 0.0 
0.2175 0.0 0.0 0.0 
0.2336111111 0.0 0.0 0.0 
0.2497222222 0.0 0.0 0.0 
0.2658333333 0.0 0.0 0.0 
0.2819444444 0.0 0.0 0.0 
0.2980555556 0.0 0.0 0.0 
0.3141666667 0.0 0.0 0.0 
0.3302777778 0.0 0.0 0.0 
0.3463888889 0.0 0.0 0.0 
0.3625 0.0 0.0 0.0 
0.3786111111 0.0 0.0 0.0 
0.3947222222 0.0 0.0 0.0 
0.4108333333 0.0 0.0 0.0 
0.4269444444 0.0 0.0 0.0 
0.4430555556 0.0 0.0 0.0 
0.4591666667 0.0 0.0 0.0 
0.4752777778 0.0 0.0 0.0 
0.4913888889 0.0 0.0 0.0 
0.5075 0.0 0.0 0.0 
0.5236111111 0.0 0.0 0.0 
0.5397222222 0.0 0.0 0.0 
0.5558333333 0.0 0.0 0.0 
0.5719444444 0.0 0.0 0.0 
0.5880555556 0.0 0.0 0.0 
0.6041666667 0.0 0.0 0.0 
0.6202777778 0.0 0.0 0.0 
0.6363888889 0.0 0.0 0.0 
0.6525 0.0 0.0 0.0 
0.6686111111 0.0 0.0 0.0 
0.6847222222 0.0 0.0 0.0 
0.7008333333 0.0 0.0 0.0 
0.7169444444 0.0 0.0 0.0 
0.7330555556 0.0 0.0 0.0 
0.7491666667 0.0 0.0 0.0 
0.7652777778 0.0 0.0 0.0 
0.7813888889 0.0 0.0 0.0 
0.7975 0.0143571583 0.0 0.0 
0.8136111111 0.0551768245 0.0 0.0 
0.8297222222 0.3979117921 0.0 0.0 
0.8458333333 1.6464616953 0.0 0.0 
0.8619444444 3.9084140883 0.0 0.0 
0.8780555556 8.0063609463 0.0 0.0 
0.8941666667 12.7455956747 0.0 0.0 
0.9102777778 17.874597677 0.0 0.0 
0.9263888889 23.3338098488 0.0 0.0 
0.9425 26.9219708322 0.0 0.0 
0.9586111111 28.8566635691 0.0 0.0 
0.9747222222 30.5921260518 0.0 0.0 
0.9908333333 29.3542408089 0.0 0.0 
1.0069444444 29.6472342788 0.0 0.0 
1.0230555556 27.5953828846 0.0 0.0 
1.0391666667 26.5011378973 0.0 0.0 
1.0552777778 25.3209452591 0.0 0.0 
1.0713888889 24.3901423132 0.0 0.0 
1.0875 21.6962406536 0.0 0.0857898009 
1.1036111111 20.5425978919 0.0 0.0 
1.1197222222 18.2660267237 0.0242770158 0.5664637031 
1.1358333333 18.055877574 0.0471864042 1.5728801406 
1.1519444444 15.9165936239 0.1261583296 3.3642221235 
1.1680555556 15.6545641864 0.3011780198 5.8004655672 
1.1841666667 14.1895790274 0.3907181008 11.2874118009 
1.2002777778 13.5640182528 0.4965022258 17.7473136018 
1.2163888889 12.5220505612 0.6582973845 20.5032206221 
1.2325 11.0366502674 0.7313684364 23.4438649472 
1.2486111111 11.1988161686 0.9761869045 25.5760968982 
1.2647222222 10.2017111844 0.8943861699 29.0516926101 
1.2808333333 9.8075285002 1.224549529 26.7174442684 
1.2969444444 9.7228122294 1.1762196071 24.7910901809 
1.3130555556 9.1096447087 0.9886436118 23.6568292823 
1.3291666667 8.97284498 0.9389785933 22.6848039368 
1.3452777778 8.638120875 0.8409385587 19.229461709 
1.3613888889 8.1786808202 0.7636720043 15.9303622402 
1.3775 8.2579787619 0.601542742 13.1002641586 
1.3936111111 8.2750242326 0.6425681696 12.537915504 
1.4097222222 7.9077639245 0.7122041884 9.8534342916 
1.4258333333 8.2331297754 0.5988819622 8.8335089425 
1.4419444444 7.9886936764 0.5562953266 8.3444298984 
1.4580555556 8.2168820159 0.5870224127 7.6837893045 
1.4741666667 7.9038000135 0.5672583742 5.4624880476 
1.4902777778 7.7256093342 0.4796812608 6.3043822844 
1.5063888889 8.0562024223 0.5432504131 5.4101481469 
1.5225 7.9969066522 0.4989859652 5.8215029269 
1.5386111111 8.0308899021 0.4628754987 4.5430373018 
1.5547222222 8.4961975254 0.4722208496 4.4913449692 
1.5708333333 8.5115461021 0.413241731 2.9605377747 
1.5869444444 8.5934155446 0.5197143016 4.55253613 
1.6030555556 9.1109122127 0.5152426953 3.7508088933 
1.6191666667 8.9026397763 0.5630908048 4.2183434864 
1.6352777778 9.3359081664 0.4894465388 3.8700424001 
1.6513888889 9.5798859899 0.585976948 2.8647761902 
1.6675 9.6124103557 0.5199743673 2.7731966254 
1.6836111111 10.083286353 0.601346151 3.7942078574 
1.6997222222 10.2407201348 0.6690182393 3.3714304971 
1.7158333333 10.4153038352 0.5479562272 3.411802924 
1.7319444444 10.4933674613 0.4819987955 3.2133253033 
1.7480555556 10.772992976 0.5827277754 3.6192209412 
1.7641666667 11.3399698477 0.5819130711 3.0644161727 
1.7802777778 10.9714259929 0.6098437942 3.105241367 
1.7963888889 11.1179071115 0.7168583528 3.3327625175 
1.8125 11.5854648557 0.6717420042 3.1811230543 
1.8286111111 11.469603803 0.5780316202 3.58045833 
1.8447222222 11.7799770579 0.6618969645 2.9815178582 
1.8608333333 11.8485006166 0.4790735838 3.428232985 
1.8769444444 12.1280837189 0.7387270485 3.1680302274 
1.8930555556 12.1161830218 0.670997868 3.3408332669 
1.9091666667 11.789796342 0.6931244485 3.590885697 
1.9252777778 11.9406600198 0.6240906138 3.7500181618 
1.9413888889 11.8717065235 0.6864592207 4.0918353551 
1.9575 11.2815014719 0.7903882527 3.9982789332 
1.9736111111 11.5083245543 0.7267428421 4.0114121033 
1.9897222222 11.1151236034 0.6804236279 3.9979693393 
2.0058333333 11.080271336 0.7868006411 3.7322594513 
2.0219444444 11.1433921143 0.8413197761 4.0204661867 
2.0380555556 10.7964326463 0.7657824011 3.2976275646 
2.0541666667 10.5455072311 0.793491891 3.5346456962 
2.0702777778 10.326620827 0.9232244739 3.6455530508 
2.0863888889 10.3041060906 0.9090213028 4.0090170276 
2.1025 10.0104573494 0.8194004846 3.9937166479 
2.1186111111 10.1822590421 0.8951436521 4.2722765212 
2.1347222222 9.6945064586 0.8382668875 3.5400912382 
2.1508333333 9.6682501156 0.8981326669 3.596917152 
2.1669444444 9.5327981208 0.8588982395 3.4788079638 
2.1830555556 9.2891442672 0.9676191945 4.2579502508 
2.1991666667 9.125217155 1.0384583975 3.4615279918 
2.2152777778 9.225562813 0.9458775911 3.7628354443 
2.2313888889 8.86541093 0.9903437944 3.9124693113 
2.2475 8.6556069119 0.9731833168 4.5194271678 
2.2636111111 8.9997522588 1.0663072808 3.6236626257 
2.2797222222 8.7060795241 1.0307904448 3.8654641681 
2.2958333333 8.7644935695 1.0770099827 4.0038977015 
2.3119444444 8.6906015013 0.9823266883 3.8913424367 
2.3280555556 8.427522452 1.0024741821 3.6691865489 
2.3441666667 8.486562617 0.9748939499 4.1359137267 
2.3602777778 8.4530581005 1.1200807385 4.3892594795 
2.3763888889 8.4843586436 0.9432455134 4.5275784643 
2.3925 8.2492344652 1.0263019737 4.0945726411 
2.4086111111 8.3659048834 1.0913190441 4.005000979 
2.4247222222 8.6868811536 1.0380354439 4.8320851918 
2.4408333333 8.7365842931 1.0575865197 4.3086858209 
2.4569444444 8.4922901312 1.0866218521 4.5380959019 
2.4730555556 8.5089117546 1.1372090635 4.2800866286 
2.4891666667 8.7572514928 1.1863997731 4.421365614 
2.5052777778 8.6769882551 1.0450989095 3.637235184 
2.5213888889 8.6512001551 1.2448458909 3.9739311134 
2.5375 8.806892257 0.9903617433 3.8921137726 
2.5536111111 8.8837608501 1.1482793028 3.718682295 
2.5697222222 9.0285400627 1.1385354549 4.0102260961 
2.5858333333 8.7593349848 1.0925269703 4.0211062103 
2.6019444444 8.9465833975 1.1082631326 3.6567438045 
2.6180555556 8.9660389527 1.1035466467 3.4046375419 
2.6341666667 9.0869988555 1.1602757409 3.2900068268 
2.6502777778 9.015856313 1.2090477824 3.7845940143 
2.6663888889 9.0844784455 1.1580901171 3.5677452776 
2.6825 8.9084262554 1.1294158643 3.4122177173 
2.6986111111 8.992967553 1.2162825609 3.4551898636 
2.7147222222 8.9893851869 1.1998237523 3.3454638187 
2.7308333333 8.844445464 1.1408106083 3.3469219994 
2.7469444444 8.9842454812 1.2101623762 3.6170408801 
2.7630555556 8.8953278759 1.1602081538 3.3357645658 
2.7791666667 9.0183051759 1.1704407609 3.4811088848 
2.7952777778 9.0712500012 1.1745176825 3.0775090187 
2.8113888889 8.7642437079 1.2092330276 3.4916282751 
2.8275 8.801713872 1.2392758307 3.4011871236 
2.8436111111 8.9473151148 1.2497406782 3.3878512362 
2.8597222222 8.854600715 1.2878065773 3.1760932928 
2.8758333333 8.6562969085 1.1225214954 3.3368944999 
2.8919444444 8.6507405126 1.2938441887 3.372608387 
