# Radial distribution function (200 data points):
# "Pair separation distance" 0-0 0-1 1-1
0.00625 0.0 0.0 0.0 
0.01875 0.0 0.0 0.0 
0.03125 0.0 0.0 0.0 
0.04375 0.0 0.0 0.0 
0.05625 0.0 0.0 0.0 
0.06875 0.0 0.0 0.0 
0.08125 0.0 0.0 0.0 
0.09375 0.0 0.0 0.0 
0.10625 0.0 0.0 0.0 
0.11875 0.0 0.0 0.0 
0.13125 0.0 0.0 0.0 
0.14375 0.0 0.0 0.0 
0.15625 0.0 0.0 0.0 
0.16875 0.0 0.0 0.0 
0.18125 0.0 0.0 0.0 
0.19375 0.0 0.0 0.0 
0.20625 0.0 0.0 0.0 
0.21875 0.0 0.0 0.0 
0.23125 0.0 0.0 0.0 
0.24375 0.0 0.0 0.0 
0.25625 0.0 0.0 0.0 
0.26875 0.0 0.0 0.0 
0.28125 0.0 0.0 0.0 
0.29375 0.0 0.0 0.0 
0.30625 0.0 0.0 0.0 
0.31875 0.0 0.0 0.0 
0.33125 0.0 0.0 0.0 
0.34375 0.0 0.0 0.0 
0.35625 0.0 0.0 0.0 
0.36875 0.0 0.0 0.0 
0.38125 0.0 0.0 0.0 
0.39375 0.0 0.0 0.0 
0.40625 0.0 0.0 0.0 
0.41875 0.0 0.0 0.0 
0.43125 0.0 0.0 0.0 
0.44375 0.0 0.0 0.0 
0.45625 0.0 0.0 0.0 
0.46875 0.0 0.0 0.0 
0.48125 0.0 0.0 0.0 
0.49375 0.0 0.0 0.0 
0.50625 0.0 0.0 0.0 
0.51875 0.0 0.0 0.0 
0.53125 0.0 0.0 0.0 
0.54375 0.0 0.0 0.0 
0.55625 0.0 0.0 0.0 
0.56875 0.0 0.0 0.0 
0.58125 0.0 0.0 0.0 
0.59375 0.0 0.0 0.0 
0.60625 0.0 0.0 0.0 
0.61875 0.0 0.0 0.0 
0.63125 0.0 0.0 0.0 
0.64375 0.0 0.0 0.0 
0.65625 0.0 0.0 0.0 
0.66875 0.0 0.0 0.0 
0.68125 0.0 0.0 0.0 
0.69375 0.0 0.0 0.0 
0.70625 0.0 0.0 0.0 
0.71875 0.0 0.0 0.0 
0.73125 0.0 0.0 0.0 
0.74375 0.0 0.0 0.0 
0.75625 0.0 0.0 0.0 
0.76875 0.0 0.0 0.0 
0.78125 0.0 0.0 0.0 
0.79375 0.0 0.0 0.0 
0.80625 0.1980887686 0.0 0.0 
0.81875 0.3841730901 0.0 0.0 
0.83125 0.9317652525 0.0 0.0 
0.84375 2.9301341665 0.0 0.0 
0.85625 6.463190303 0.0 0.0 
0.86875 11.1239358259 0.0 0.0 
0.88125 18.6035284249 0.0 0.0 
0.89375 26.6304718107 0.0 0.0 
0.90625 34.304603179 0.0 0.0 
0.91875 41.4625545349 0.0 0.0 
0.93125 48.5530668542 0.0 0.0 
0.94375 53.2607588634 0.0 0.0 
0.95625 56.8060798861 0.0 0.0 
0.96875 61.4141758295 0.0 0.0 
0.98125 63.6307778031 0.0 0.0 
0.99375 63.5265509596 0.0 0.0 
1.00625 58.1429224378 0.0 0.0 
1.01875 58.3377855215 0.0 0.0 
1.03125 56.9805568566 0.0 0.0 
1.04375 53.9455313083 0.0 0.0 
1.05625 50.2063617789 0.0 0.0 
1.06875 51.8346019109 0.0 0.0 
1.08125 46.6779614804 0.0 0.0 
1.09375 44.3685397129 0.0 0.0 
1.10625 43.1190091695 0.0 0.701464278 
1.11875 40.2678287839 0.0342938416 2.5148817159 
1.13125 38.0345430859 0.1006204844 3.5776172215 
1.14375 37.3849178175 0.1640552827 5.6872497996 
1.15625 33.1135816613 0.1926328194 8.9895315737 
1.16875 31.9000213402 0.4713360127 13.6163737005 
1.18125 30.3056399716 0.5536962236 21.3275582423 
1.19375 28.1562438875 0.7530018156 29.3168706859 
1.20625 25.9650747483 1.3274578092 34.4155728315 
1.21875 26.6488704421 1.4159560309 42.1897103073 
1.23125 25.0912490152 1.9819312018 46.6225720811 
1.24375 24.3896621283 1.9700409683 51.2395632123 
1.25625 22.764414111 2.0126244256 60.1974152518 
1.26875 21.3581506107 1.733183258 60.6169734354 
1.28125 20.6767468763 2.3009025356 54.5592798203 
1.29375 19.648291634 2.6413130231 54.5358481792 
1.30625 19.5608211819 2.0124301628 51.6523741773 
1.31875 20.1691182923 2.1719070114 42.2863713586 
1.33125 18.3680327048 1.8164589305 46.0169595717 
1.34375 17.2149270341 1.6164250736 40.7275729336 
1.35625 17.3330931296 1.5867667378 38.8913416119 
1.36875 16.6880428577 1.42045395 35.4349802581 
1.38125 15.8204221533 1.3048698591 25.0475018924 
1.39375 16.6780768893 1.3036652576 22.096021316 
1.40625 16.4610352879 1.5410515631 19.2450570789 
1.41875 17.1702239557 1.0235602954 20.6133670606 
1.43125 16.2933071303 1.0267130265 17.8801724338 
1.44375 16.0247503042 1.1325639511 14.2771698076 
1.45625 16.163727293 0.9917638835 14.1680554785 
1.46875 16.3792394974 1.0147488027 11.5402805011 
1.48125 16.1391774466 1.1737583598 12.6505067663 
1.49375 15.7432358551 1.1541961771 7.1816651017 
1.50625 16.1527432597 0.7756646447 9.7115736004 
1.51875 16.379214967 0.8559916933 9.9245413721 
1.53125 16.5412512812 1.1166626031 7.3223777252 
1.54375 16.3717204818 1.0446202288 7.3243487304 
1.55625 16.8966588614 0.7266236767 6.1438099489 
1.56875 17.0261235258 0.9767085817 7.3253143627 
1.58125 17.2832980838 0.8411617065 7.4388450235 
1.59375 17.4390903412 0.9970022579 5.4074698732 
1.60625 17.458194949 1.0148178882 4.8799985881 
1.61875 17.5532579954 1.0319664555 7.3165875681 
1.63125 18.9305694608 0.7419957355 4.5164957814 
1.64375 18.71046916 0.8260692786 4.9775969351 
1.65625 18.6356553317 1.2048240643 4.6941197309 
1.66875 18.5332306874 1.0943607608 6.5764402528 
1.68125 19.9988918456 0.9262964332 5.365432892 
1.69375 19.7047958343 1.2867216718 6.583227158 
1.70625 20.2840553053 1.0172988923 5.5042258909 
1.71875 20.9141834822 1.1623834088 5.7150517598 
1.73125 21.549841243 0.95948921 5.4418791018 
1.74375 21.6654763231 1.0304793925 5.0818161821 
1.75625 22.1680769337 1.2106859342 5.6591449799 
1.76875 22.0698866745 1.0701548928 5.4879738094 
1.78125 21.9073249429 1.1498842906 5.4112201909 
1.79375 22.1713524495 1.1605942618 4.624590162 
1.80625 23.2390491583 1.1445863206 5.6132968981 
1.81875 23.2632760062 1.1678351409 4.3253153366 
1.83125 22.9544534085 1.2543417163 4.6931152651 
1.84375 22.8488112211 1.1363798684 5.8081637719 
1.85625 22.7962424513 1.2332393457 5.3149709176 
1.86875 23.200251354 1.1676329088 5.8996189076 
1.88125 23.6060990065 1.2370643746 5.2555022449 
1.89375 23.2452292331 1.3883465096 6.064042226 
1.90625 23.1681658501 1.322950227 6.0635218737 
1.91875 23.7836550756 1.3057692983 4.1193912386 
1.93125 22.6274666835 1.4960688988 5.9842755953 
1.94375 22.8826877408 1.2610358153 4.7714868688 
1.95625 23.2439615427 1.559018845 4.9350236821 
1.96875 22.1125444452 1.3621008447 5.906128324 
1.98125 22.451119832 1.4543146979 5.1757565688 
1.99375 22.2676666467 1.371347912 5.1830472265 
2.00625 20.9417274612 1.3756405146 5.1897549128 
2.01875 20.8980483877 1.4745120322 5.8980481288 
2.03125 20.5417650469 1.3003750789 5.9643870287 
2.04375 21.3024306578 1.3770022712 5.6176212058 
2.05625 20.5934924653 1.6547073212 4.6697261826 
2.06875 20.78466323 1.5946542432 6.2850104344 
2.08125 20.0838902963 1.7440125775 5.2848865986 
2.09375 20.1796581613 1.5274268186 4.5692255258 
2.10625 19.569315895 1.5480522808 5.3536808045 
2.11875 19.3104068182 1.7210701264 5.2906970552 
2.13125 18.9087928054 1.6064441664 5.9217941819 
2.14375 18.6272829802 1.8119198246 5.6661410322 
2.15625 18.528262008 1.7448139111 5.3544553885 
2.16875 18.3481483861 1.8342672961 6.083805294 
2.18125 17.3157044838 1.7050474875 6.4352762313 
2.19375 17.7771520867 1.8194556621 5.5891775241 
2.20625 17.5868642084 1.8165333067 5.3496611946 
2.21875 17.1119954884 1.8397182554 6.2777115824 
2.23125 17.1380669683 1.9053792132 5.6902727634 
2.24375 17.5001197918 1.8501052299 6.7069867012 
2.25625 17.321927203 1.9055468983 6.5766662862 
2.26875 16.8613956793 1.8262342501 4.9477883794 
2.28125 16.6078381711 1.8970017776 5.3885847595 
2.29375 16.8384924686 1.9253315032 6.4177716773 
2.30625 16.1093112668 1.6704876426 5.4337923319 
2.31875 16.2091205101 1.9958038453 6.0672436898 
2.33125 16.2916524225 1.9349693831 6.107658461 
2.34375 15.705769156 1.8049913806 5.105026127 
2.35625 16.3327860786 2.0564806858 6.1849043183 
2.36875 16.4178952385 2.0424834725 5.8648089722 
2.38125 16.0370593589 2.1043625516 6.0052552431 
2.39375 15.905964014 1.7453563225 6.1424557274 
2.40625 15.7811680018 1.9274256297 6.029382739 
2.41875 16.093898506 1.9442391977 6.6519881985 
2.43125 16.5431575408 2.0041749984 5.906022942 
2.44375 15.9991686226 2.1346599645 6.5165826076 
2.45625 15.8239359262 2.027615205 6.4978545751 
2.46875 16.2007439157 1.9296660724 6.0096656269 
2.48125 15.9040652278 2.1473137341 5.0661730955 
2.49375 16.2585406925 2.0361137308 5.4756504851 
