# Radial distribution function (400 data points):
# "Pair separation distance" 0-0 0-1 1-1
0.00375 0.0 0.0 0.0 
0.01125 0.0 0.0 0.0 
0.01875 0.0 0.0 0.0 
0.02625 0.0 0.0 0.0 
0.03375 0.0 0.0 0.0 
0.04125 0.0 0.0 0.0 
0.04875 0.0 0.0 0.0 
0.05625 0.0 0.0 0.0 
0.06375 0.0 0.0 0.0 
0.07125 0.0 0.0 0.0 
0.07875 0.0 0.0 0.0 
0.08625 0.0 0.0 0.0 
0.09375 0.0 0.0 0.0 
0.10125 0.0 0.0 0.0 
0.10875 0.0 0.0 0.0 
0.11625 0.0 0.0 0.0 
0.12375 0.0 0.0 0.0 
0.13125 0.0 0.0 0.0 
0.13875 0.0 0.0 0.0 
0.14625 0.0 0.0 0.0 
0.15375 0.0 0.0 0.0 
0.16125 0.0 0.0 0.0 
0.16875 0.0 0.0 0.0 
0.17625 0.0 0.0 0.0 
0.18375 0.0 0.0 0.0 
0.19125 0.0 0.0 0.0 
0.19875 0.0 0.0 0.0 
0.20625 0.0 0.0 0.0 
0.21375 0.0 0.0 0.0 
0.22125 0.0 0.0 0.0 
0.22875 0.0 0.0 0.0 
0.23625 0.0 0.0 0.0 
0.24375 0.0 0.0 0.0 
0.25125 0.0 0.0 0.0 
0.25875 0.0 0.0 0.0 
0.26625 0.0 0.0 0.0 
0.27375 0.0 0.0 0.0 
0.28125 0.0 0.0 0.0 
0.28875 0.0 0.0 0.0 
0.29625 0.0 0.0 0.0 
0.30375 0.0 0.0 0.0 
0.31125 0.0 0.0 0.0 
0.31875 0.0 0.0 0.0 
0.32625 0.0 0.0 0.0 
0.33375 0.0 0.0 0.0 
0.34125 0.0 0.0 0.0 
0.34875 0.0 0.0 0.0 
0.35625 0.0 0.0 0.0 
0.36375 0.0 0.0 0.0 
0.37125 0.0 0.0 0.0 
0.37875 0.0 0.0 0.0 
0.38625 0.0 0.0 0.0 
0.39375 0.0 0.0 0.0 
0.40125 0.0 0.0 0.0 
0.40875 0.0 0.0 0.0 
0.41625 0.0 0.0 0.0 
0.42375 0.0 0.0 0.0 
0.43125 0.0 0.0 0.0 
0.43875 0.0 0.0 0.0 
0.44625 0.0 0.0 0.0 
0.45375 0.0 0.0 0.0 
0.46125 0.0 0.0 0.0 
0.46875 0.0 0.0 0.0 
0.47625 0.0 0.0 0.0 
0.48375 0.0 0.0 0.0 
0.49125 0.0 0.0 0.0 
0.49875 0.0 0.0 0.0 
0.50625 0.0 0.0 0.0 
0.51375 0.0 0.0 0.0 
0.52125 0.0 0.0 0.0 
0.52875 0.0 0.0 0.0 
0.53625 0.0 0.0 0.0 
0.54375 0.0 0.0 0.0 
0.55125 0.0 0.0 0.0 
0.55875 0.0 0.0 0.0 
0.56625 0.0 0.0 0.0 
0.57375 0.0 0.0 0.0 
0.58125 0.0 0.0 0.0 
0.58875 0.0 0.0 0.0 
0.59625 0.0 0.0 0.0 
0.60375 0.0 0.0 0.0 
0.61125 0.0 0.0 0.0 
0.61875 0.0 0.0 0.0 
0.62625 0.0 0.0 0.0 
0.63375 0.0 0.0 0.0 
0.64125 0.0 0.0 0.0 
0.64875 0.0 0.0 0.0 
0.65625 0.0 0.0 0.0 
0.66375 0.0 0.0 0.0 
0.67125 0.0 0.0 0.0 
0.67875 0.0 0.0 0.0 
0.68625 0.0 0.0 0.0 
0.69375 0.0 0.0 0.0 
0.70125 0.0 0.0 0.0 
0.70875 0.0 0.0 0.0 
0.71625 0.0 0.0 0.0 
0.72375 0.0 0.0 0.0 
0.73125 0.0 0.0 0.0 
0.73875 0.0 0.0 0.0 
0.74625 0.0 0.0 0.0 
0.75375 0.0 0.0 0.0 
0.76125 0.0 0.0 0.0 
0.76875 0.0 0.0 0.0 
0.77625 0.0 0.0 0.0 
0.78375 0.0 0.0 0.0 
0.79125 0.0168493434 0.0 0.0 
0.79875 0.0 0.0 0.0 
0.80625 0.0324564553 0.0 0.0 
0.81375 0.0637218818 0.0 0.0 
0.82125 0.1251266687 0.0 0.0 
0.82875 0.2457443913 0.0 0.0 
0.83625 0.4676276691 0.0 0.0 
0.84375 1.0076092838 0.0 0.0 
0.85125 1.6741503576 0.0 0.0 
0.85875 2.5033147991 0.0 0.0 
0.86625 2.8959542125 0.0 0.0 
0.87375 4.3664020012 0.0 0.0 
0.88125 5.5284986347 0.0 0.0 
0.88875 6.7443989507 0.0 0.0 
0.89625 8.77261903 0.0 0.0 
0.90375 9.3896407551 0.0 0.0 
0.91125 11.2683353789 0.0 0.0 
0.91875 12.1848778143 0.0 0.0 
0.92625 13.623685968 0.0 0.0 
0.93375 14.3494350656 0.0 0.0 
0.94125 16.2172984862 0.0 0.0 
0.94875 15.8681575473 0.0 0.0 
0.95625 17.7775207783 0.0 0.0 
0.96375 18.444578277 0.0 0.0 
0.97125 18.6416803558 0.0 0.0 
0.97875 18.4341644391 0.0 0.0 
0.98625 17.8511987096 0.0 0.0 
0.99375 18.063459997 0.0 0.0 
1.00125 17.1625000296 0.0 0.0 
1.00875 17.8308903632 0.0 0.0 
1.01625 17.2724600966 0.0 0.0 
1.02375 17.4027908247 0.0 0.0 
1.03125 15.3551759695 0.0 0.0 
1.03875 16.3758755762 0.0 0.0 
1.04625 15.1589667261 0.0 0.0 
1.05375 14.7824446938 0.0 0.0 
1.06125 14.5555117513 0.0 0.0 
1.06875 14.2318802153 0.0 0.0 
1.07625 12.9322453894 0.0 0.0 
1.08375 12.6460932348 0.0 0.099795559 
1.09125 12.9689415395 0.0 0.0984285181 
1.09875 11.9274297614 0.0 0.0970893753 
1.10625 10.9301142476 0.0 0.0957773769 
1.11375 10.8429333525 0.0 0.4724589696 
1.12125 10.1193928276 0.0139847883 0.4661596106 
1.12875 10.7802178817 0.0137995621 0.6439795628 
1.13625 10.3850803274 0.0408539745 0.8170794907 
1.14375 9.7574262808 0.0268799622 1.1647983623 
1.15125 9.368052572 0.0663271918 2.2109063939 
1.15875 8.8464913838 0.0916599166 3.6663966659 
1.16625 8.7718555935 0.1551168098 4.5673282882 
1.17375 8.4993158633 0.1403790908 5.9554765809 
1.18125 8.1346870186 0.2646041316 7.4761167354 
1.18875 7.7188342828 0.323484351 8.2944705382 
1.19625 7.7550409329 0.3931579687 9.9927650382 
1.20375 7.7096672405 0.3640069519 11.0819894235 
1.21125 7.2621645455 0.4074481758 11.5843108812 
1.21875 6.9031818761 0.4379590696 15.4666626397 
1.22625 6.5874885971 0.444310555 13.4852150905 
1.23375 6.6601099318 0.4851276745 16.0939180916 
1.24125 6.3059927149 0.502105826 15.4435579819 
1.24875 6.3995952481 0.6426654847 17.4384084749 
1.25625 6.2766199316 0.5793117438 19.5332036683 
1.26375 6.0768412946 0.71557008 18.2745589656 
1.27125 5.5157833077 0.7289102202 17.7694531282 
1.27875 6.0189783912 0.6773769894 18.2067465923 
1.28625 5.1009569677 0.9458024378 17.6408095131 
1.29375 5.6218155356 0.5672235406 17.857037389 
1.30125 5.2830758231 0.8514391067 16.1288871432 
1.30875 5.2904457425 0.831443743 14.9180852655 
1.31625 5.3947268157 0.6291818333 14.4102936011 
1.32375 5.1772486325 0.6923065032 14.6488042704 
1.33125 5.0238392562 0.5754002308 16.1376616443 
1.33875 5.2620030328 0.5003023018 13.4067937078 
1.34625 5.1569728484 0.5626494078 13.3871755659 
1.35375 4.7258375183 0.5948069958 12.7275905555 
1.36125 4.7592999004 0.6546883834 10.437061185 
1.36875 4.7016554892 0.619379765 11.0737594357 
1.37625 4.8232062326 0.5105395358 10.6439757764 
1.38375 4.6278218677 0.4958380573 10.4676923198 
1.39125 4.7633632862 0.563174149 11.2029266203 
1.39875 4.6315419612 0.5571509538 8.1475838407 
1.40625 4.4862510631 0.5067703341 7.8238227023 
1.41375 4.9665755685 0.5981706317 9.0898478346 
1.42125 4.7889582541 0.3481612689 8.4138973324 
1.42875 4.6612965372 0.4392574342 8.6128908669 
1.43625 4.4542107686 0.375019659 7.1594662181 
1.44375 4.8078655353 0.3542637763 7.6475989802 
1.45125 4.933606155 0.4841779306 7.6244110912 
1.45875 4.754113996 0.4296383868 6.003921047 
1.46625 4.6172809924 0.4579662338 5.506498763 
1.47375 4.5266927497 0.4695067587 6.4759552929 
1.48125 4.6829010494 0.4888038399 5.5558032071 
1.48875 4.7833842925 0.3966321967 5.7115036329 
1.49625 4.8015187228 0.5026123622 7.0679863436 
1.50375 4.4785015709 0.5131616383 5.6499614725 
1.51125 4.3464009119 0.3926079463 5.7479856197 
1.51875 4.8661091062 0.3811175678 5.7421713555 
1.52625 4.7957596691 0.4905954965 5.4342885769 
1.53375 4.8117536443 0.5157051902 5.6304044921 
1.54125 4.8893819124 0.4440855506 5.4277122854 
1.54875 4.9037131631 0.3225162618 6.98785234 
1.55625 5.0743455091 0.4863821876 5.4687748452 
1.56375 5.0301015319 0.3451184584 5.032977519 
1.57125 5.1573848828 0.4415325362 4.5102785959 
1.57875 5.2439367078 0.4302934345 4.5145540664 
1.58625 5.2992776376 0.5030959783 4.611713134 
1.59375 5.2495195294 0.3737790804 4.6145565484 
1.60125 5.1222875021 0.5417144748 5.2571446921 
1.60875 5.3925678304 0.5434686652 4.4836164879 
1.61625 5.3062925358 0.4172883526 5.0702778331 
1.62375 5.5334597929 0.4934635149 4.7123542865 
1.63125 5.4192648828 0.5021508548 4.6250736625 
1.63875 5.7979420306 0.4386428591 4.8447121755 
1.64625 5.753018701 0.493041747 4.9304174704 
1.65375 5.8128146138 0.4564364494 4.8000828486 
1.66125 6.1006462134 0.5224028712 4.1622342586 
1.66875 6.114119472 0.4545813734 4.0828141869 
1.67625 5.9168639817 0.4380081205 5.2560974457 
1.68375 6.3293929196 0.5147360497 5.1266883665 
1.69125 6.1811795937 0.3995392538 5.0403413553 
1.69875 6.3460538748 0.4813155301 4.3054384967 
1.70625 6.3085045684 0.4710543331 4.8313264931 
1.71375 6.3288376358 0.41904903 5.0684977913 
1.72125 6.3272138467 0.4569456633 4.5892378304 
1.72875 6.6430608488 0.4529894486 4.157305762 
1.73625 6.7012722825 0.5424006286 4.9379842175 
1.74375 6.9421126498 0.4683584247 5.2039824961 
1.75125 6.8655803688 0.4758209507 4.2040405287 
1.75875 6.8446646069 0.4206154965 4.1303683893 
1.76625 6.9760230114 0.5297674609 4.4335149208 
1.77375 6.8333300002 0.4302963772 4.5451219061 
1.78125 6.6528904338 0.5319652521 3.9158553278 
1.78875 7.2335314206 0.5659782257 4.5791118585 
1.79625 7.1765218284 0.4849737606 4.141348967 
1.80375 7.1947824583 0.5512000982 4.5032687762 
1.81125 7.1739084745 0.4608965552 4.9662497034 
1.81875 7.0096242583 0.4464728827 4.6419006058 
1.82625 7.148271673 0.5587881986 4.2524133354 
1.83375 7.1557985363 0.4757983829 4.7754123409 
1.84125 7.5114680513 0.5289766233 4.4254253455 
1.84875 7.3889181418 0.6121423412 4.5267668928 
1.85625 7.3599458318 0.433718383 4.0140211137 
1.86375 7.3554952375 0.6175133629 3.9817801543 
1.87125 7.465360298 0.5422779877 4.1507697828 
1.87875 7.3849551186 0.6176544143 4.1509033222 
1.88625 7.3144849483 0.5583953514 5.0403828181 
1.89375 7.3449080253 0.5784936237 4.6410222916 
1.90125 7.1557494746 0.5204358305 4.7666085407 
1.90875 7.2270257302 0.5260054785 4.6648803903 
1.91625 7.2366397967 0.5554123438 4.9157184451 
1.92375 7.186024751 0.6508564002 4.7824484878 
1.93125 7.3679024476 0.6740947217 3.9597172463 
1.93875 7.2183922788 0.5192078428 4.116242357 
1.94625 7.4302207283 0.6358947025 4.5796796093 
1.95375 7.1991776589 0.5527199738 4.3603464601 
1.96125 7.0317797168 0.6627717492 4.4489505922 
1.96875 7.1552135081 0.5534018309 3.7800671506 
1.97625 6.9875643496 0.5717179954 3.7214189724 
1.98375 6.9803992289 0.5539999388 4.3783866131 
1.99125 6.9146128236 0.6074784897 4.493271554 
1.99875 6.4904991036 0.6689421371 4.3422559775 
2.00625 6.7251151606 0.6595819624 4.5428161646 
2.01375 6.5554515314 0.6546780299 5.0582187742 
2.02125 6.5636990615 0.6412215842 4.8199206326 
2.02875 6.8612696839 0.6364893431 4.5280449912 
2.03625 6.4902503879 0.7887015368 4.4382129487 
2.04375 6.4654330174 0.6692733397 4.2373280626 
2.05125 6.418240286 0.7312448242 4.2621126899 
2.05875 6.3715623813 0.721778551 4.3140786957 
2.06625 6.5798900296 0.7041940137 4.9417123767 
2.07375 6.4612445371 0.6541376398 4.9877995035 
2.08125 6.4050194902 0.6331958431 4.7895583006 
2.08875 6.0230159594 0.6568657844 4.1910454956 
2.09625 6.1960522134 0.7722059132 4.5078687161 
2.10375 6.2758971826 0.7309565018 4.4228165147 
2.11125 5.9213564097 0.7533833428 4.1021920238 
2.11875 5.9077086293 0.751975641 4.282083511 
2.12625 5.92910635 0.711679432 3.9926642087 
2.13375 5.7438447146 0.7684718961 4.3508124099 
2.14125 5.7796044651 0.6633967439 4.2181295857 
2.14875 5.9266793354 0.6778134938 4.7726193569 
2.15625 5.7312369264 0.8205848595 4.6890563399 
2.16375 5.9168942034 0.777352818 4.8568903929 
2.17125 5.5583408552 0.7682623565 4.2515489633 
2.17875 5.5734740304 0.8518733566 4.1729448482 
2.18625 5.5176432422 0.7209720503 4.536728888 
2.19375 5.6969875148 0.7818105221 4.9441599996 
2.20125 5.4971286784 0.7510928293 4.5234898256 
2.20875 5.5182428157 0.7568122984 4.5408737903 
2.21625 5.6055247503 0.8161300403 4.8442806484 
2.22375 5.4909803244 0.8070788226 4.7879565981 
2.23125 5.2909705636 0.7557520362 4.9912595536 
2.23875 5.7186262484 0.859442664 5.0280319118 
2.24625 5.5027905153 0.8293212656 4.8318998108 
2.25375 5.333309878 0.868808917 4.2228959314 
2.26125 5.3928917659 0.7633396914 4.6763152267 
2.26875 5.2322780313 0.8300323551 4.895938446 
2.27625 5.2365388817 0.8754711194 5.0220823904 
2.28375 5.3599660848 0.8461330109 4.921729864 
2.29125 5.2988114353 0.8841399437 4.0634714584 
2.29875 5.1505014649 0.8151633455 5.0129773087 
2.30625 5.4661273073 0.8330092413 5.1346865933 
2.31375 5.2691654798 0.8637437803 4.9262953252 
2.32125 5.3722173429 0.7798590531 4.6769789793 
2.32875 5.1334218857 0.7942960477 4.4956075627 
2.33625 5.1681615417 0.8697354876 4.7674389689 
2.34375 5.087128364 0.8289708357 4.9076780493 
2.35125 4.9707671673 0.8650343375 4.3251716875 
2.35875 5.3582336085 0.8469017499 4.6558529035 
2.36625 5.3337410933 0.8509618723 4.1867742794 
2.37375 5.2607744457 0.8705552019 4.9924312652 
2.38125 5.2425710206 0.8402748679 4.7543227456 
2.38875 5.3964234012 0.8781435819 5.2996735469 
2.39625 5.4912976844 0.777734812 4.6337480925 
2.40375 5.3402378723 0.7789748691 4.8483071281 
2.41125 5.2526373251 0.852759773 5.5439465146 
2.41875 5.4545225946 0.8264428174 5.229129099 
2.42625 5.1251699288 0.7735542025 4.8185358305 
2.43375 5.3180352227 0.8192552587 5.0461374629 
2.44125 5.3809927665 0.828979697 4.857840692 
2.44875 5.6471519512 0.8678904349 4.6326584024 
2.45625 5.3259625084 0.9471097698 4.2935642897 
2.46375 5.3266056782 0.9645240298 4.8274475967 
2.47125 5.5447888591 0.8838266769 5.5659008969 
2.47875 5.2623335473 0.9156860985 5.0362735417 
2.48625 5.6163173485 0.9443013064 5.0438583838 
2.49375 5.4723250797 0.8679498861 5.409372797 
2.50125 5.4429290871 0.9217682469 4.9835437739 
2.50875 5.5210563432 0.9553740485 5.1214008445 
2.51625 5.4232144041 0.8858194546 5.1094288293 
2.52375 5.4374036953 0.9992588779 4.9502879955 
2.53125 5.4365119738 0.905536519 4.427067426 
2.53875 5.5762934943 0.8920105531 4.837406873 
2.54625 5.6183379519 0.9762533366 5.3151570546 
2.55375 5.596708739 0.9327847898 5.1222286147 
2.56125 5.6186544851 0.9487710779 5.2173475471 
2.56875 5.6178669445 0.9645550341 4.8849472262 
2.57625 5.6328874757 0.9562981465 4.4503625655 
2.58375 5.7013660258 0.9639227483 5.0566439253 
2.59125 5.4657425837 0.9269296132 4.9750459466 
2.59875 5.7810065014 1.0048944022 4.7554588291 
2.60625 5.6375169351 0.9059370649 4.5210573523 
2.61375 5.694770171 1.0371440613 5.5588862841 
2.62125 5.4303966834 0.9851581958 5.0494688477 
2.62875 5.6650763476 0.9948104069 4.5288044097 
2.63625 5.5402972318 0.9082039754 4.9078432099 
2.64375 5.8107654768 0.8753880459 4.7794174918 
2.65125 5.7284112119 0.9880021084 4.4522626658 
2.65875 5.5230308631 0.9376666826 3.8136752785 
2.66625 5.6418790045 0.9027204264 4.8474850293 
2.67375 5.8773574607 1.0919519259 4.4268321321 
2.68125 5.8049042355 0.9635710603 3.9129789252 
2.68875 5.6529112456 0.9071312574 4.312724119 
2.69625 5.696962724 0.9746459406 4.7885830335 
2.70375 5.7880596399 0.9884868744 4.5856812017 
2.71125 5.6297949865 1.0452121714 4.5603460111 
2.71875 5.6287474221 0.9704736935 4.4400757217 
2.72625 5.6588513189 0.894175152 4.7153151753 
2.73375 5.7831143306 0.9527952583 4.8620004949 
2.74125 5.5198798887 1.015440773 4.5234688813 
2.74875 5.6294173602 0.9703484785 4.3747125649 
2.75625 5.7237964988 0.9488745611 4.7212295235 
2.76375 5.6057658357 1.0404065688 4.8184021034 
2.77125 5.6207934522 1.0370721057 4.1513408792 
2.77875 5.6642675835 0.9859414149 4.462921878 
2.78625 5.7031162323 1.0259358483 4.4540261259 
2.79375 5.7955294056 1.0069191715 4.2048824461 
2.80125 5.733617484 1.0149780071 4.3467049312 
2.80875 5.5171713658 1.0608230611 4.4720972184 
2.81625 5.6341313048 1.0064115566 4.2118545322 
2.82375 5.716697367 1.0187125602 4.0866102703 
2.83125 5.7298784714 0.9606824263 3.9626322302 
2.83875 5.5556452556 1.0516105141 4.3780742013 
2.84625 5.5016638747 1.0525865796 4.3695003029 
2.85375 5.6657884996 0.9909300874 4.5480596603 
2.86125 5.5639658631 0.9771516395 4.5958340849 
2.86875 5.5144021109 1.093822207 4.2442580429 
2.87625 5.6374237953 1.105127186 4.094637907 
2.88375 5.6030644524 0.9979044682 4.270692851 
2.89125 5.4591956466 1.0516249897 3.9961749609 
2.89875 5.4510696649 0.998065496 4.1847609895 
2.90625 5.4042370745 1.0532870964 4.38522691 
2.91375 5.4311234249 1.1307074621 4.9977545942 
2.92125 5.4737329025 1.1743555233 3.4475232323 
2.92875 5.3903915014 1.1642491341 3.8944953429 
2.93625 5.5366359288 1.0277953989 4.0921483476 
2.94375 5.4037685572 1.1605300048 4.2742130712 
2.95125 5.3727048397 1.079950815 4.1044859636 
2.95875 5.269584606 1.0604240689 4.1640389574 
2.96625 5.301718726 1.0630613456 4.1563300732 
2.97375 5.4312799521 1.1153627839 3.9895923703 
2.98125 5.2532499685 1.1374524521 4.3915555543 
2.98875 5.1607843231 1.1022270103 4.0021337873 
2.99625 5.2971377329 1.0947574655 4.0212915847 
