# Radial distribution function (180 data points):
# "Pair separation distance" 0-0 0-1 1-1
0.0080555556 0.0 0.0 0.0 
0.0241666667 0.0 0.0 0.0 
0.0402777778 0.0 0.0 0.0 
0.0563888889 0.0 0.0 0.0 
0.0725 0.0 0.0 0.0 
0.0886111111 0.0 0.0 0.0 
0.1047222222 0.0 0.0 0.0 
0.1208333333 0.0 0.0 0.0 
0.1369444444 0.0 0.0 0.0 
0.1530555556 0.0 0.0 0.0 
0.1691666667 0.0 0.0 0.0 
0.1852777778 0.0 0.0 0.0 
0.2013888889 0.0 0.0 0.0 
0.2175 0.0 0.0 0.0 
0.2336111111 0.0 0.0 0.0 
0.2497222222 0.0 0.0 0.0 
0.2658333333 0.0 0.0 0.0 
0.2819444444 0.0 0.0 0.0 
0.2980555556 0.0 0.0 0.0 
0.3141666667 0.0 0.0 0.0 
0.3302777778 0.0 0.0 0.0 
0.3463888889 0.0 0.0 0.0 
0.3625 0.0 0.0 0.0 
0.3786111111 0.0 0.0 0.0 
0.3947222222 0.0 0.0 0.0 
0.4108333333 0.0 0.0 0.0 
0.4269444444 0.0 0.0 0.0 
0.4430555556 0.0 0.0 0.0 
0.4591666667 0.0 0.0 0.0 
0.4752777778 0.0 0.0 0.0 
0.4913888889 0.0 0.0 0.0 
0.5075 0.0 0.0 0.0 
0.5236111111 0.0 0.0 0.0 
0.5397222222 0.0 0.0 0.0 
0.5558333333 0.0 0.0 0.0 
0.5719444444 0.0 0.0 0.0 
0.5880555556 0.0 0.0 0.0 
0.6041666667 0.0 0.0 0.0 
0.6202777778 0.0 0.0 0.0 
0.6363888889 0.0 0.0 0.0 
0.6525 0.0 0.0 0.0 
0.6686111111 0.0 0.0 0.0 
0.6847222222 0.0 0.0 0.0 
0.7008333333 0.0 0.0 0.0 
0.7169444444 0.0 0.0 0.0 
0.7330555556 0.0 0.0 0.0 
0.7491666667 0.0 0.0 0.0 
0.7652777778 0.0 0.0 0.0 
0.7813888889 0.0 0.0 0.0 
0.7975 0.0 0.0 0.0 
0.8136111111 0.3409341483 0.0 0.0 
0.8297222222 1.1707962301 0.0 0.0 
0.8458333333 4.9571305665 0.0 0.0 
0.8619444444 12.2810538987 0.0 0.0 
0.8780555556 25.0908556253 0.0 0.0 
0.8941666667 37.9052659539 0.0 0.0 
0.9102777778 55.4856531697 0.0 0.0 
0.9263888889 68.9380259376 0.0 0.0 
0.9425 79.304630147 0.0 0.0 
0.9586111111 88.3097126194 0.0 0.0 
0.9747222222 89.690394934 0.0 0.0 
0.9908333333 91.1980368382 0.0 0.0 
1.0069444444 92.7230332244 0.0 0.0 
1.0230555556 87.4845423265 0.0 0.0 
1.0391666667 86.1066191479 0.0 0.0 
1.0552777778 81.0655634806 0.0 0.0 
1.0713888889 75.7809213158 0.0 0.0 
1.0875 68.9722577397 0.0 0.0 
1.1036111111 65.9672822424 0.0 0.8823874029 
1.1197222222 60.8167843532 0.0857178074 1.1429040987 
1.1358333333 53.8306462324 0.0833033832 6.108914769 
1.1519444444 51.9709950192 0.3644529805 12.1484326833 
1.1680555556 48.2549921536 0.5513956008 20.742977365 
1.1841666667 44.9965128783 1.3412348414 39.0874153772 
1.2002777778 41.8496615891 1.7903598541 51.4728458047 
1.2163888889 40.7266285068 2.4696011579 71.4247393705 
1.2325 36.888426265 2.5469569343 81.8327829814 
1.2486111111 34.2881856931 3.8258832046 86.8578889693 
1.2647222222 33.3798634692 2.9563486164 90.9301165359 
1.2808333333 31.3269232878 3.4065244897 92.8059556484 
1.2969444444 29.4992302933 3.3543634187 92.4313475367 
1.3130555556 27.9382591483 3.116717888 74.8012293126 
1.3291666667 26.9365861018 3.6195277169 69.5517090705 
1.3452777778 26.9722479576 2.197210864 63.1450689746 
1.3613888889 24.6502185327 1.9715535877 50.6418666633 
1.3775 25.4532968922 2.0956207944 43.2339785516 
1.3936111111 24.5859739267 2.2687934526 41.6867740074 
1.4097222222 24.4977119785 1.9197986208 31.3657239459 
1.4258333333 23.9789432047 2.1145452561 29.2512093767 
1.4419444444 23.5391400535 2.1450907163 25.3275771327 
1.4580555556 23.0976468091 1.4407593216 22.0747919457 
1.4741666667 23.6934233998 2.077069052 20.9355372697 
1.4902777778 23.7065250848 1.8146452147 16.1301796862 
1.5063888889 22.7474846391 1.5865932447 11.5245081453 
1.5225 23.6456175961 1.6459204405 13.754640301 
1.5386111111 24.0791393099 1.679728798 14.0734034428 
1.5547222222 24.4763675153 1.2671688904 10.3744821439 
1.5708333333 25.4533719626 1.5244148164 12.7760479849 
1.5869444444 24.9263776403 1.5362944617 9.6729651289 
1.6030555556 26.2470968141 1.44283754 8.7824893737 
1.6191666667 25.9118391419 1.3322809241 8.8818728272 
1.6352777778 26.6697494215 1.8085273116 7.6360042045 
1.6513888889 26.0809701839 1.5763656805 8.9327388562 
1.6675 27.6665987357 1.6426801429 7.8590971541 
1.6836111111 28.4477031026 1.7630523714 7.5830209523 
1.6997222222 28.1676483154 1.5065897475 7.0679519016 
1.7158333333 30.9375170647 2.0259966927 7.1792074998 
1.7319444444 30.2248856283 1.4152240189 7.8822603583 
1.7480555556 30.1767797097 1.5651127006 6.9169774781 
1.7641666667 30.446525532 1.4848594736 6.4459015908 
1.7802777778 30.9762746982 1.6954720689 5.8776365054 
1.7963888889 31.0925507973 1.8150642871 7.3268650122 
1.8125 32.132179225 1.5866531179 7.6333826979 
1.8286111111 32.6001837808 2.0248561355 7.1780614326 
1.8447222222 32.8196208482 1.7369891711 6.0005080458 
1.8608333333 32.9893592985 2.0018945101 6.8281673212 
1.8769444444 32.3705406179 2.0897012839 6.9148266328 
1.8930555556 32.3257249014 2.1142625527 7.6973152037 
1.9091666667 31.8178309348 2.0197585201 9.0422279245 
1.9252777778 31.7137595754 2.3050318945 7.2485279702 
1.9413888889 32.0535781412 1.9817842548 7.9841667819 
1.9575 31.730063043 2.0614864613 6.7313843634 
1.9736111111 31.7356157735 2.2211068247 7.8175602526 
1.9897222222 30.6862639359 2.3210151862 7.7819612482 
2.0058333333 30.7963152561 2.4174399607 8.1026532752 
2.0219444444 29.1876241836 2.418500788 7.6235350925 
2.0380555556 28.9453283682 2.108737161 7.5034819226 
2.0541666667 28.7757816823 2.5342452446 7.0466450688 
2.0702777778 28.4274467606 2.3821182343 7.2717293469 
2.0863888889 28.3974813959 2.3207818216 9.0526950488 
2.1025 26.82612763 2.8323761726 7.3747133537 
2.1186111111 26.0389712679 2.5141075707 7.8216679977 
2.1347222222 26.2841786371 2.5352617348 9.3549192697 
2.1508333333 25.6479504889 2.5090386348 8.2085831879 
2.1669444444 25.1443944345 2.6320820681 8.8498991274 
2.1830555556 24.6866813791 2.6723045066 7.8177121995 
2.1991666667 24.2996320544 2.8332904316 6.444346864 
2.2152777778 24.0131691882 2.9674276562 7.153946133 
2.2313888889 23.4539730897 3.0110705375 7.8424537296 
2.2475 23.4061532943 2.7978448852 7.4467354359 
2.2636111111 23.5712547303 2.7896217113 9.0190777131 
2.2797222222 22.9414904561 2.8950862303 8.8920505644 
2.2958333333 22.4187749869 3.0788858782 8.6317551109 
2.3119444444 21.992799488 2.9758039168 8.5118715639 
2.3280555556 21.8024832526 3.1727124333 7.997879259 
2.3441666667 22.3252522682 3.1194723932 8.9965974975 
2.3602777778 21.7552861555 3.105968849 8.3597505253 
2.3763888889 21.6268703274 3.1401210877 8.1199090752 
2.3925 21.1788661929 3.1073602437 8.6367716744 
2.4086111111 21.3077461411 2.954777873 6.9778453427 
2.4247222222 21.6945724338 3.1167210987 7.1900897292 
2.4408333333 21.2684146103 3.1478696773 8.7190277594 
2.4569444444 21.1719964403 3.1779358935 8.1896387172 
2.4730555556 21.5981761265 3.0663751803 9.0204733097 
2.4891666667 20.8355512506 2.8880446913 8.4993507433 
2.5052777778 21.1489102209 3.1164291638 8.2762312958 
2.5213888889 21.4069404418 3.2035182924 6.8183942548 
2.5375 21.3312563026 3.1796590968 6.676449547 
2.5536111111 21.0085542946 3.4940091868 7.4165289343 
2.5697222222 21.7566384549 3.1980696113 5.9133093746 
2.5858333333 22.1662606322 3.3271089485 6.6435025703 
2.6019444444 21.2496868846 3.1511002888 6.5614850682 
2.6180555556 21.2994175293 3.1516364277 5.2265944075 
2.6341666667 21.4299837061 3.0822251789 5.9889132454 
2.6502777778 21.5053177226 2.823003287 6.3753461765 
2.6663888889 21.2008712051 3.5826071127 6.1977591402 
2.6825 21.0545068642 3.0991063165 5.4763324468 
2.6986111111 21.1049170362 3.0991067601 5.1651779335 
2.7147222222 20.5620392054 3.3395084951 4.7151721109 
2.7308333333 21.1070004965 3.2353691188 4.755776433 
2.7469444444 20.4926712424 3.1690431967 4.6052013495 
2.7630555556 20.8878645618 3.3433534394 4.4578045859 
2.7791666667 20.5629018456 3.2699160466 4.2207426985 
2.7952777778 20.6319014101 3.4180183336 4.0346829424 
2.8113888889 20.3716354993 3.3517608801 3.7619493313 
2.8275 20.3700156153 3.5018736011 4.0328678708 
2.8436111111 19.9325088502 3.3692678493 4.0316025547 
2.8597222222 19.7046079475 3.6008153779 4.7309983067 
2.8758333333 19.2895245942 3.6320547858 4.4615580553 
2.8919444444 19.4915531392 3.6431008142 4.4548205135 
