# Radial distribution function (400 data points):
# "Pair separation distance" 0-0 0-1 1-1
0.00375 0.0 0.0 0.0 
0.01125 0.0 0.0 0.0 
0.01875 0.0 0.0 0.0 
0.02625 0.0 0.0 0.0 
0.03375 0.0 0.0 0.0 
0.04125 0.0 0.0 0.0 
0.04875 0.0 0.0 0.0 
0.05625 0.0 0.0 0.0 
0.06375 0.0 0.0 0.0 
0.07125 0.0 0.0 0.0 
0.07875 0.0 0.0 0.0 
0.08625 0.0 0.0 0.0 
0.09375 0.0 0.0 0.0 
0.10125 0.0 0.0 0.0 
0.10875 0.0 0.0 0.0 
0.11625 0.0 0.0 0.0 
0.12375 0.0 0.0 0.0 
0.13125 0.0 0.0 0.0 
0.13875 0.0 0.0 0.0 
0.14625 0.0 0.0 0.0 
0.15375 0.0 0.0 0.0 
0.16125 0.0 0.0 0.0 
0.16875 0.0 0.0 0.0 
0.17625 0.0 0.0 0.0 
0.18375 0.0 0.0 0.0 
0.19125 0.0 0.0 0.0 
0.19875 0.0 0.0 0.0 
0.20625 0.0 0.0 0.0 
0.21375 0.0 0.0 0.0 
0.22125 0.0 0.0 0.0 
0.22875 0.0 0.0 0.0 
0.23625 0.0 0.0 0.0 
0.24375 0.0 0.0 0.0 
0.25125 0.0 0.0 0.0 
0.25875 0.0 0.0 0.0 
0.26625 0.0 0.0 0.0 
0.27375 0.0 0.0 0.0 
0.28125 0.0 0.0 0.0 
0.28875 0.0 0.0 0.0 
0.29625 0.0 0.0 0.0 
0.30375 0.0 0.0 0.0 
0.31125 0.0 0.0 0.0 
0.31875 0.0 0.0 0.0 
0.32625 0.0 0.0 0.0 
0.33375 0.0 0.0 0.0 
0.34125 0.0 0.0 0.0 
0.34875 0.0 0.0 0.0 
0.35625 0.0 0.0 0.0 
0.36375 0.0 0.0 0.0 
0.37125 0.0 0.0 0.0 
0.37875 0.0 0.0 0.0 
0.38625 0.0 0.0 0.0 
0.39375 0.0 0.0 0.0 
0.40125 0.0 0.0 0.0 
0.40875 0.0 0.0 0.0 
0.41625 0.0 0.0 0.0 
0.42375 0.0 0.0 0.0 
0.43125 0.0 0.0 0.0 
0.43875 0.0 0.0 0.0 
0.44625 0.0 0.0 0.0 
0.45375 0.0 0.0 0.0 
0.46125 0.0 0.0 0.0 
0.46875 0.0 0.0 0.0 
0.47625 0.0 0.0 0.0 
0.48375 0.0 0.0 0.0 
0.49125 0.0 0.0 0.0 
0.49875 0.0 0.0 0.0 
0.50625 0.0 0.0 0.0 
0.51375 0.0 0.0 0.0 
0.52125 0.0 0.0 0.0 
0.52875 0.0 0.0 0.0 
0.53625 0.0 0.0 0.0 
0.54375 0.0 0.0 0.0 
0.55125 0.0 0.0 0.0 
0.55875 0.0 0.0 0.0 
0.56625 0.0 0.0 0.0 
0.57375 0.0 0.0 0.0 
0.58125 0.0 0.0 0.0 
0.58875 0.0 0.0 0.0 
0.59625 0.0 0.0 0.0 
0.60375 0.0 0.0 0.0 
0.61125 0.0 0.0 0.0 
0.61875 0.0 0.0 0.0 
0.62625 0.0 0.0 0.0 
0.63375 0.0 0.0 0.0 
0.64125 0.0 0.0 0.0 
0.64875 0.0 0.0 0.0 
0.65625 0.0 0.0 0.0 
0.66375 0.0 0.0 0.0 
0.67125 0.0 0.0 0.0 
0.67875 0.0 0.0 0.0 
0.68625 0.0 0.0 0.0 
0.69375 0.0 0.0 0.0 
0.70125 0.0 0.0 0.0 
0.70875 0.0 0.0 0.0 
0.71625 0.0 0.0 0.0 
0.72375 0.0 0.0 0.0 
0.73125 0.0 0.0 0.0 
0.73875 0.0 0.0 0.0 
0.74625 0.0 0.0 0.0 
0.75375 0.0 0.0 0.0 
0.76125 0.0 0.0 0.0 
0.76875 0.0 0.0 0.0 
0.77625 0.0 0.0 0.0 
0.78375 0.0 0.0 0.0 
0.79125 0.0 0.0 0.0 
0.79875 0.0 0.0 0.0 
0.80625 0.0 0.0 0.0 
0.81375 0.0 0.0 0.0 
0.82125 0.0 0.0 0.0 
0.82875 0.0 0.0 0.0 
0.83625 0.0 0.0 0.0 
0.84375 0.0 0.0 0.0 
0.85125 0.0 0.0 0.0 
0.85875 0.0 0.0 0.0 
0.86625 0.0 0.0 0.0 
0.87375 0.0 0.0 0.0 
0.88125 0.0 0.0 0.0 
0.88875 0.0 0.0 0.0 
0.89625 0.0 0.0 0.0 
0.90375 0.3882567853 0.0 0.0 
0.91125 0.0 0.0 0.0 
0.91875 0.7513651491 0.0 0.0 
0.92625 2.2177398635 0.0 0.0 
0.93375 1.4548378592 0.0 0.0 
0.94125 1.7896821044 0.0 0.0 
0.94875 4.5798966754 0.0 0.0 
0.95625 9.0166745143 0.0 0.0 
0.96375 13.3153258995 0.0 0.0 
0.97125 14.118977173 0.0 0.0 
0.97875 21.5172045658 0.0 0.0 
0.98625 22.1692476423 0.0 0.0 
0.99375 29.8637795574 0.0 0.0 
1.00125 29.1017366167 0.0 0.0 
1.00875 35.5266226121 0.0 0.0 
1.01625 39.6099951548 0.153527113 0.0 
1.02375 52.3449149564 0.1512858814 0.0 
1.03125 50.0953726653 0.0 0.0 
1.03875 53.1952411403 0.0 0.0 
1.04625 60.257165775 0.0 0.0 
1.05375 64.8286556752 0.571177583 0.0 
1.06125 56.5948627092 0.4223497217 0.0 
1.06875 69.129509707 1.3881427652 0.0 
1.07625 62.4201672397 1.3688633167 0.0 
1.08375 70.7390958244 1.0799861958 0.0 
1.09125 67.1071021289 1.8640861702 0.2662980243 
1.09875 68.032819359 2.6267497822 0.0 
1.10625 65.5587187965 3.3686298196 0.5182507415 
1.11375 65.9569854474 3.4512376106 0.0 
1.12125 59.2760831057 2.6485058409 1.2611932576 
1.12875 56.0020030624 3.8579157665 0.9955911656 
1.13625 60.1776026627 2.8246629821 2.2106058121 
1.14375 59.8758029239 6.6663343336 1.4544729455 
1.15125 59.0982060944 6.1012318033 5.024543838 
1.15875 53.6121240835 6.7310376052 4.9597119196 
1.16625 56.8883298097 4.7795522996 6.9944667799 
1.17375 48.7979233012 5.6393826457 11.9693019418 
1.18125 47.4984405721 6.3634274451 12.7268548901 
1.18875 46.4521705957 6.6199953264 13.9132105166 
1.19625 40.3314866907 5.3184378054 15.7337118409 
1.20375 40.7058761017 5.9089174986 22.7602748095 
1.21125 42.148663788 4.7552338633 22.9115813411 
1.21875 37.5751053761 4.696888172 24.3384205277 
1.22625 35.8515299806 5.0613924678 26.3614191033 
1.23375 35.8336415848 5.2083781373 27.5002365651 
1.24125 31.9028896145 5.2485399043 32.7261899916 
1.24875 31.1141033687 4.6772835129 34.1645056598 
1.25625 31.9493371408 3.6169060914 30.3418233224 
1.26375 28.9899463248 3.2762610573 30.3798752582 
1.27125 28.6488920897 4.120731054 35.5167771797 
1.27875 28.1198908886 3.8786056398 35.2953113222 
1.28625 29.3263215529 2.9709672161 31.8181005084 
1.29375 30.8818870279 3.5049994479 27.4716172947 
1.30125 24.9084739656 3.0901490258 30.5269267398 
1.30875 26.475223004 2.4068384549 25.3643744864 
1.31625 26.9065217035 3.294676127 31.848535894 
1.32375 26.4215270992 4.4337494105 24.9737721896 
1.33125 23.9774268902 3.3997844098 23.9774268902 
1.33875 20.52466385 2.1232410879 25.4788930551 
1.34625 20.121643575 3.4994162739 21.3464392709 
1.35375 19.0341199752 2.7685992691 17.9958952492 
1.36125 16.429052455 3.4227192615 17.2847322704 
1.36875 17.43436127 2.8775159378 19.8040802775 
1.37625 19.756246484 2.1765356296 19.0865432133 
1.38375 16.5615826545 2.4014294849 19.3770517058 
1.39125 16.3835028457 2.3756079126 14.9089875896 
1.39875 17.9911906841 2.8364489817 13.6149551123 
1.40625 18.2808724439 2.6459157485 8.8197191615 
1.41375 16.3421479379 2.379924457 11.5822990239 
1.42125 14.4432201658 2.5903601384 10.3614405537 
1.42875 16.7775460209 2.4078885493 12.5831595157 
1.43625 12.7595450456 2.6134007925 10.4536031699 
1.44375 14.9093692902 2.2059781093 9.4324581224 
1.45125 13.4005536533 1.6562482043 10.2386252632 
1.45875 13.7101845229 2.6079155342 7.3021634959 
1.46625 15.6353294076 1.917540399 7.6701615962 
1.47375 14.1625458256 1.3140506436 8.9063432511 
1.48125 15.0312068771 1.9511662773 6.3593567557 
1.48875 14.3078276436 2.7184872523 6.0092876103 
1.49625 13.8814555541 2.2663600905 5.6659002262 
1.50375 15.8469041049 1.8230951625 7.1521425606 
1.51125 13.6072612791 2.4298680855 5.6928338004 
1.51875 12.3733475645 1.8560021347 5.6367472238 
1.52625 14.7024494542 2.0420068686 5.581485441 
1.53375 13.6153723953 2.5613076783 4.1789756857 
1.54125 13.4831853572 2.402943925 4.9393847348 
1.54875 14.8071918214 1.9831060475 4.0984191649 
1.55625 10.2129969123 1.8985699388 5.7611777454 
1.56375 11.9308261322 1.6210361593 5.3169986024 
1.57125 12.3309913874 2.1193891447 5.266360905 
1.57875 12.2141108317 1.5903790145 3.3079883503 
1.58625 13.9893348906 1.7644206168 5.2932618505 
1.59375 11.7355871774 2.0599700896 4.2447868514 
1.60125 12.2443090411 2.0407181735 5.4419151294 
1.60875 12.1304093171 2.3280583538 3.5533522242 
1.61625 15.052963114 2.731384436 4.7343996891 
1.62375 11.6667744355 2.3453824896 5.1718690797 
1.63125 12.2747760605 1.5492435805 5.2435936569 
1.63875 12.989268228 1.5941374643 4.2510332383 
1.64625 13.9242817256 1.9306777183 4.7974416029 
1.65375 11.1313782778 3.0727242121 5.3337854248 
1.66125 13.2143340757 2.9875885736 4.2515683548 
1.66875 14.4623410841 1.8220272232 4.555068058 
1.67625 11.7374350051 2.3700589914 4.8529779348 
1.68375 12.0805299756 2.2930635602 5.7046947107 
1.69125 14.3018278682 2.4945048607 4.1020746599 
1.69875 12.1977998032 2.9120873404 5.2747242392 
1.70625 13.397916005 1.9062075617 4.3570458553 
1.71375 11.9852063964 2.2134840642 3.9950687988 
1.72125 11.9880237967 2.6758981689 3.7462574365 
1.72875 14.0064163258 2.334402721 3.1832764377 
1.73625 10.6246430527 2.2616814419 3.3662235415 
1.74375 12.0978179765 1.8251018499 4.6931190426 
1.75125 13.0284200459 2.6367040569 5.1700079547 
1.75875 12.7125002213 2.4092238323 3.5882057076 
1.76625 12.8080705228 2.1855040971 3.6594487208 
1.77375 14.1110957596 2.6710288402 4.6365028924 
1.78125 12.0935315333 2.6985566231 3.8979151223 
1.78875 13.8754243272 2.7255297786 5.1537290358 
1.79625 13.7597964631 2.8502435531 4.4227917203 
1.80375 14.2304197077 3.3139333566 3.9962137535 
1.81125 14.2094767123 2.5132407791 4.0598504892 
1.81875 15.4346723734 2.9239596732 3.8347012108 
1.82625 14.1671785536 2.4721251167 4.6590050277 
1.83375 13.2027787019 2.3104862728 3.8665280484 
1.84125 13.5631339038 2.7126267808 4.957559289 
1.84875 15.1233778223 2.6906623119 4.6390729516 
1.85625 13.8970170552 2.6689635404 4.509628051 
1.86375 16.7068032492 2.875761215 4.9298763686 
1.87125 15.8486402695 2.5810642725 4.2564919581 
1.87875 14.4645683978 2.5155771127 3.6835236292 
1.88625 14.9736739209 3.0749508945 5.7933857432 
1.89375 14.1479100723 2.6969453575 5.6591640289 
1.90125 15.1769762034 2.6318455844 4.2986811212 
1.90875 14.970901583 2.7417639527 4.2649661486 
1.91625 15.8902635473 2.8498842232 5.4406880624 
1.92375 16.7948613528 2.699174146 4.4557795426 
1.93125 15.729407232 3.103369535 4.761334081 
1.93875 15.94541432 2.9106708679 4.4714653913 
1.94625 16.743659147 2.9719994986 4.3533513782 
1.95375 14.8707435087 2.6999953298 4.5692228658 
1.96125 15.4992104133 3.3389256475 4.534343472 
1.96875 15.5449776088 2.8635485069 3.7635208948 
1.97625 17.375913806 3.2072364268 4.1409888042 
1.98375 16.3583617669 3.34419711 4.432068459 
1.99125 17.4350248182 2.5992582871 4.4787219717 
1.99875 18.5744756086 3.3338802374 5.0008203562 
2.00625 15.678360223 2.9544648661 4.8059295156 
2.01375 14.7797933783 3.401698476 3.8317982833 
2.02125 14.6703139298 3.5317422424 3.8810354312 
2.02875 18.1832960633 3.544201775 4.1605846924 
2.03625 16.137562491 2.5621248505 3.4416602469 
2.04375 16.7785495056 3.5682888089 3.4923677704 
2.05125 15.4502089224 3.5045595848 3.3915092756 
2.05875 18.1809568589 3.0301594765 4.4891251503 
2.06625 16.1922966229 3.3424465506 4.0109358607 
2.07375 17.1814897329 3.2077030188 5.2355612491 
2.08125 14.3491199825 3.6238848935 5.7835738705 
2.08875 16.7175492366 2.9800848639 3.9249898208 
2.09625 16.8146361412 3.7526226581 4.3299492209 
2.10375 14.5453939188 3.8333919934 5.3022618226 
2.11125 16.0074039133 4.0552089914 4.3397850609 
2.11875 17.2364613198 3.0375731014 5.2274513839 
2.12625 16.6942157118 3.4019725295 4.9100634447 
2.13375 18.5969581323 3.2387960792 4.2487432437 
2.14125 17.2911142377 3.3544761621 5.1873342713 
2.14875 15.6596046716 3.2967588782 4.3269960277 
2.15625 14.8005971695 3.0351455025 5.5246468697 
2.16375 16.2560419926 3.9285434816 5.4864141725 
2.17125 15.605800744 3.3296859346 4.7759131587 
2.17875 18.1707077025 3.8078321288 4.4758728532 
2.18625 15.1933512688 3.682231421 4.7769488705 
2.19375 15.5508982469 3.5253095602 5.0738100212 
2.20125 14.7252110271 3.7303867935 5.1701852051 
2.20875 14.8203845312 3.4775902299 3.7050961328 
2.21625 15.5595595194 4.2611241837 5.0358740353 
2.22375 14.4928658623 4.136238266 5.7073675298 
2.23125 15.8606374754 3.8536890252 5.15948448 
2.23875 14.8054775763 3.7962763016 4.9351591921 
2.24625 15.3981188719 3.8966668166 3.8338173518 
2.25375 12.4239405196 3.9332073002 4.744821505 
2.26125 14.5743257354 3.6900952394 4.7754173686 
2.26875 14.3549078231 3.5733246942 4.6822875303 
2.27625 15.5457462119 3.7640291025 5.1411129205 
2.28375 14.4101666156 3.5873410562 4.8033888719 
2.29125 14.3763878474 3.4430844845 4.2283493669 
2.29875 13.5025817615 3.9007458422 4.6808950107 
2.30625 14.3688516238 3.6667401447 5.1870958144 
2.31375 13.8611984383 4.0576585172 4.3834559164 
2.32125 12.8889657869 3.737211541 3.8254921285 
2.32875 13.9755837501 3.4208018802 4.8534454027 
2.33625 13.6535953594 3.9798777962 4.0089279991 
2.34375 13.2199772856 3.7523952994 5.2533534192 
2.35125 14.1682801392 3.8718984186 4.5315551862 
2.35875 12.6533916194 4.0468054278 4.6737752829 
2.36625 11.9503054259 4.0495110803 5.6636518606 
2.37375 10.8618839792 3.9114038163 5.1214064358 
2.38125 13.4779817778 3.6631029313 5.0332712033 
2.38875 11.17049627 3.973584494 3.5567749317 
2.39625 12.3709080635 3.7554542336 4.2524996468 
2.40375 11.6352329153 4.253445995 4.8846024974 
2.41125 11.1811686193 3.5997908725 3.9815868742 
2.41875 12.7922770797 4.5531833674 4.4989788035 
2.42625 10.6123838712 3.6362229 5.2253869823 
2.43375 12.6886155978 3.5067692897 5.1932308565 
2.44125 11.0676813825 3.3522304187 4.8421106048 
2.44875 12.0047960731 4.1778805717 4.3365342643 
2.45625 11.8790342262 3.0748827532 5.1510856379 
2.46375 11.5456086107 3.7614652487 4.9108018525 
2.47125 11.7871911533 3.7905945119 4.8810395084 
2.47875 11.2514598611 3.8193028886 4.7999347114 
2.48625 10.3628596237 3.7962951097 6.2074555172 
2.49375 11.1675043105 3.5440253405 4.7933580146 
2.50125 11.2020088735 4.181745394 4.713967535 
2.50875 11.0847461979 3.5269646993 4.8873653691 
2.51625 9.9669744839 3.4058003262 4.9083592936 
2.52375 10.4554921084 4.0577266992 4.8792296506 
2.53125 11.1855207463 3.9347296431 4.8503585537 
2.53875 10.8243209133 3.886915237 4.870944411 
2.54625 10.2226161904 3.9618751743 4.4999076053 
2.55375 11.1351629872 3.744137773 5.008392086 
2.56125 10.3449331262 3.7947535066 4.4473544281 
2.56875 9.852082535 3.6765088484 4.5175402844 
2.57625 11.3715275563 3.9179212589 5.06462992 
2.58375 9.8330269303 3.7289498262 5.1777774657 
2.59125 9.8234167482 3.49486942 4.533884653 
2.59875 10.4241784091 3.8034164466 4.7425316185 
2.60625 10.6910707938 3.4314135517 5.1821347516 
2.61375 9.2372533277 3.342121807 4.0383971835 
2.62125 10.7536749543 3.7614785784 4.0153206911 
2.62875 10.5088400937 3.8547710388 5.0479144555 
2.63625 9.947207616 4.038201257 3.9697571679 
2.64375 9.7547370406 4.0153219911 4.174120036 
2.65125 9.3387093745 3.5414912362 4.6467974182 
2.65875 9.9590026515 3.2972373643 3.7234109012 
2.66625 8.7432362874 3.5909720466 4.0593597049 
2.67375 8.9160469117 3.8148260418 4.480202677 
2.68125 10.2336662681 3.3965185459 4.2346205247 
2.68875 9.0800321119 3.9478400487 4.5180836112 
2.69625 9.2476936003 4.0567712492 4.6674679964 
2.70375 10.1941891201 3.9258472994 4.077675648 
2.71125 9.6201894223 3.3649093047 3.7531680706 
2.71875 9.6529901149 3.8826471351 4.8908483249 
2.72625 9.8559505572 3.6906481524 4.6933097892 
2.73375 8.5289655512 4.0947521179 4.8373237454 
2.74125 10.3391941696 3.9668744977 4.6420871782 
2.74875 9.6952585026 3.5675193624 4.4908773151 
2.75625 11.5627318696 4.1116573616 4.8838975767 
2.76375 9.7978862384 3.5704161716 3.7779985072 
2.77125 9.5384645489 3.7162848892 3.5098246175 
2.77875 10.1441556787 4.2506887156 4.2712234437 
2.78625 9.8445254199 4.1257139726 4.411654545 
2.79375 11.2544064268 3.5550922828 4.103592235 
2.80125 8.809893582 3.9199985204 4.2837097234 
2.80875 10.5315678431 4.2809617377 3.6579109684 
2.81625 10.0757188832 3.6584455469 3.718420064 
2.82375 10.2211214217 3.9572045971 3.9373191469 
2.83125 9.6527553927 3.9362670556 4.3516520213 
2.83875 10.1527414423 4.0729020902 4.1712813677 
2.84625 9.6687155152 4.051465813 4.2667610978 
2.85375 9.0728136204 4.2248938962 4.0886069963 
2.86125 9.1802530672 3.7185835209 3.7960540109 
2.86875 9.9800399164 3.6606324018 3.6991653744 
2.87625 10.2730511845 3.5265698096 3.7182312123 
2.88375 10.6772826323 3.7561154974 4.1183804439 
2.89125 8.8769237547 4.0211705898 4.476397449 
2.89875 10.3783687077 3.887170825 4.6042217539 
2.90625 9.9494221867 4.205038811 3.9797688747 
2.91375 9.4873969372 4.3141509695 4.0340112961 
2.92125 10.4420747525 3.9204230832 4.6078906381 
2.92875 11.4608022913 3.937340142 4.2146176168 
2.93625 9.1586448562 3.7149523312 3.8988608625 
2.94375 9.5511703462 3.9156138967 4.1351810311 
2.95125 9.0293734229 4.1141903096 3.8957377268 
2.95875 9.853041159 3.8941247228 3.8035636827 
2.96625 10.0555686846 4.0366440598 3.1716489041 
2.97375 10.220070392 4.4107672218 4.2314677412 
2.98125 9.9546351866 3.2825320329 3.639328993 
2.98875 9.336723758 4.1713499679 4.2246012441 
2.99625 9.0781001552 3.8855681598 4.6273584449 
