# Cluster list (3372 data points):
# "Cluster Identifier" "Cluster Size"
1 71 
2 62 
3 59 
4 51 
5 51 
6 48 
7 42 
8 42 
9 39 
10 39 
11 37 
12 34 
13 33 
14 32 
15 31 
16 30 
17 30 
18 28 
19 28 
20 28 
21 27 
22 25 
23 25 
24 24 
25 24 
26 23 
27 23 
28 23 
29 23 
30 23 
31 23 
32 23 
33 23 
34 22 
35 22 
36 21 
37 21 
38 21 
39 21 
40 21 
41 21 
42 20 
43 20 
44 19 
45 19 
46 19 
47 18 
48 18 
49 18 
50 18 
51 18 
52 17 
53 17 
54 17 
55 16 
56 16 
57 16 
58 15 
59 15 
60 15 
61 15 
62 15 
63 15 
64 14 
65 14 
66 14 
67 14 
68 14 
69 14 
70 14 
71 14 
72 14 
73 14 
74 14 
75 13 
76 13 
77 13 
78 13 
79 13 
80 13 
81 13 
82 13 
83 13 
84 13 
85 13 
86 12 
87 12 
88 12 
89 12 
90 12 
91 12 
92 12 
93 12 
94 12 
95 12 
96 12 
97 12 
98 11 
99 11 
100 11 
101 11 
102 11 
103 11 
104 11 
105 11 
106 11 
107 11 
108 11 
109 11 
110 11 
111 11 
112 11 
113 11 
114 11 
115 11 
116 11 
117 10 
118 10 
119 10 
120 10 
121 10 
122 10 
123 10 
124 10 
125 10 
126 10 
127 10 
128 10 
129 10 
130 10 
131 10 
132 10 
133 10 
134 10 
135 10 
136 10 
137 10 
138 10 
139 9 
140 9 
141 9 
142 9 
143 9 
144 9 
145 9 
146 9 
147 9 
148 9 
149 9 
150 9 
151 9 
152 9 
153 9 
154 9 
155 9 
156 9 
157 9 
158 9 
159 9 
160 9 
161 9 
162 9 
163 9 
164 9 
165 9 
166 9 
167 8 
168 8 
169 8 
170 8 
171 8 
172 8 
173 8 
174 8 
175 8 
176 8 
177 8 
178 8 
179 8 
180 8 
181 8 
182 8 
183 8 
184 8 
185 8 
186 8 
187 8 
188 8 
189 8 
190 8 
191 8 
192 8 
193 8 
194 8 
195 8 
196 8 
197 8 
198 8 
199 8 
200 8 
201 8 
202 8 
203 8 
204 8 
205 8 
206 8 
207 8 
208 8 
209 8 
210 8 
211 8 
212 8 
213 8 
214 8 
215 8 
216 8 
217 7 
218 7 
219 7 
220 7 
221 7 
222 7 
223 7 
224 7 
225 7 
226 7 
227 7 
228 7 
229 7 
230 7 
231 7 
232 7 
233 7 
234 7 
235 7 
236 7 
237 7 
238 7 
239 7 
240 7 
241 7 
242 7 
243 7 
244 7 
245 7 
246 7 
247 7 
248 7 
249 7 
250 7 
251 7 
252 7 
253 7 
254 7 
255 7 
256 7 
257 7 
258 7 
259 7 
260 7 
261 7 
262 7 
263 7 
264 7 
265 7 
266 7 
267 7 
268 7 
269 7 
270 7 
271 7 
272 7 
273 6 
274 6 
275 6 
276 6 
277 6 
278 6 
279 6 
280 6 
281 6 
282 6 
283 6 
284 6 
285 6 
286 6 
287 6 
288 6 
289 6 
290 6 
291 6 
292 6 
293 6 
294 6 
295 6 
296 6 
297 6 
298 6 
299 6 
300 6 
301 6 
302 6 
303 6 
304 6 
305 6 
306 6 
307 6 
308 6 
309 6 
310 6 
311 6 
312 6 
313 6 
314 6 
315 6 
316 6 
317 6 
318 6 
319 6 
320 6 
321 6 
322 6 
323 6 
324 6 
325 6 
326 6 
327 6 
328 6 
329 6 
330 6 
331 6 
332 6 
333 6 
334 6 
335 6 
336 6 
337 6 
338 6 
339 6 
340 6 
341 6 
342 6 
343 6 
344 6 
345 6 
346 6 
347 6 
348 6 
349 6 
350 6 
351 6 
352 6 
353 6 
354 6 
355 6 
356 6 
357 6 
358 6 
359 6 
360 6 
361 6 
362 6 
363 6 
364 6 
365 6 
366 6 
367 5 
368 5 
369 5 
370 5 
371 5 
372 5 
373 5 
374 5 
375 5 
376 5 
377 5 
378 5 
379 5 
380 5 
381 5 
382 5 
383 5 
384 5 
385 5 
386 5 
387 5 
388 5 
389 5 
390 5 
391 5 
392 5 
393 5 
394 5 
395 5 
396 5 
397 5 
398 5 
399 5 
400 5 
401 5 
402 5 
403 5 
404 5 
405 5 
406 5 
407 5 
408 5 
409 5 
410 5 
411 5 
412 5 
413 5 
414 5 
415 5 
416 5 
417 5 
418 5 
419 5 
420 5 
421 5 
422 5 
423 5 
424 5 
425 5 
426 5 
427 5 
428 5 
429 5 
430 5 
431 5 
432 5 
433 5 
434 5 
435 5 
436 5 
437 5 
438 5 
439 5 
440 5 
441 5 
442 5 
443 5 
444 5 
445 5 
446 5 
447 5 
448 5 
449 5 
450 5 
451 5 
452 5 
453 5 
454 5 
455 5 
456 5 
457 5 
458 5 
459 5 
460 5 
461 5 
462 5 
463 5 
464 5 
465 5 
466 5 
467 5 
468 5 
469 5 
470 5 
471 5 
472 5 
473 5 
474 5 
475 5 
476 5 
477 5 
478 5 
479 5 
480 5 
481 5 
482 5 
483 5 
484 5 
485 5 
486 5 
487 5 
488 5 
489 5 
490 5 
491 5 
492 5 
493 5 
494 5 
495 5 
496 5 
497 5 
498 5 
499 5 
500 5 
501 5 
502 5 
503 5 
504 5 
505 5 
506 5 
507 4 
508 4 
509 4 
510 4 
511 4 
512 4 
513 4 
514 4 
515 4 
516 4 
517 4 
518 4 
519 4 
520 4 
521 4 
522 4 
523 4 
524 4 
525 4 
526 4 
527 4 
528 4 
529 4 
530 4 
531 4 
532 4 
533 4 
534 4 
535 4 
536 4 
537 4 
538 4 
539 4 
540 4 
541 4 
542 4 
543 4 
544 4 
545 4 
546 4 
547 4 
548 4 
549 4 
550 4 
551 4 
552 4 
553 4 
554 4 
555 4 
556 4 
557 4 
558 4 
559 4 
560 4 
561 4 
562 4 
563 4 
564 4 
565 4 
566 4 
567 4 
568 4 
569 4 
570 4 
571 4 
572 4 
573 4 
574 4 
575 4 
576 4 
577 4 
578 4 
579 4 
580 4 
581 4 
582 4 
583 4 
584 4 
585 4 
586 4 
587 4 
588 4 
589 4 
590 4 
591 4 
592 4 
593 4 
594 4 
595 4 
596 4 
597 4 
598 4 
599 4 
600 4 
601 4 
602 4 
603 4 
604 4 
605 4 
606 4 
607 4 
608 4 
609 4 
610 4 
611 4 
612 4 
613 4 
614 4 
615 4 
616 4 
617 4 
618 4 
619 4 
620 4 
621 4 
622 4 
623 4 
624 4 
625 4 
626 4 
627 4 
628 4 
629 4 
630 4 
631 4 
632 4 
633 4 
634 4 
635 4 
636 4 
637 4 
638 4 
639 4 
640 4 
641 4 
642 4 
643 4 
644 4 
645 4 
646 4 
647 4 
648 4 
649 4 
650 4 
651 4 
652 4 
653 4 
654 4 
655 4 
656 4 
657 4 
658 4 
659 4 
660 4 
661 4 
662 4 
663 4 
664 4 
665 4 
666 4 
667 4 
668 4 
669 4 
670 4 
671 4 
672 4 
673 4 
674 4 
675 4 
676 4 
677 4 
678 4 
679 4 
680 4 
681 4 
682 4 
683 4 
684 4 
685 4 
686 4 
687 4 
688 4 
689 4 
690 4 
691 4 
692 4 
693 4 
694 4 
695 4 
696 4 
697 4 
698 4 
699 4 
700 4 
701 4 
702 4 
703 4 
704 4 
705 4 
706 4 
707 4 
708 4 
709 4 
710 4 
711 4 
712 4 
713 4 
714 4 
715 4 
716 4 
717 4 
718 4 
719 4 
720 4 
721 4 
722 4 
723 4 
724 4 
725 4 
726 4 
727 4 
728 4 
729 4 
730 4 
731 4 
732 4 
733 4 
734 4 
735 4 
736 4 
737 4 
738 4 
739 4 
740 4 
741 4 
742 4 
743 4 
744 4 
745 4 
746 4 
747 4 
748 4 
749 4 
750 4 
751 4 
752 4 
753 4 
754 4 
755 4 
756 4 
757 4 
758 4 
759 4 
760 4 
761 4 
762 4 
763 4 
764 4 
765 4 
766 4 
767 4 
768 4 
769 4 
770 4 
771 4 
772 4 
773 4 
774 4 
775 4 
776 4 
777 4 
778 4 
779 4 
780 4 
781 4 
782 4 
783 4 
784 4 
785 4 
786 4 
787 4 
788 4 
789 4 
790 3 
791 3 
792 3 
793 3 
794 3 
795 3 
796 3 
797 3 
798 3 
799 3 
800 3 
801 3 
802 3 
803 3 
804 3 
805 3 
806 3 
807 3 
808 3 
809 3 
810 3 
811 3 
812 3 
813 3 
814 3 
815 3 
816 3 
817 3 
818 3 
819 3 
820 3 
821 3 
822 3 
823 3 
824 3 
825 3 
826 3 
827 3 
828 3 
829 3 
830 3 
831 3 
832 3 
833 3 
834 3 
835 3 
836 3 
837 3 
838 3 
839 3 
840 3 
841 3 
842 3 
843 3 
844 3 
845 3 
846 3 
847 3 
848 3 
849 3 
850 3 
851 3 
852 3 
853 3 
854 3 
855 3 
856 3 
857 3 
858 3 
859 3 
860 3 
861 3 
862 3 
863 3 
864 3 
865 3 
866 3 
867 3 
868 3 
869 3 
870 3 
871 3 
872 3 
873 3 
874 3 
875 3 
876 3 
877 3 
878 3 
879 3 
880 3 
881 3 
882 3 
883 3 
884 3 
885 3 
886 3 
887 3 
888 3 
889 3 
890 3 
891 3 
892 3 
893 3 
894 3 
895 3 
896 3 
897 3 
898 3 
899 3 
900 3 
901 3 
902 3 
903 3 
904 3 
905 3 
906 3 
907 3 
908 3 
909 3 
910 3 
911 3 
912 3 
913 3 
914 3 
915 3 
916 3 
917 3 
918 3 
919 3 
920 3 
921 3 
922 3 
923 3 
924 3 
925 3 
926 3 
927 3 
928 3 
929 3 
930 3 
931 3 
932 3 
933 3 
934 3 
935 3 
936 3 
937 3 
938 3 
939 3 
940 3 
941 3 
942 3 
943 3 
944 3 
945 3 
946 3 
947 3 
948 3 
949 3 
950 3 
951 3 
952 3 
953 3 
954 3 
955 3 
956 3 
957 3 
958 3 
959 3 
960 3 
961 3 
962 3 
963 3 
964 3 
965 3 
966 3 
967 3 
968 3 
969 3 
970 3 
971 3 
972 3 
973 3 
974 3 
975 3 
976 3 
977 3 
978 3 
979 3 
980 3 
981 3 
982 3 
983 3 
984 3 
985 3 
986 3 
987 3 
988 3 
989 3 
990 3 
991 3 
992 3 
993 3 
994 3 
995 3 
996 3 
997 3 
998 3 
999 3 
1000 3 
1001 3 
1002 3 
1003 3 
1004 3 
1005 3 
1006 3 
1007 3 
1008 3 
1009 3 
1010 3 
1011 3 
1012 3 
1013 3 
1014 3 
1015 3 
1016 3 
1017 3 
1018 3 
1019 3 
1020 3 
1021 3 
1022 3 
1023 3 
1024 3 
1025 3 
1026 3 
1027 3 
1028 3 
1029 3 
1030 3 
1031 3 
1032 3 
1033 3 
1034 3 
1035 3 
1036 3 
1037 3 
1038 3 
1039 3 
1040 3 
1041 3 
1042 3 
1043 3 
1044 3 
1045 3 
1046 3 
1047 3 
1048 3 
1049 3 
1050 3 
1051 3 
1052 3 
1053 3 
1054 3 
1055 3 
1056 3 
1057 3 
1058 3 
1059 3 
1060 3 
1061 3 
1062 3 
1063 3 
1064 3 
1065 3 
1066 3 
1067 3 
1068 3 
1069 3 
1070 3 
1071 3 
1072 3 
1073 3 
1074 3 
1075 3 
1076 3 
1077 3 
1078 3 
1079 3 
1080 3 
1081 3 
1082 3 
1083 3 
1084 3 
1085 3 
1086 3 
1087 3 
1088 3 
1089 3 
1090 3 
1091 3 
1092 3 
1093 3 
1094 3 
1095 3 
1096 3 
1097 3 
1098 3 
1099 3 
1100 3 
1101 3 
1102 3 
1103 3 
1104 3 
1105 3 
1106 3 
1107 3 
1108 3 
1109 3 
1110 3 
1111 3 
1112 3 
1113 3 
1114 3 
1115 3 
1116 3 
1117 3 
1118 3 
1119 3 
1120 3 
1121 3 
1122 3 
1123 3 
1124 3 
1125 3 
1126 3 
1127 3 
1128 3 
1129 3 
1130 3 
1131 3 
1132 3 
1133 3 
1134 3 
1135 3 
1136 3 
1137 3 
1138 3 
1139 3 
1140 3 
1141 3 
1142 3 
1143 3 
1144 3 
1145 3 
1146 3 
1147 3 
1148 3 
1149 3 
1150 3 
1151 3 
1152 3 
1153 3 
1154 3 
1155 3 
1156 3 
1157 3 
1158 3 
1159 3 
1160 3 
1161 3 
1162 3 
1163 3 
1164 3 
1165 3 
1166 2 
1167 2 
1168 2 
1169 2 
1170 2 
1171 2 
1172 2 
1173 2 
1174 2 
1175 2 
1176 2 
1177 2 
1178 2 
1179 2 
1180 2 
1181 2 
1182 2 
1183 2 
1184 2 
1185 2 
1186 2 
1187 2 
1188 2 
1189 2 
1190 2 
1191 2 
1192 2 
1193 2 
1194 2 
1195 2 
1196 2 
1197 2 
1198 2 
1199 2 
1200 2 
1201 2 
1202 2 
1203 2 
1204 2 
1205 2 
1206 2 
1207 2 
1208 2 
1209 2 
1210 2 
1211 2 
1212 2 
1213 2 
1214 2 
1215 2 
1216 2 
1217 2 
1218 2 
1219 2 
1220 2 
1221 2 
1222 2 
1223 2 
1224 2 
1225 2 
1226 2 
1227 2 
1228 2 
1229 2 
1230 2 
1231 2 
1232 2 
1233 2 
1234 2 
1235 2 
1236 2 
1237 2 
1238 2 
1239 2 
1240 2 
1241 2 
1242 2 
1243 2 
1244 2 
1245 2 
1246 2 
1247 2 
1248 2 
1249 2 
1250 2 
1251 2 
1252 2 
1253 2 
1254 2 
1255 2 
1256 2 
1257 2 
1258 2 
1259 2 
1260 2 
1261 2 
1262 2 
1263 2 
1264 2 
1265 2 
1266 2 
1267 2 
1268 2 
1269 2 
1270 2 
1271 2 
1272 2 
1273 2 
1274 2 
1275 2 
1276 2 
1277 2 
1278 2 
1279 2 
1280 2 
1281 2 
1282 2 
1283 2 
1284 2 
1285 2 
1286 2 
1287 2 
1288 2 
1289 2 
1290 2 
1291 2 
1292 2 
1293 2 
1294 2 
1295 2 
1296 2 
1297 2 
1298 2 
1299 2 
1300 2 
1301 2 
1302 2 
1303 2 
1304 2 
1305 2 
1306 2 
1307 2 
1308 2 
1309 2 
1310 2 
1311 2 
1312 2 
1313 2 
1314 2 
1315 2 
1316 2 
1317 2 
1318 2 
1319 2 
1320 2 
1321 2 
1322 2 
1323 2 
1324 2 
1325 2 
1326 2 
1327 2 
1328 2 
1329 2 
1330 2 
1331 2 
1332 2 
1333 2 
1334 2 
1335 2 
1336 2 
1337 2 
1338 2 
1339 2 
1340 2 
1341 2 
1342 2 
1343 2 
1344 2 
1345 2 
1346 2 
1347 2 
1348 2 
1349 2 
1350 2 
1351 2 
1352 2 
1353 2 
1354 2 
1355 2 
1356 2 
1357 2 
1358 2 
1359 2 
1360 2 
1361 2 
1362 2 
1363 2 
1364 2 
1365 2 
1366 2 
1367 2 
1368 2 
1369 2 
1370 2 
1371 2 
1372 2 
1373 2 
1374 2 
1375 2 
1376 2 
1377 2 
1378 2 
1379 2 
1380 2 
1381 2 
1382 2 
1383 2 
1384 2 
1385 2 
1386 2 
1387 2 
1388 2 
1389 2 
1390 2 
1391 2 
1392 2 
1393 2 
1394 2 
1395 2 
1396 2 
1397 2 
1398 2 
1399 2 
1400 2 
1401 2 
1402 2 
1403 2 
1404 2 
1405 2 
1406 2 
1407 2 
1408 2 
1409 2 
1410 2 
1411 2 
1412 2 
1413 2 
1414 2 
1415 2 
1416 2 
1417 2 
1418 2 
1419 2 
1420 2 
1421 2 
1422 2 
1423 2 
1424 2 
1425 2 
1426 2 
1427 2 
1428 2 
1429 2 
1430 2 
1431 2 
1432 2 
1433 2 
1434 2 
1435 2 
1436 2 
1437 2 
1438 2 
1439 2 
1440 2 
1441 2 
1442 2 
1443 2 
1444 2 
1445 2 
1446 2 
1447 2 
1448 2 
1449 2 
1450 2 
1451 2 
1452 2 
1453 2 
1454 2 
1455 2 
1456 2 
1457 2 
1458 2 
1459 2 
1460 2 
1461 2 
1462 2 
1463 2 
1464 2 
1465 2 
1466 2 
1467 2 
1468 2 
1469 2 
1470 2 
1471 2 
1472 2 
1473 2 
1474 2 
1475 2 
1476 2 
1477 2 
1478 2 
1479 2 
1480 2 
1481 2 
1482 2 
1483 2 
1484 2 
1485 2 
1486 2 
1487 2 
1488 2 
1489 2 
1490 2 
1491 2 
1492 2 
1493 2 
1494 2 
1495 2 
1496 2 
1497 2 
1498 2 
1499 2 
1500 2 
1501 2 
1502 2 
1503 2 
1504 2 
1505 2 
1506 2 
1507 2 
1508 2 
1509 2 
1510 2 
1511 2 
1512 2 
1513 2 
1514 2 
1515 2 
1516 2 
1517 2 
1518 2 
1519 2 
1520 2 
1521 2 
1522 2 
1523 2 
1524 2 
1525 2 
1526 2 
1527 2 
1528 2 
1529 2 
1530 2 
1531 2 
1532 2 
1533 2 
1534 2 
1535 2 
1536 2 
1537 2 
1538 2 
1539 2 
1540 2 
1541 2 
1542 2 
1543 2 
1544 2 
1545 2 
1546 2 
1547 2 
1548 2 
1549 2 
1550 2 
1551 2 
1552 2 
1553 2 
1554 2 
1555 2 
1556 2 
1557 2 
1558 2 
1559 2 
1560 2 
1561 2 
1562 2 
1563 2 
1564 2 
1565 2 
1566 2 
1567 2 
1568 2 
1569 2 
1570 2 
1571 2 
1572 2 
1573 2 
1574 2 
1575 2 
1576 2 
1577 2 
1578 2 
1579 2 
1580 2 
1581 2 
1582 2 
1583 2 
1584 2 
1585 2 
1586 2 
1587 2 
1588 2 
1589 2 
1590 2 
1591 2 
1592 2 
1593 2 
1594 2 
1595 2 
1596 2 
1597 2 
1598 2 
1599 2 
1600 2 
1601 2 
1602 2 
1603 2 
1604 2 
1605 2 
1606 2 
1607 2 
1608 2 
1609 2 
1610 2 
1611 2 
1612 2 
1613 2 
1614 2 
1615 2 
1616 2 
1617 2 
1618 2 
1619 2 
1620 2 
1621 2 
1622 2 
1623 2 
1624 2 
1625 2 
1626 2 
1627 2 
1628 2 
1629 2 
1630 2 
1631 2 
1632 2 
1633 2 
1634 2 
1635 2 
1636 2 
1637 2 
1638 2 
1639 2 
1640 2 
1641 2 
1642 2 
1643 2 
1644 2 
1645 2 
1646 2 
1647 2 
1648 2 
1649 2 
1650 2 
1651 2 
1652 2 
1653 2 
1654 2 
1655 2 
1656 2 
1657 2 
1658 2 
1659 2 
1660 2 
1661 2 
1662 2 
1663 2 
1664 2 
1665 2 
1666 2 
1667 2 
1668 2 
1669 2 
1670 2 
1671 2 
1672 2 
1673 2 
1674 2 
1675 2 
1676 2 
1677 2 
1678 2 
1679 2 
1680 2 
1681 2 
1682 2 
1683 2 
1684 2 
1685 2 
1686 2 
1687 2 
1688 2 
1689 2 
1690 2 
1691 2 
1692 2 
1693 2 
1694 2 
1695 2 
1696 2 
1697 2 
1698 2 
1699 2 
1700 2 
1701 2 
1702 2 
1703 2 
1704 2 
1705 2 
1706 2 
1707 2 
1708 2 
1709 2 
1710 2 
1711 2 
1712 2 
1713 2 
1714 2 
1715 2 
1716 2 
1717 2 
1718 2 
1719 2 
1720 2 
1721 2 
1722 2 
1723 2 
1724 2 
1725 2 
1726 2 
1727 2 
1728 2 
1729 2 
1730 2 
1731 2 
1732 2 
1733 2 
1734 2 
1735 2 
1736 2 
1737 2 
1738 2 
1739 2 
1740 2 
1741 2 
1742 2 
1743 2 
1744 2 
1745 2 
1746 2 
1747 2 
1748 2 
1749 2 
1750 2 
1751 2 
1752 2 
1753 2 
1754 2 
1755 2 
1756 2 
1757 2 
1758 2 
1759 2 
1760 2 
1761 2 
1762 2 
1763 2 
1764 2 
1765 2 
1766 2 
1767 2 
1768 2 
1769 2 
1770 2 
1771 2 
1772 2 
1773 2 
1774 2 
1775 2 
1776 2 
1777 2 
1778 2 
1779 2 
1780 2 
1781 2 
1782 2 
1783 2 
1784 2 
1785 2 
1786 2 
1787 2 
1788 2 
1789 2 
1790 2 
1791 2 
1792 2 
1793 2 
1794 2 
1795 2 
1796 2 
1797 2 
1798 2 
1799 2 
1800 2 
1801 2 
1802 2 
1803 2 
1804 2 
1805 2 
1806 2 
1807 2 
1808 2 
1809 2 
1810 2 
1811 2 
1812 2 
1813 2 
1814 2 
1815 2 
1816 2 
1817 2 
1818 2 
1819 2 
1820 2 
1821 2 
1822 2 
1823 2 
1824 2 
1825 2 
1826 2 
1827 2 
1828 2 
1829 2 
1830 2 
1831 2 
1832 2 
1833 2 
1834 2 
1835 2 
1836 2 
1837 2 
1838 2 
1839 2 
1840 2 
1841 2 
1842 2 
1843 2 
1844 2 
1845 2 
1846 2 
1847 2 
1848 2 
1849 2 
1850 2 
1851 1 
1852 1 
1853 1 
1854 1 
1855 1 
1856 1 
1857 1 
1858 1 
1859 1 
1860 1 
1861 1 
1862 1 
1863 1 
1864 1 
1865 1 
1866 1 
1867 1 
1868 1 
1869 1 
1870 1 
1871 1 
1872 1 
1873 1 
1874 1 
1875 1 
1876 1 
1877 1 
1878 1 
1879 1 
1880 1 
1881 1 
1882 1 
1883 1 
1884 1 
1885 1 
1886 1 
1887 1 
1888 1 
1889 1 
1890 1 
1891 1 
1892 1 
1893 1 
1894 1 
1895 1 
1896 1 
1897 1 
1898 1 
1899 1 
1900 1 
1901 1 
1902 1 
1903 1 
1904 1 
1905 1 
1906 1 
1907 1 
1908 1 
1909 1 
1910 1 
1911 1 
1912 1 
1913 1 
1914 1 
1915 1 
1916 1 
1917 1 
1918 1 
1919 1 
1920 1 
1921 1 
1922 1 
1923 1 
1924 1 
1925 1 
1926 1 
1927 1 
1928 1 
1929 1 
1930 1 
1931 1 
1932 1 
1933 1 
1934 1 
1935 1 
1936 1 
1937 1 
1938 1 
1939 1 
1940 1 
1941 1 
1942 1 
1943 1 
1944 1 
1945 1 
1946 1 
1947 1 
1948 1 
1949 1 
1950 1 
1951 1 
1952 1 
1953 1 
1954 1 
1955 1 
1956 1 
1957 1 
1958 1 
1959 1 
1960 1 
1961 1 
1962 1 
1963 1 
1964 1 
1965 1 
1966 1 
1967 1 
1968 1 
1969 1 
1970 1 
1971 1 
1972 1 
1973 1 
1974 1 
1975 1 
1976 1 
1977 1 
1978 1 
1979 1 
1980 1 
1981 1 
1982 1 
1983 1 
1984 1 
1985 1 
1986 1 
1987 1 
1988 1 
1989 1 
1990 1 
1991 1 
1992 1 
1993 1 
1994 1 
1995 1 
1996 1 
1997 1 
1998 1 
1999 1 
2000 1 
2001 1 
2002 1 
2003 1 
2004 1 
2005 1 
2006 1 
2007 1 
2008 1 
2009 1 
2010 1 
2011 1 
2012 1 
2013 1 
2014 1 
2015 1 
2016 1 
2017 1 
2018 1 
2019 1 
2020 1 
2021 1 
2022 1 
2023 1 
2024 1 
2025 1 
2026 1 
2027 1 
2028 1 
2029 1 
2030 1 
2031 1 
2032 1 
2033 1 
2034 1 
2035 1 
2036 1 
2037 1 
2038 1 
2039 1 
2040 1 
2041 1 
2042 1 
2043 1 
2044 1 
2045 1 
2046 1 
2047 1 
2048 1 
2049 1 
2050 1 
2051 1 
2052 1 
2053 1 
2054 1 
2055 1 
2056 1 
2057 1 
2058 1 
2059 1 
2060 1 
2061 1 
2062 1 
2063 1 
2064 1 
2065 1 
2066 1 
2067 1 
2068 1 
2069 1 
2070 1 
2071 1 
2072 1 
2073 1 
2074 1 
2075 1 
2076 1 
2077 1 
2078 1 
2079 1 
2080 1 
2081 1 
2082 1 
2083 1 
2084 1 
2085 1 
2086 1 
2087 1 
2088 1 
2089 1 
2090 1 
2091 1 
2092 1 
2093 1 
2094 1 
2095 1 
2096 1 
2097 1 
2098 1 
2099 1 
2100 1 
2101 1 
2102 1 
2103 1 
2104 1 
2105 1 
2106 1 
2107 1 
2108 1 
2109 1 
2110 1 
2111 1 
2112 1 
2113 1 
2114 1 
2115 1 
2116 1 
2117 1 
2118 1 
2119 1 
2120 1 
2121 1 
2122 1 
2123 1 
2124 1 
2125 1 
2126 1 
2127 1 
2128 1 
2129 1 
2130 1 
2131 1 
2132 1 
2133 1 
2134 1 
2135 1 
2136 1 
2137 1 
2138 1 
2139 1 
2140 1 
2141 1 
2142 1 
2143 1 
2144 1 
2145 1 
2146 1 
2147 1 
2148 1 
2149 1 
2150 1 
2151 1 
2152 1 
2153 1 
2154 1 
2155 1 
2156 1 
2157 1 
2158 1 
2159 1 
2160 1 
2161 1 
2162 1 
2163 1 
2164 1 
2165 1 
2166 1 
2167 1 
2168 1 
2169 1 
2170 1 
2171 1 
2172 1 
2173 1 
2174 1 
2175 1 
2176 1 
2177 1 
2178 1 
2179 1 
2180 1 
2181 1 
2182 1 
2183 1 
2184 1 
2185 1 
2186 1 
2187 1 
2188 1 
2189 1 
2190 1 
2191 1 
2192 1 
2193 1 
2194 1 
2195 1 
2196 1 
2197 1 
2198 1 
2199 1 
2200 1 
2201 1 
2202 1 
2203 1 
2204 1 
2205 1 
2206 1 
2207 1 
2208 1 
2209 1 
2210 1 
2211 1 
2212 1 
2213 1 
2214 1 
2215 1 
2216 1 
2217 1 
2218 1 
2219 1 
2220 1 
2221 1 
2222 1 
2223 1 
2224 1 
2225 1 
2226 1 
2227 1 
2228 1 
2229 1 
2230 1 
2231 1 
2232 1 
2233 1 
2234 1 
2235 1 
2236 1 
2237 1 
2238 1 
2239 1 
2240 1 
2241 1 
2242 1 
2243 1 
2244 1 
2245 1 
2246 1 
2247 1 
2248 1 
2249 1 
2250 1 
2251 1 
2252 1 
2253 1 
2254 1 
2255 1 
2256 1 
2257 1 
2258 1 
2259 1 
2260 1 
2261 1 
2262 1 
2263 1 
2264 1 
2265 1 
2266 1 
2267 1 
2268 1 
2269 1 
2270 1 
2271 1 
2272 1 
2273 1 
2274 1 
2275 1 
2276 1 
2277 1 
2278 1 
2279 1 
2280 1 
2281 1 
2282 1 
2283 1 
2284 1 
2285 1 
2286 1 
2287 1 
2288 1 
2289 1 
2290 1 
2291 1 
2292 1 
2293 1 
2294 1 
2295 1 
2296 1 
2297 1 
2298 1 
2299 1 
2300 1 
2301 1 
2302 1 
2303 1 
2304 1 
2305 1 
2306 1 
2307 1 
2308 1 
2309 1 
2310 1 
2311 1 
2312 1 
2313 1 
2314 1 
2315 1 
2316 1 
2317 1 
2318 1 
2319 1 
2320 1 
2321 1 
2322 1 
2323 1 
2324 1 
2325 1 
2326 1 
2327 1 
2328 1 
2329 1 
2330 1 
2331 1 
2332 1 
2333 1 
2334 1 
2335 1 
2336 1 
2337 1 
2338 1 
2339 1 
2340 1 
2341 1 
2342 1 
2343 1 
2344 1 
2345 1 
2346 1 
2347 1 
2348 1 
2349 1 
2350 1 
2351 1 
2352 1 
2353 1 
2354 1 
2355 1 
2356 1 
2357 1 
2358 1 
2359 1 
2360 1 
2361 1 
2362 1 
2363 1 
2364 1 
2365 1 
2366 1 
2367 1 
2368 1 
2369 1 
2370 1 
2371 1 
2372 1 
2373 1 
2374 1 
2375 1 
2376 1 
2377 1 
2378 1 
2379 1 
2380 1 
2381 1 
2382 1 
2383 1 
2384 1 
2385 1 
2386 1 
2387 1 
2388 1 
2389 1 
2390 1 
2391 1 
2392 1 
2393 1 
2394 1 
2395 1 
2396 1 
2397 1 
2398 1 
2399 1 
2400 1 
2401 1 
2402 1 
2403 1 
2404 1 
2405 1 
2406 1 
2407 1 
2408 1 
2409 1 
2410 1 
2411 1 
2412 1 
2413 1 
2414 1 
2415 1 
2416 1 
2417 1 
2418 1 
2419 1 
2420 1 
2421 1 
2422 1 
2423 1 
2424 1 
2425 1 
2426 1 
2427 1 
2428 1 
2429 1 
2430 1 
2431 1 
2432 1 
2433 1 
2434 1 
2435 1 
2436 1 
2437 1 
2438 1 
2439 1 
2440 1 
2441 1 
2442 1 
2443 1 
2444 1 
2445 1 
2446 1 
2447 1 
2448 1 
2449 1 
2450 1 
2451 1 
2452 1 
2453 1 
2454 1 
2455 1 
2456 1 
2457 1 
2458 1 
2459 1 
2460 1 
2461 1 
2462 1 
2463 1 
2464 1 
2465 1 
2466 1 
2467 1 
2468 1 
2469 1 
2470 1 
2471 1 
2472 1 
2473 1 
2474 1 
2475 1 
2476 1 
2477 1 
2478 1 
2479 1 
2480 1 
2481 1 
2482 1 
2483 1 
2484 1 
2485 1 
2486 1 
2487 1 
2488 1 
2489 1 
2490 1 
2491 1 
2492 1 
2493 1 
2494 1 
2495 1 
2496 1 
2497 1 
2498 1 
2499 1 
2500 1 
2501 1 
2502 1 
2503 1 
2504 1 
2505 1 
2506 1 
2507 1 
2508 1 
2509 1 
2510 1 
2511 1 
2512 1 
2513 1 
2514 1 
2515 1 
2516 1 
2517 1 
2518 1 
2519 1 
2520 1 
2521 1 
2522 1 
2523 1 
2524 1 
2525 1 
2526 1 
2527 1 
2528 1 
2529 1 
2530 1 
2531 1 
2532 1 
2533 1 
2534 1 
2535 1 
2536 1 
2537 1 
2538 1 
2539 1 
2540 1 
2541 1 
2542 1 
2543 1 
2544 1 
2545 1 
2546 1 
2547 1 
2548 1 
2549 1 
2550 1 
2551 1 
2552 1 
2553 1 
2554 1 
2555 1 
2556 1 
2557 1 
2558 1 
2559 1 
2560 1 
2561 1 
2562 1 
2563 1 
2564 1 
2565 1 
2566 1 
2567 1 
2568 1 
2569 1 
2570 1 
2571 1 
2572 1 
2573 1 
2574 1 
2575 1 
2576 1 
2577 1 
2578 1 
2579 1 
2580 1 
2581 1 
2582 1 
2583 1 
2584 1 
2585 1 
2586 1 
2587 1 
2588 1 
2589 1 
2590 1 
2591 1 
2592 1 
2593 1 
2594 1 
2595 1 
2596 1 
2597 1 
2598 1 
2599 1 
2600 1 
2601 1 
2602 1 
2603 1 
2604 1 
2605 1 
2606 1 
2607 1 
2608 1 
2609 1 
2610 1 
2611 1 
2612 1 
2613 1 
2614 1 
2615 1 
2616 1 
2617 1 
2618 1 
2619 1 
2620 1 
2621 1 
2622 1 
2623 1 
2624 1 
2625 1 
2626 1 
2627 1 
2628 1 
2629 1 
2630 1 
2631 1 
2632 1 
2633 1 
2634 1 
2635 1 
2636 1 
2637 1 
2638 1 
2639 1 
2640 1 
2641 1 
2642 1 
2643 1 
2644 1 
2645 1 
2646 1 
2647 1 
2648 1 
2649 1 
2650 1 
2651 1 
2652 1 
2653 1 
2654 1 
2655 1 
2656 1 
2657 1 
2658 1 
2659 1 
2660 1 
2661 1 
2662 1 
2663 1 
2664 1 
2665 1 
2666 1 
2667 1 
2668 1 
2669 1 
2670 1 
2671 1 
2672 1 
2673 1 
2674 1 
2675 1 
2676 1 
2677 1 
2678 1 
2679 1 
2680 1 
2681 1 
2682 1 
2683 1 
2684 1 
2685 1 
2686 1 
2687 1 
2688 1 
2689 1 
2690 1 
2691 1 
2692 1 
2693 1 
2694 1 
2695 1 
2696 1 
2697 1 
2698 1 
2699 1 
2700 1 
2701 1 
2702 1 
2703 1 
2704 1 
2705 1 
2706 1 
2707 1 
2708 1 
2709 1 
2710 1 
2711 1 
2712 1 
2713 1 
2714 1 
2715 1 
2716 1 
2717 1 
2718 1 
2719 1 
2720 1 
2721 1 
2722 1 
2723 1 
2724 1 
2725 1 
2726 1 
2727 1 
2728 1 
2729 1 
2730 1 
2731 1 
2732 1 
2733 1 
2734 1 
2735 1 
2736 1 
2737 1 
2738 1 
2739 1 
2740 1 
2741 1 
2742 1 
2743 1 
2744 1 
2745 1 
2746 1 
2747 1 
2748 1 
2749 1 
2750 1 
2751 1 
2752 1 
2753 1 
2754 1 
2755 1 
2756 1 
2757 1 
2758 1 
2759 1 
2760 1 
2761 1 
2762 1 
2763 1 
2764 1 
2765 1 
2766 1 
2767 1 
2768 1 
2769 1 
2770 1 
2771 1 
2772 1 
2773 1 
2774 1 
2775 1 
2776 1 
2777 1 
2778 1 
2779 1 
2780 1 
2781 1 
2782 1 
2783 1 
2784 1 
2785 1 
2786 1 
2787 1 
2788 1 
2789 1 
2790 1 
2791 1 
2792 1 
2793 1 
2794 1 
2795 1 
2796 1 
2797 1 
2798 1 
2799 1 
2800 1 
2801 1 
2802 1 
2803 1 
2804 1 
2805 1 
2806 1 
2807 1 
2808 1 
2809 1 
2810 1 
2811 1 
2812 1 
2813 1 
2814 1 
2815 1 
2816 1 
2817 1 
2818 1 
2819 1 
2820 1 
2821 1 
2822 1 
2823 1 
2824 1 
2825 1 
2826 1 
2827 1 
2828 1 
2829 1 
2830 1 
2831 1 
2832 1 
2833 1 
2834 1 
2835 1 
2836 1 
2837 1 
2838 1 
2839 1 
2840 1 
2841 1 
2842 1 
2843 1 
2844 1 
2845 1 
2846 1 
2847 1 
2848 1 
2849 1 
2850 1 
2851 1 
2852 1 
2853 1 
2854 1 
2855 1 
2856 1 
2857 1 
2858 1 
2859 1 
2860 1 
2861 1 
2862 1 
2863 1 
2864 1 
2865 1 
2866 1 
2867 1 
2868 1 
2869 1 
2870 1 
2871 1 
2872 1 
2873 1 
2874 1 
2875 1 
2876 1 
2877 1 
2878 1 
2879 1 
2880 1 
2881 1 
2882 1 
2883 1 
2884 1 
2885 1 
2886 1 
2887 1 
2888 1 
2889 1 
2890 1 
2891 1 
2892 1 
2893 1 
2894 1 
2895 1 
2896 1 
2897 1 
2898 1 
2899 1 
2900 1 
2901 1 
2902 1 
2903 1 
2904 1 
2905 1 
2906 1 
2907 1 
2908 1 
2909 1 
2910 1 
2911 1 
2912 1 
2913 1 
2914 1 
2915 1 
2916 1 
2917 1 
2918 1 
2919 1 
2920 1 
2921 1 
2922 1 
2923 1 
2924 1 
2925 1 
2926 1 
2927 1 
2928 1 
2929 1 
2930 1 
2931 1 
2932 1 
2933 1 
2934 1 
2935 1 
2936 1 
2937 1 
2938 1 
2939 1 
2940 1 
2941 1 
2942 1 
2943 1 
2944 1 
2945 1 
2946 1 
2947 1 
2948 1 
2949 1 
2950 1 
2951 1 
2952 1 
2953 1 
2954 1 
2955 1 
2956 1 
2957 1 
2958 1 
2959 1 
2960 1 
2961 1 
2962 1 
2963 1 
2964 1 
2965 1 
2966 1 
2967 1 
2968 1 
2969 1 
2970 1 
2971 1 
2972 1 
2973 1 
2974 1 
2975 1 
2976 1 
2977 1 
2978 1 
2979 1 
2980 1 
2981 1 
2982 1 
2983 1 
2984 1 
2985 1 
2986 1 
2987 1 
2988 1 
2989 1 
2990 1 
2991 1 
2992 1 
2993 1 
2994 1 
2995 1 
2996 1 
2997 1 
2998 1 
2999 1 
3000 1 
3001 1 
3002 1 
3003 1 
3004 1 
3005 1 
3006 1 
3007 1 
3008 1 
3009 1 
3010 1 
3011 1 
3012 1 
3013 1 
3014 1 
3015 1 
3016 1 
3017 1 
3018 1 
3019 1 
3020 1 
3021 1 
3022 1 
3023 1 
3024 1 
3025 1 
3026 1 
3027 1 
3028 1 
3029 1 
3030 1 
3031 1 
3032 1 
3033 1 
3034 1 
3035 1 
3036 1 
3037 1 
3038 1 
3039 1 
3040 1 
3041 1 
3042 1 
3043 1 
3044 1 
3045 1 
3046 1 
3047 1 
3048 1 
3049 1 
3050 1 
3051 1 
3052 1 
3053 1 
3054 1 
3055 1 
3056 1 
3057 1 
3058 1 
3059 1 
3060 1 
3061 1 
3062 1 
3063 1 
3064 1 
3065 1 
3066 1 
3067 1 
3068 1 
3069 1 
3070 1 
3071 1 
3072 1 
3073 1 
3074 1 
3075 1 
3076 1 
3077 1 
3078 1 
3079 1 
3080 1 
3081 1 
3082 1 
3083 1 
3084 1 
3085 1 
3086 1 
3087 1 
3088 1 
3089 1 
3090 1 
3091 1 
3092 1 
3093 1 
3094 1 
3095 1 
3096 1 
3097 1 
3098 1 
3099 1 
3100 1 
3101 1 
3102 1 
3103 1 
3104 1 
3105 1 
3106 1 
3107 1 
3108 1 
3109 1 
3110 1 
3111 1 
3112 1 
3113 1 
3114 1 
3115 1 
3116 1 
3117 1 
3118 1 
3119 1 
3120 1 
3121 1 
3122 1 
3123 1 
3124 1 
3125 1 
3126 1 
3127 1 
3128 1 
3129 1 
3130 1 
3131 1 
3132 1 
3133 1 
3134 1 
3135 1 
3136 1 
3137 1 
3138 1 
3139 1 
3140 1 
3141 1 
3142 1 
3143 1 
3144 1 
3145 1 
3146 1 
3147 1 
3148 1 
3149 1 
3150 1 
3151 1 
3152 1 
3153 1 
3154 1 
3155 1 
3156 1 
3157 1 
3158 1 
3159 1 
3160 1 
3161 1 
3162 1 
3163 1 
3164 1 
3165 1 
3166 1 
3167 1 
3168 1 
3169 1 
3170 1 
3171 1 
3172 1 
3173 1 
3174 1 
3175 1 
3176 1 
3177 1 
3178 1 
3179 1 
3180 1 
3181 1 
3182 1 
3183 1 
3184 1 
3185 1 
3186 1 
3187 1 
3188 1 
3189 1 
3190 1 
3191 1 
3192 1 
3193 1 
3194 1 
3195 1 
3196 1 
3197 1 
3198 1 
3199 1 
3200 1 
3201 1 
3202 1 
3203 1 
3204 1 
3205 1 
3206 1 
3207 1 
3208 1 
3209 1 
3210 1 
3211 1 
3212 1 
3213 1 
3214 1 
3215 1 
3216 1 
3217 1 
3218 1 
3219 1 
3220 1 
3221 1 
3222 1 
3223 1 
3224 1 
3225 1 
3226 1 
3227 1 
3228 1 
3229 1 
3230 1 
3231 1 
3232 1 
3233 1 
3234 1 
3235 1 
3236 1 
3237 1 
3238 1 
3239 1 
3240 1 
3241 1 
3242 1 
3243 1 
3244 1 
3245 1 
3246 1 
3247 1 
3248 1 
3249 1 
3250 1 
3251 1 
3252 1 
3253 1 
3254 1 
3255 1 
3256 1 
3257 1 
3258 1 
3259 1 
3260 1 
3261 1 
3262 1 
3263 1 
3264 1 
3265 1 
3266 1 
3267 1 
3268 1 
3269 1 
3270 1 
3271 1 
3272 1 
3273 1 
3274 1 
3275 1 
3276 1 
3277 1 
3278 1 
3279 1 
3280 1 
3281 1 
3282 1 
3283 1 
3284 1 
3285 1 
3286 1 
3287 1 
3288 1 
3289 1 
3290 1 
3291 1 
3292 1 
3293 1 
3294 1 
3295 1 
3296 1 
3297 1 
3298 1 
3299 1 
3300 1 
3301 1 
3302 1 
3303 1 
3304 1 
3305 1 
3306 1 
3307 1 
3308 1 
3309 1 
3310 1 
3311 1 
3312 1 
3313 1 
3314 1 
3315 1 
3316 1 
3317 1 
3318 1 
3319 1 
3320 1 
3321 1 
3322 1 
3323 1 
3324 1 
3325 1 
3326 1 
3327 1 
3328 1 
3329 1 
3330 1 
3331 1 
3332 1 
3333 1 
3334 1 
3335 1 
3336 1 
3337 1 
3338 1 
3339 1 
3340 1 
3341 1 
3342 1 
3343 1 
3344 1 
3345 1 
3346 1 
3347 1 
3348 1 
3349 1 
3350 1 
3351 1 
3352 1 
3353 1 
3354 1 
3355 1 
3356 1 
3357 1 
3358 1 
3359 1 
3360 1 
3361 1 
3362 1 
3363 1 
3364 1 
3365 1 
3366 1 
3367 1 
3368 1 
3369 1 
3370 1 
3371 1 
3372 1 
