# Radial distribution function (180 data points):
# "Pair separation distance" 0-0 0-1 1-1
0.0080555556 0.0 0.0 0.0 
0.0241666667 0.0 0.0 0.0 
0.0402777778 0.0 0.0 0.0 
0.0563888889 0.0 0.0 0.0 
0.0725 0.0 0.0 0.0 
0.0886111111 0.0 0.0 0.0 
0.1047222222 0.0 0.0 0.0 
0.1208333333 0.0 0.0 0.0 
0.1369444444 0.0 0.0 0.0 
0.1530555556 0.0 0.0 0.0 
0.1691666667 0.0 0.0 0.0 
0.1852777778 0.0 0.0 0.0 
0.2013888889 0.0 0.0 0.0 
0.2175 0.0 0.0 0.0 
0.2336111111 0.0 0.0 0.0 
0.2497222222 0.0 0.0 0.0 
0.2658333333 0.0 0.0 0.0 
0.2819444444 0.0 0.0 0.0 
0.2980555556 0.0 0.0 0.0 
0.3141666667 0.0 0.0 0.0 
0.3302777778 0.0 0.0 0.0 
0.3463888889 0.0 0.0 0.0 
0.3625 0.0 0.0 0.0 
0.3786111111 0.0 0.0 0.0 
0.3947222222 0.0 0.0 0.0 
0.4108333333 0.0 0.0 0.0 
0.4269444444 0.0 0.0 0.0 
0.4430555556 0.0 0.0 0.0 
0.4591666667 0.0 0.0 0.0 
0.4752777778 0.0 0.0 0.0 
0.4913888889 0.0 0.0 0.0 
0.5075 0.0 0.0 0.0 
0.5236111111 0.0 0.0 0.0 
0.5397222222 0.0 0.0 0.0 
0.5558333333 0.0 0.0 0.0 
0.5719444444 0.0 0.0 0.0 
0.5880555556 0.0 0.0 0.0 
0.6041666667 0.0 0.0 0.0 
0.6202777778 0.0 0.0 0.0 
0.6363888889 0.0 0.0 0.0 
0.6525 0.0 0.0 0.0 
0.6686111111 0.0 0.0 0.0 
0.6847222222 0.0 0.0 0.0 
0.7008333333 0.0 0.0 0.0 
0.7169444444 0.0 0.0 0.0 
0.7330555556 0.0 0.0 0.0 
0.7491666667 0.0 0.0 0.0 
0.7652777778 0.0 0.0 0.0 
0.7813888889 0.0 0.0 0.0 
0.7975 0.0 0.0 0.0 
0.8136111111 0.353174942 0.0 0.0 
0.8297222222 1.6979649876 0.0 0.0 
0.8458333333 6.2088146261 0.0 0.0 
0.8619444444 13.6885005745 0.0 0.0 
0.8780555556 28.049386939 0.0 0.0 
0.8941666667 45.6156337054 0.0 0.0 
0.9102777778 62.0727916749 0.0 0.0 
0.9263888889 84.3142240589 0.0 0.0 
0.9425 103.8272927189 0.0 0.0 
0.9586111111 106.5998757777 0.0 0.0 
0.9747222222 111.2255668441 0.0 0.0 
0.9908333333 123.8312831796 0.0 0.0 
1.0069444444 112.6372654305 0.0 0.0 
1.0230555556 109.2293282897 0.0 0.0 
1.0391666667 104.244942169 0.0 0.0 
1.0552777778 95.3128919647 0.0 0.0 
1.0713888889 92.9771301863 0.0 0.0 
1.0875 90.7369185664 0.0 0.0130700111 
1.1036111111 77.5495601631 0.0174503961 0.1142207743 
1.1197222222 73.3760729324 0.0 0.3205440299 
1.1358333333 65.4196951729 0.1647436292 1.066340582 
1.1519444444 60.6074636202 0.2722851167 2.3530093506 
1.1680555556 61.1747421396 0.2336697561 4.7810248273 
1.1841666667 57.7708411949 0.6062793251 7.4186542877 
1.2002777778 51.0373848926 0.7818995229 10.7185951743 
1.2163888889 50.0103958136 1.1204397166 14.2183538866 
1.2325 45.3255491383 1.3991526204 16.1182381872 
1.2486111111 41.6890688596 1.2542165909 17.4499699609 
1.2647222222 41.8761039851 1.4217810967 17.6943496221 
1.2808333333 41.5418090701 1.334416446 17.1483702156 
1.2969444444 34.1225108606 1.5415465006 15.8887266743 
1.3130555556 33.0190922206 1.3806751274 14.3357112253 
1.3291666667 34.4731796787 1.3594379004 13.8415495317 
1.3452777778 33.7170209208 1.0921919003 11.846492009 
1.3613888889 29.0763088289 1.1238328792 11.0923764701 
1.3775 29.4474403362 1.1088994269 9.245919923 
1.3936111111 26.242564392 1.0177474931 9.0890919814 
1.4097222222 27.2931700834 0.9625334277 7.3269211224 
1.4258333333 28.1173593293 0.9095409041 6.6376527423 
1.4419444444 25.4123413407 0.9915515326 5.6426437732 
1.4580555556 26.7783749412 1.0697353439 4.9587731831 
1.4741666667 27.0031258426 0.8019762112 4.6660434106 
1.4902777778 27.9488317919 0.8230095991 4.0437088969 
1.5063888889 28.0238869445 0.824231969 3.9304284801 
1.5225 26.2236118517 0.9077404103 3.7209854833 
1.5386111111 26.0229626221 0.7900709714 3.1472248615 
1.5547222222 27.3725181368 0.7913673731 3.3381314645 
1.5708333333 28.519393592 0.7235364125 3.1259278773 
1.5869444444 28.4538552237 0.8523919257 3.0505043175 
1.6030555556 30.2047396306 0.8022617043 3.1037828636 
1.6191666667 30.2754705415 0.7782688906 2.9361962691 
1.6352777778 28.2392887837 0.7312171596 2.7572378271 
1.6513888889 30.5629441942 0.7404002801 2.9587670524 
1.6675 31.1523607927 0.7338060695 2.9241060041 
1.6836111111 32.7447320914 0.8697936621 2.9556624758 
1.6997222222 31.398607251 0.8313127037 2.814291116 
1.7158333333 31.8043807339 0.8879670481 2.6881840568 
1.7319444444 32.07278028 0.9069514804 2.7620795084 
1.7480555556 32.6702271565 0.9389995031 2.7468106677 
1.7641666667 34.1044795107 0.9902181676 3.0892323524 
1.7802777778 35.0759813907 0.9522587434 2.8921353898 
1.7963888889 35.4277069019 1.0867394755 2.8452815359 
1.8125 34.195764485 0.957520224 2.7619870834 
1.8286111111 35.2039805366 0.9025846775 2.9492907771 
1.8447222222 38.3703952929 1.0242931274 2.6572571154 
1.8608333333 34.4342259171 1.1048414733 2.9016038692 
1.8769444444 34.6088067014 0.9713270947 2.9704729221 
1.8930555556 35.163916521 0.8896251439 2.8985604688 
1.9091666667 35.9520094056 0.9796346736 2.9643490773 
1.9252777778 34.0282749965 1.1295930869 2.6980959012 
1.9413888889 33.1866966428 1.1616753625 2.9159794625 
1.9575 34.6561374972 1.2424735594 2.7310214277 
1.9736111111 33.7024909863 1.1949883471 2.8056679499 
1.9897222222 34.6647955391 1.331403019 2.8658352374 
2.0058333333 31.6114699853 1.2572743744 2.9083474452 
2.0219444444 33.0826616768 1.3516919991 3.0323272258 
2.0380555556 31.2952416015 1.2792364945 2.9994606969 
2.0541666667 30.6123391576 1.2038418854 3.121105474 
2.0702777778 28.0921909448 1.1901369509 2.9789488528 
2.0863888889 28.9490222493 1.2499493499 3.043200548 
2.1025 29.6441702106 1.1827858036 3.1366115766 
2.1186111111 28.5699751808 1.3021866536 3.0580938801 
2.1347222222 27.8581864912 1.441181923 3.2190212295 
2.1508333333 26.6337845888 1.3277839824 3.2344634036 
2.1669444444 27.8822802139 1.4076930433 3.2392164971 
2.1830555556 27.5458405205 1.3602333617 3.4348426351 
2.1991666667 25.7659876111 1.4590325579 3.1705592496 
2.2152777778 25.5831374922 1.346936814 3.3545459383 
2.2313888889 23.2663927563 1.3787808202 3.3435337874 
2.2475 24.6234094656 1.3927458191 3.2835292806 
2.2636111111 22.3349530582 1.592835356 3.2128213147 
2.2797222222 24.2696543713 1.2800407479 3.4382273704 
2.2958333333 23.4644830606 1.5766648697 3.6482140858 
2.3119444444 22.810540856 1.51102685 3.4876524041 
2.3280555556 22.2586645219 1.5137146768 3.6306336007 
2.3441666667 22.5706736753 1.7559910631 3.4740071492 
2.3602777778 23.2498234209 1.3734716822 3.5987732765 
2.3763888889 22.3974404594 1.6334211325 3.6103602409 
2.3925 21.4841425567 1.6189225985 3.7374293182 
2.4086111111 21.9432377821 1.7695273143 3.7275644083 
2.4247222222 22.7064029342 1.5364147822 3.5441063126 
2.4408333333 22.2506676134 1.6232249101 3.6609316253 
2.4569444444 22.1340976153 1.4682126311 3.6386834948 
2.4730555556 21.6172847572 1.5394995816 3.4220930573 
2.4891666667 21.4326899686 1.5642296136 3.7247126205 
2.5052777778 20.8412919418 1.5814255158 3.3986641413 
2.5213888889 21.8261628688 1.567966667 3.4647838736 
2.5375 20.89630904 1.5118094211 3.327301084 
2.5536111111 20.7768783204 1.6753181358 3.406341933 
2.5697222222 21.2075673439 1.644721037 3.3567407466 
2.5858333333 21.3637044685 1.6401832325 3.481488299 
2.6019444444 21.4452932361 1.6042372777 3.2512846588 
2.6180555556 21.4038775984 1.6620758266 3.3331724174 
2.6341666667 21.3618676397 1.770455907 3.3704935984 
2.6502777778 20.9697975287 1.7489960998 3.135979166 
2.6663888889 20.4705196732 1.6143235668 3.2047312289 
2.6825 21.4762528298 1.7603970137 3.1534628628 
2.6986111111 19.8080206955 1.6869067279 3.141392837 
2.7147222222 20.3191192309 1.6265677732 3.1545556814 
2.7308333333 19.3433339202 1.6843834311 3.2355914917 
2.7469444444 20.1240771469 1.7322846169 2.9887991202 
2.7630555556 19.8441433847 1.7260618544 3.1646154587 
2.7791666667 19.4179811604 1.7473844026 3.0219618587 
2.7952777778 19.2247101741 1.8388261871 3.0228363787 
2.8113888889 20.1142429446 1.9146177776 2.9491763112 
2.8275 19.4762635307 1.8104471013 3.1012758249 
2.8436111111 20.1235912873 1.8977576945 2.9458016694 
2.8597222222 19.2256598792 1.8842316205 2.935384784 
2.8758333333 19.4490185808 1.9634051527 2.8969804728 
2.8919444444 17.5975632616 1.9924167228 2.9701425543 
