# Radial distribution function (200 data points):
# "Pair separation distance" 0-0 0-1 1-1
0.00625 0.0 0.0 0.0 
0.01875 0.0 0.0 0.0 
0.03125 0.0 0.0 0.0 
0.04375 0.0 0.0 0.0 
0.05625 0.0 0.0 0.0 
0.06875 0.0 0.0 0.0 
0.08125 0.0 0.0 0.0 
0.09375 0.0 0.0 0.0 
0.10625 0.0 0.0 0.0 
0.11875 0.0 0.0 0.0 
0.13125 0.0 0.0 0.0 
0.14375 0.0 0.0 0.0 
0.15625 0.0 0.0 0.0 
0.16875 0.0 0.0 0.0 
0.18125 0.0 0.0 0.0 
0.19375 0.0 0.0 0.0 
0.20625 0.0 0.0 0.0 
0.21875 0.0 0.0 0.0 
0.23125 0.0 0.0 0.0 
0.24375 0.0 0.0 0.0 
0.25625 0.0 0.0 0.0 
0.26875 0.0 0.0 0.0 
0.28125 0.0 0.0 0.0 
0.29375 0.0 0.0 0.0 
0.30625 0.0 0.0 0.0 
0.31875 0.0 0.0 0.0 
0.33125 0.0 0.0 0.0 
0.34375 0.0 0.0 0.0 
0.35625 0.0 0.0 0.0 
0.36875 0.0 0.0 0.0 
0.38125 0.0 0.0 0.0 
0.39375 0.0 0.0 0.0 
0.40625 0.0 0.0 0.0 
0.41875 0.0 0.0 0.0 
0.43125 0.0 0.0 0.0 
0.44375 0.0 0.0 0.0 
0.45625 0.0 0.0 0.0 
0.46875 0.0 0.0 0.0 
0.48125 0.0 0.0 0.0 
0.49375 0.0 0.0 0.0 
0.50625 0.0 0.0 0.0 
0.51875 0.0 0.0 0.0 
0.53125 0.0 0.0 0.0 
0.54375 0.0 0.0 0.0 
0.55625 0.0 0.0 0.0 
0.56875 0.0 0.0 0.0 
0.58125 0.0 0.0 0.0 
0.59375 0.0 0.0 0.0 
0.60625 0.0 0.0 0.0 
0.61875 0.0 0.0 0.0 
0.63125 0.0 0.0 0.0 
0.64375 0.0 0.0 0.0 
0.65625 0.0 0.0 0.0 
0.66875 0.0 0.0 0.0 
0.68125 0.0 0.0 0.0 
0.69375 0.0 0.0 0.0 
0.70625 0.0 0.0 0.0 
0.71875 0.0 0.0 0.0 
0.73125 0.0 0.0 0.0 
0.74375 0.0 0.0 0.0 
0.75625 0.0 0.0 0.0 
0.76875 0.0 0.0 0.0 
0.78125 0.0 0.0 0.0 
0.79375 0.0 0.0 0.0 
0.80625 0.2191129038 0.0 0.0 
0.81875 0.7436577216 0.0 0.0 
0.83125 1.64905293 0.0 0.0 
0.84375 5.5019075428 0.0 0.0 
0.85625 9.9078039209 0.0 0.0 
0.86875 14.7673758167 0.0 0.0 
0.88125 23.3382538025 0.0 0.0 
0.89375 32.229623044 0.0 0.0 
0.90625 37.7634225557 0.0 0.0 
0.91875 42.6908917546 0.0 0.0 
0.93125 48.7380045856 0.0 0.0 
0.94375 53.8521981444 0.0 0.0 
0.95625 55.9582089142 0.0 0.0 
0.96875 52.5125068473 0.0 0.0 
0.98125 53.5130169464 0.0 0.0 
0.99375 49.5070040325 0.0 0.0 
1.00625 47.2296534291 0.0 0.0 
1.01875 43.6760977388 0.0 0.0 
1.03125 40.2799112085 0.0 0.0 
1.04375 37.4905116807 0.0 0.0 
1.05625 36.0977564173 0.0 0.0 
1.06875 30.5821432895 0.0 0.0041222424 
1.08125 26.467859233 0.0055377883 0.0 
1.09375 26.2532965171 0.0 0.0432954797 
1.10625 24.8777468472 0.0211612945 0.1769853722 
1.11875 20.4557022376 0.0206910631 0.3649151125 
1.13125 20.1452694503 0.0708271653 0.7984153182 
1.14375 17.9652603901 0.108880366 1.5801150636 
1.15625 17.2593089236 0.2227632465 2.7400759805 
1.16875 16.0057895093 0.3175563806 3.9606217775 
1.18125 14.5204704842 0.5150254749 5.5172262177 
1.19375 14.0430582023 0.7496294414 7.1435762086 
1.20625 13.3864341161 1.0055955161 8.4945719382 
1.21875 11.9385723563 1.0853247597 9.6367645692 
1.23125 11.3450661166 1.1872495315 10.5322777274 
1.24375 11.003077481 1.3476572647 11.1465181329 
1.25625 11.2364656291 1.2758454949 11.2331091224 
1.26875 10.3525264141 1.3071371735 11.1591123176 
1.28125 9.6309224584 1.3369708081 11.0313536668 
1.29375 9.4244440342 1.4543775731 10.2762887322 
1.30625 8.8275576802 1.3014624046 9.9039460803 
1.31875 9.3571614046 1.2582934373 9.2514011305 
1.33125 7.8561622223 1.304185033 8.4833466977 
1.34375 9.2685946511 1.1975669685 7.6899836472 
1.35625 8.9436648541 1.1122385257 7.3133842763 
1.36875 8.3819183189 1.2233350175 6.9366299913 
1.38125 8.5108593657 1.1639652163 6.095932328 
1.39375 8.3772146945 1.0165309257 5.7010568997 
1.40625 8.571071932 0.9101443839 5.4120554209 
1.41875 8.6506834084 0.9070432129 5.0059896213 
1.43125 8.5523892807 0.9639610978 4.6775817204 
1.44375 9.3103479629 0.8417362128 4.334899141 
1.45625 9.184783012 0.8304008573 3.9255313255 
1.46875 9.392257774 0.7863145987 3.7629600784 
1.48125 9.6888257367 0.8321147732 3.611732207 
1.49375 10.1337800066 0.8182465174 3.3974903751 
1.50625 9.44835052 0.8161365898 3.291526081 
1.51875 10.250597091 0.8083712931 3.1783689477 
1.53125 11.0103090407 0.8035109544 2.9459558142 
1.54375 11.1465028412 0.8014180693 3.0130355762 
1.55625 12.0855625773 0.6896870482 2.6673731646 
1.56875 12.0818326999 0.6761090918 2.6326879668 
1.58125 12.4897105112 0.616264352 2.5780470522 
1.59375 12.6310160435 0.6576131852 2.5859630538 
1.60625 12.7250226947 0.6398897234 2.4181215927 
1.61875 13.7115187842 0.6621654265 2.3431851183 
1.63125 14.2783282725 0.6131274985 2.4171202392 
1.64375 13.8511301185 0.6421767791 2.2044874507 
1.65625 15.6159317049 0.6679224171 2.2451462166 
1.66875 15.3956495409 0.6254046703 2.20825549 
1.68125 16.364346753 0.6138491049 2.187201831 
1.69375 16.2229981108 0.6950940277 2.107439744 
1.70625 15.7904711582 0.6404697829 2.1090217094 
1.71875 16.3210255776 0.6662537633 1.9541318513 
1.73125 15.6703773159 0.6307464575 1.9982801843 
1.74375 17.2148463741 0.6983883254 2.0518060557 
1.75625 16.9937576239 0.6863832439 1.9112634338 
1.76875 17.6422146807 0.6518824193 2.0589325243 
1.78125 15.2631259864 0.6713326804 1.9277394902 
1.79375 16.5673227285 0.7223743073 1.9858433731 
1.80625 17.1901324241 0.6965352359 1.9050536366 
1.81875 16.9977143067 0.708523528 1.8576056335 
1.83125 17.1805741504 0.7625943128 1.9137694791 
1.84375 16.4875116539 0.7484800832 2.0014873378 
1.85625 16.8139246212 0.779770768 1.9869208267 
1.86875 16.7019040519 0.7322957155 1.9011037216 
1.88125 16.0078008829 0.8067470647 2.0156203718 
1.89375 16.1943384016 0.7979374141 1.9864735625 
1.90625 16.0120486238 0.8872816529 1.9786478043 
1.91875 15.33984527 0.8704830229 2.0028303601 
1.93125 14.7791196206 0.8957042194 1.9530013072 
1.94375 14.6838947013 0.913352302 2.0326489573 
1.95625 13.9943833508 0.8272791899 2.0559710374 
1.96875 13.6518757142 0.9504364715 2.1271311859 
1.98125 13.4438705352 0.9698191479 2.1411591577 
1.99375 12.9443766488 1.0293609364 2.2885216676 
2.00625 12.8720466945 1.0358760476 2.2951878097 
2.01875 12.0228681557 1.0898107234 2.3407967407 
2.03125 12.1515210972 1.1078220422 2.3771241966 
2.04375 11.1252488854 1.1485627898 2.4146450701 
2.05625 10.7209026698 1.1147350059 2.482262066 
2.06875 10.8080644343 1.1678669947 2.6173863215 
2.08125 11.0814400845 1.2330979322 2.7110490297 
2.09375 10.6164853918 1.2612476211 2.6186261021 
2.10625 9.5356751399 1.2477811822 2.8147714579 
2.11875 10.0818673129 1.3153083455 2.8865459066 
2.13125 9.8541996655 1.1972991566 3.0113887878 
2.14375 9.6776308207 1.2988973894 2.8769898399 
2.15625 9.8874185476 1.2797039146 2.9591807999 
2.16875 9.5087968816 1.3572197055 3.0833388846 
2.18125 9.4974204058 1.3444303118 3.0946143429 
2.19375 9.1083293908 1.2982110423 3.1122821107 
2.20625 8.6688973568 1.3141343442 3.3063755529 
2.21875 9.0271947829 1.433514323 3.2730515519 
2.23125 9.4198565634 1.3082592259 3.3102528759 
2.24375 8.7988607146 1.3811716468 3.341747956 
2.25625 9.2962019396 1.3709974268 3.4158161559 
2.26875 9.3946694515 1.4024710722 3.3590697283 
2.28125 8.8198700172 1.3946081232 3.4128371361 
2.29375 8.9879563513 1.4003688839 3.5153532359 
2.30625 8.9979081614 1.3840126596 3.5747297477 
2.31875 9.1859414517 1.3474560509 3.5503042199 
2.33125 9.4021955574 1.3997567032 3.7237318749 
2.34375 9.0752908769 1.4166882642 3.5872578342 
2.35625 9.5500811457 1.3585499157 3.6570064684 
2.36875 9.5066710904 1.4227121561 3.6839674794 
2.38125 9.8467110242 1.3861209628 3.690233074 
2.39375 9.3650650952 1.3987996125 3.7380757451 
2.40625 9.9383663948 1.3675317395 3.761144307 
2.41875 9.8298233435 1.4607787012 3.7312231729 
2.43125 9.9579233081 1.3614583591 3.7829683303 
2.44375 9.8205366422 1.4017722447 3.8500197543 
2.45625 10.8245381707 1.4884142404 3.7258646306 
2.46875 10.1367898486 1.3703388949 3.8102953797 
2.48125 10.6422136617 1.3544635569 3.7138763594 
2.49375 10.3811911146 1.4054663797 3.6971810542 
