# Radial distribution function (200 data points):
# "Pair separation distance" 0-0 0-1 1-1
0.00625 0.0 0.0 0.0 
0.01875 0.0 0.0 0.0 
0.03125 0.0 0.0 0.0 
0.04375 0.0 0.0 0.0 
0.05625 0.0 0.0 0.0 
0.06875 0.0 0.0 0.0 
0.08125 0.0 0.0 0.0 
0.09375 0.0 0.0 0.0 
0.10625 0.0 0.0 0.0 
0.11875 0.0 0.0 0.0 
0.13125 0.0 0.0 0.0 
0.14375 0.0 0.0 0.0 
0.15625 0.0 0.0 0.0 
0.16875 0.0 0.0 0.0 
0.18125 0.0 0.0 0.0 
0.19375 0.0 0.0 0.0 
0.20625 0.0 0.0 0.0 
0.21875 0.0 0.0 0.0 
0.23125 0.0 0.0 0.0 
0.24375 0.0 0.0 0.0 
0.25625 0.0 0.0 0.0 
0.26875 0.0 0.0 0.0 
0.28125 0.0 0.0 0.0 
0.29375 0.0 0.0 0.0 
0.30625 0.0 0.0 0.0 
0.31875 0.0 0.0 0.0 
0.33125 0.0 0.0 0.0 
0.34375 0.0 0.0 0.0 
0.35625 0.0 0.0 0.0 
0.36875 0.0 0.0 0.0 
0.38125 0.0 0.0 0.0 
0.39375 0.0 0.0 0.0 
0.40625 0.0 0.0 0.0 
0.41875 0.0 0.0 0.0 
0.43125 0.0 0.0 0.0 
0.44375 0.0 0.0 0.0 
0.45625 0.0 0.0 0.0 
0.46875 0.0 0.0 0.0 
0.48125 0.0 0.0 0.0 
0.49375 0.0 0.0 0.0 
0.50625 0.0 0.0 0.0 
0.51875 0.0 0.0 0.0 
0.53125 0.0 0.0 0.0 
0.54375 0.0 0.0 0.0 
0.55625 0.0 0.0 0.0 
0.56875 0.0 0.0 0.0 
0.58125 0.0 0.0 0.0 
0.59375 0.0 0.0 0.0 
0.60625 0.0 0.0 0.0 
0.61875 0.0 0.0 0.0 
0.63125 0.0 0.0 0.0 
0.64375 0.0 0.0 0.0 
0.65625 0.0 0.0 0.0 
0.66875 0.0 0.0 0.0 
0.68125 0.0 0.0 0.0 
0.69375 0.0 0.0 0.0 
0.70625 0.0 0.0 0.0 
0.71875 0.0 0.0 0.0 
0.73125 0.0 0.0 0.0 
0.74375 0.0 0.0 0.0 
0.75625 0.0 0.0 0.0 
0.76875 0.0 0.0 0.0 
0.78125 0.0 0.0 0.0 
0.79375 0.0 0.0 0.0 
0.80625 0.0 0.0 0.0 
0.81875 0.534174731 0.0 0.0 
0.83125 1.4066254218 0.0 0.0 
0.84375 4.3113382501 0.0 0.0 
0.85625 7.8145774959 0.0 0.0 
0.86875 13.9626050691 0.0 0.0 
0.88125 22.0007399108 0.0 0.0 
0.89375 31.2519409271 0.0 0.0 
0.90625 36.6244206291 0.0 0.0 
0.91875 42.4221815456 0.0 0.0 
0.93125 49.5491895725 0.0 0.0 
0.94375 53.4144833275 0.0 0.0 
0.95625 59.2997887768 0.0 0.0 
0.96875 57.6703480846 0.0 0.0 
0.98125 60.0888308484 0.0 0.0 
0.99375 57.0844665014 0.0 0.0 
1.00625 55.4729587211 0.0 0.0 
1.01875 50.866911211 0.0 0.0 
1.03125 50.555200508 0.0 0.0 
1.04375 46.4871999772 0.0 0.0 
1.05625 48.282107679 0.0 0.0 
1.06875 41.2923953176 0.0 0.0 
1.08125 40.2556748025 0.0 0.0115718792 
1.09375 38.314530858 0.0 0.0339266802 
1.10625 34.6947103239 0.0152003112 0.0663286307 
1.11875 31.8392775299 0.0222938109 0.2378006491 
1.13125 30.2601194385 0.0508756662 0.5285783497 
1.14375 29.3285834996 0.0853195156 0.9617836308 
1.15625 26.4403188254 0.1321842015 1.8164259647 
1.16875 25.3160339838 0.2178894802 3.0207405213 
1.18125 21.7401912002 0.3532822731 3.8345972967 
1.19375 22.4719084771 0.4307714085 5.5917214239 
1.20625 19.5124051796 0.6392270329 7.0152261285 
1.21875 18.8386866942 0.7639420896 7.773765407 
1.23125 20.5840097742 0.8466746196 8.7099281028 
1.24375 18.7503585742 0.8417669394 9.7907333881 
1.25625 16.8555905312 0.913502284 10.1069249772 
1.26875 16.2073090755 0.9764831493 10.2197182101 
1.28125 15.1135643222 0.9971836254 10.3262072943 
1.29375 15.9231864641 1.0891448428 9.7841174929 
1.30625 15.4400132823 1.0029876236 9.4312551645 
1.31875 14.6780617471 1.1712499627 8.860464641 
1.33125 14.1439270996 1.033897454 8.5498118949 
1.34375 14.2219776724 1.0353558537 7.7359017203 
1.35625 13.7107339679 0.9556808851 7.270345781 
1.36875 12.39655272 0.963128245 6.6832254224 
1.38125 12.1731975074 0.9506501858 6.1976187404 
1.39375 12.4561787104 0.9671912741 6.1635591543 
1.40625 11.9770378539 0.8042699678 5.4353428127 
1.41875 11.6398472515 0.7762978715 5.1585161589 
1.43125 11.9368709392 0.880849358 5.2207041612 
1.44375 12.0991977098 0.8567383221 4.8775670381 
1.45625 13.0743800448 0.7982345415 4.5007350171 
1.46875 12.497081331 0.9140525245 4.5059810555 
1.48125 13.9191074912 0.6994526377 4.2144430008 
1.49375 12.4490961227 0.7336483903 4.1199510843 
1.50625 12.7393772088 0.7010244578 4.126391705 
1.51875 13.0849883333 0.8346972527 3.7478896406 
1.53125 12.9594983708 0.7298891032 3.7965773116 
1.54375 14.6179731372 0.6712832411 3.8006268916 
1.55625 14.6375547482 0.8179979434 3.5331366571 
1.56875 14.2181367794 0.6462789445 3.5787567709 
1.58125 14.0146931838 0.7774574321 3.2735049772 
1.59375 15.6082941927 0.7616481389 3.4433952574 
1.60625 15.6835499693 0.7029748866 3.3428176424 
1.61875 15.48131431 0.7347545712 3.340438876 
1.63125 16.7060187143 0.6641162372 3.2309731578 
1.64375 15.6955763397 0.7779800971 3.129445282 
1.65625 16.3919791381 0.7662813704 3.0527959342 
1.66875 17.7638970508 0.7515045288 3.1578372119 
1.68125 16.9035001791 0.7370807943 3.0009718052 
1.69375 17.867487853 0.7229994178 3.0181467745 
1.70625 18.2743706706 0.6996655904 3.0252041466 
1.71875 18.3558664919 0.7776842236 2.8142036387 
1.73125 17.9210809332 0.7820108044 2.9678043513 
1.74375 19.5325201207 0.7157794547 2.9654514784 
1.75625 19.4876611859 0.8111691851 2.804962184 
1.76875 19.5402247036 0.8294747345 2.8281601895 
1.78125 20.0247185377 0.7856279561 2.880280512 
1.79375 20.6528469658 0.777607367 2.8192537457 
1.80625 20.6815794957 0.7554784708 2.7741480451 
1.81875 20.4292045568 0.7451296136 2.8118098626 
1.83125 19.6478603633 0.7349919532 2.7816230626 
1.84375 19.0362393618 0.7715730507 2.7241354129 
1.85625 19.6715085243 0.7828113169 2.8210654857 
1.86875 19.350631767 0.761720554 2.7156572581 
1.88125 20.9878694572 0.7989371794 2.7542308028 
1.89375 20.5405460735 0.7702704778 2.6802677659 
1.90625 20.1031123346 0.8421089837 2.7829852018 
1.91875 20.2172012055 0.91454256 2.6439512684 
1.93125 19.6957395113 0.7705727411 2.8619330048 
1.94375 19.7817299165 0.984716815 2.7930149661 
1.95625 18.5271835635 0.9211337493 2.7751115113 
1.96875 18.1474855197 0.8878769775 2.6562137784 
1.98125 18.3492795294 0.9217290466 2.839933571 
1.99375 17.7467080323 0.8821292014 2.8554864721 
2.00625 17.9329555055 1.0075083565 2.6317899687 
2.01875 16.6320496561 0.8946502182 2.6939096552 
2.03125 17.2090818631 0.8881815895 2.6723322397 
2.04375 15.9949410822 1.0176372093 2.7660622296 
2.05625 16.8173666933 1.0031025784 2.7677311973 
2.06875 15.6585056627 1.045349233 2.7691579758 
2.08125 15.2465926309 1.1251622475 2.8656109982 
2.09375 15.8469319446 1.0990374544 2.9209938944 
2.10625 14.5523993892 1.1090936863 2.8330586963 
2.11875 14.9509746752 1.1540594365 2.7891810244 
2.13125 14.6972755187 1.0647973904 2.9278205169 
2.14375 13.6358729166 1.1394428871 2.9791472999 
2.15625 14.0063612741 1.1722813264 2.9534360441 
2.16875 14.2912935613 1.2675687246 2.9827684412 
2.18125 13.5258611722 1.2042102156 2.9031844868 
2.19375 13.786718083 1.1847281397 2.9432842647 
2.20625 13.3787074759 1.2172015514 3.1546139822 
2.21875 12.8023347846 1.194078451 3.0078685031 
2.23125 12.7825982405 1.2274432979 3.0775249145 
2.24375 13.1079874471 1.1639227754 3.122604941 
2.25625 13.1339814886 1.167505623 3.2130073655 
2.26875 12.2144484541 1.1980441342 3.2802063995 
2.28125 12.3463661018 1.2743136987 3.2105621173 
2.29375 12.5135827683 1.2392486432 3.1833792146 
2.30625 12.8495816849 1.3062925311 3.2901338961 
2.31875 12.1500580582 1.2749473608 3.271112015 
2.33125 12.6225296826 1.2510432104 3.2784457814 
2.34375 11.4731710882 1.3173150984 3.3962655212 
2.35625 12.9089447858 1.3385564706 3.3700736808 
2.36875 12.718359795 1.259817979 3.4081391644 
2.38125 12.4949680997 1.2827128394 3.3652945082 
2.39375 12.6862092359 1.3894690175 3.5250250519 
2.40625 12.7667906928 1.3734641135 3.4207361399 
2.41875 12.7051279941 1.2543760229 3.5623758744 
2.43125 12.6613639785 1.2714077045 3.5475822539 
2.44375 12.4979032143 1.3051583144 3.614458825 
2.45625 12.6253953549 1.372074225 3.5721581049 
2.46875 12.9259338388 1.4696191602 3.7003381705 
2.48125 12.5218254967 1.3309679993 3.5214136315 
2.49375 13.0464636686 1.3774840122 3.5307970417 
