# Radial distribution function (400 data points):
# "Pair separation distance" 0-0 0-1 1-1
0.00375 0.0 0.0 0.0 
0.01125 0.0 0.0 0.0 
0.01875 0.0 0.0 0.0 
0.02625 0.0 0.0 0.0 
0.03375 0.0 0.0 0.0 
0.04125 0.0 0.0 0.0 
0.04875 0.0 0.0 0.0 
0.05625 0.0 0.0 0.0 
0.06375 0.0 0.0 0.0 
0.07125 0.0 0.0 0.0 
0.07875 0.0 0.0 0.0 
0.08625 0.0 0.0 0.0 
0.09375 0.0 0.0 0.0 
0.10125 0.0 0.0 0.0 
0.10875 0.0 0.0 0.0 
0.11625 0.0 0.0 0.0 
0.12375 0.0 0.0 0.0 
0.13125 0.0 0.0 0.0 
0.13875 0.0 0.0 0.0 
0.14625 0.0 0.0 0.0 
0.15375 0.0 0.0 0.0 
0.16125 0.0 0.0 0.0 
0.16875 0.0 0.0 0.0 
0.17625 0.0 0.0 0.0 
0.18375 0.0 0.0 0.0 
0.19125 0.0 0.0 0.0 
0.19875 0.0 0.0 0.0 
0.20625 0.0 0.0 0.0 
0.21375 0.0 0.0 0.0 
0.22125 0.0 0.0 0.0 
0.22875 0.0 0.0 0.0 
0.23625 0.0 0.0 0.0 
0.24375 0.0 0.0 0.0 
0.25125 0.0 0.0 0.0 
0.25875 0.0 0.0 0.0 
0.26625 0.0 0.0 0.0 
0.27375 0.0 0.0 0.0 
0.28125 0.0 0.0 0.0 
0.28875 0.0 0.0 0.0 
0.29625 0.0 0.0 0.0 
0.30375 0.0 0.0 0.0 
0.31125 0.0 0.0 0.0 
0.31875 0.0 0.0 0.0 
0.32625 0.0 0.0 0.0 
0.33375 0.0 0.0 0.0 
0.34125 0.0 0.0 0.0 
0.34875 0.0 0.0 0.0 
0.35625 0.0 0.0 0.0 
0.36375 0.0 0.0 0.0 
0.37125 0.0 0.0 0.0 
0.37875 0.0 0.0 0.0 
0.38625 0.0 0.0 0.0 
0.39375 0.0 0.0 0.0 
0.40125 0.0 0.0 0.0 
0.40875 0.0 0.0 0.0 
0.41625 0.0 0.0 0.0 
0.42375 0.0 0.0 0.0 
0.43125 0.0 0.0 0.0 
0.43875 0.0 0.0 0.0 
0.44625 0.0 0.0 0.0 
0.45375 0.0 0.0 0.0 
0.46125 0.0 0.0 0.0 
0.46875 0.0 0.0 0.0 
0.47625 0.0 0.0 0.0 
0.48375 0.0 0.0 0.0 
0.49125 0.0 0.0 0.0 
0.49875 0.0 0.0 0.0 
0.50625 0.0 0.0 0.0 
0.51375 0.0 0.0 0.0 
0.52125 0.0 0.0 0.0 
0.52875 0.0 0.0 0.0 
0.53625 0.0 0.0 0.0 
0.54375 0.0 0.0 0.0 
0.55125 0.0 0.0 0.0 
0.55875 0.0 0.0 0.0 
0.56625 0.0 0.0 0.0 
0.57375 0.0 0.0 0.0 
0.58125 0.0 0.0 0.0 
0.58875 0.0 0.0 0.0 
0.59625 0.0 0.0 0.0 
0.60375 0.0 0.0 0.0 
0.61125 0.0 0.0 0.0 
0.61875 0.0 0.0 0.0 
0.62625 0.0 0.0 0.0 
0.63375 0.0 0.0 0.0 
0.64125 0.0 0.0 0.0 
0.64875 0.0 0.0 0.0 
0.65625 0.0 0.0 0.0 
0.66375 0.0 0.0 0.0 
0.67125 0.0 0.0 0.0 
0.67875 0.0 0.0 0.0 
0.68625 0.0 0.0 0.0 
0.69375 0.0 0.0 0.0 
0.70125 0.0 0.0 0.0 
0.70875 0.0 0.0 0.0 
0.71625 0.0 0.0 0.0 
0.72375 0.0 0.0 0.0 
0.73125 0.0 0.0 0.0 
0.73875 0.0 0.0 0.0 
0.74625 0.0 0.0 0.0 
0.75375 0.0 0.0 0.0 
0.76125 0.0 0.0 0.0 
0.76875 0.0 0.0 0.0 
0.77625 0.0 0.0 0.0 
0.78375 0.0 0.0 0.0 
0.79125 0.0660049106 0.0 0.0 
0.79875 0.1295424203 0.0 0.0 
0.80625 0.1907153337 0.0 0.0 
0.81375 0.8736749882 0.0 0.0 
0.82125 1.8381223501 0.0 0.0 
0.82875 3.1286734832 0.0 0.0 
0.83625 6.2637964626 0.0 0.0 
0.84375 8.9972173384 0.0 0.0 
0.85125 13.002436226 0.0 0.0 
0.85875 18.3799585487 0.0 0.0 
0.86625 21.1470095179 0.0 0.0 
0.87375 26.7397196368 0.0 0.0 
0.88125 35.5453279649 0.0 0.0 
0.88875 40.2319867495 0.0 0.0 
0.89625 42.2880725037 0.0 0.0 
0.90375 50.5950269399 0.0 0.0 
0.91125 47.2773380473 0.0 0.0 
0.91875 50.033481593 0.0 0.0 
0.92625 50.3343448458 0.0 0.0 
0.93375 50.571728703 0.0 0.0 
0.94125 50.7018974369 0.0 0.0 
0.94875 48.7098159978 0.0 0.0 
0.95625 46.0958676187 0.0 0.0 
0.96375 43.2901221184 0.0 0.0 
0.97125 41.4413466285 0.0 0.0 
0.97875 38.6517604236 0.0 0.0 
0.98625 35.6870052926 0.0 0.0 
0.99375 35.317751494 0.0 0.0 
1.00125 31.9051518814 0.0 0.0 
1.00875 29.6456316822 0.0 0.0 
1.01625 27.1289852882 0.0 0.0 
1.02375 25.3135001842 0.0 0.0 
1.03125 23.3146208698 0.0 0.0 
1.03875 20.9493383284 0.0 0.0 
1.04625 18.9134984709 0.0 0.0 
1.05375 17.8264739691 0.0 0.0 
1.06125 16.4379533837 0.0 0.0048518162 
1.06875 16.2442344075 0.0 0.0095679195 
1.07625 14.9126608098 0.0129731716 0.0424576527 
1.08375 13.1588698812 0.0063971171 0.1256161177 
1.09125 11.9375489155 0.0315474337 0.2156697286 
1.09875 11.5355254849 0.0497891577 0.3711555395 
1.10625 10.6705252119 0.0920931405 0.6474426847 
1.11375 10.3940419031 0.1695997513 1.1365385933 
1.12125 8.9077845442 0.2749131761 1.63426647 
1.12875 8.1735431718 0.477674601 2.4918423628 
1.13625 7.2978078166 0.5936015927 3.1362479873 
1.14375 7.676255964 0.8040971455 4.5697780633 
1.15125 8.2936892445 1.1451300256 5.6813291637 
1.15875 6.7709345363 1.3429952799 6.6335827463 
1.16625 6.5322168599 1.6075053752 8.3483815552 
1.17375 5.9090883378 1.974240866 9.28121271 
1.18125 5.9527535129 2.3692551295 10.7928382428 
1.18875 5.9071202734 2.6744207898 11.2100428263 
1.19625 5.6311387936 3.0452778557 12.2765746786 
1.20375 4.6485825089 3.4015283055 12.6821947796 
1.21125 5.2108636009 3.1546849908 13.4604858994 
1.21875 4.0897207157 3.6015846006 13.0341309906 
1.22625 4.6719315517 3.5026994842 12.9442257167 
1.23375 4.5610050962 3.5540299451 12.6186012696 
1.24125 4.0769059062 3.4868274198 12.7112925339 
1.24875 4.3990887585 3.5510716484 12.4644498368 
1.25625 4.4514594999 3.8563445935 11.8901794246 
1.26375 3.9071517575 3.4343417013 10.7880242932 
1.27125 4.2447473028 3.4078858411 9.971331113 
1.27875 3.9929281286 3.2255875101 9.6575476864 
1.28625 4.196277692 2.9655512261 9.0134921854 
1.29375 3.777430073 3.1871364846 8.3314441063 
1.30125 4.3197391612 2.8532021373 7.7128834815 
1.30875 3.9808545589 2.7504086043 7.1876706806 
1.31625 3.7686524499 2.6757866072 6.5918892105 
1.32375 4.3863853339 2.3668472183 6.0808327742 
1.33125 4.197194155 2.2851390399 5.6795090053 
1.33875 3.7583259739 2.0751493108 5.1312782957 
1.34625 3.87617441 2.0189272061 4.9898443548 
1.35375 4.171580444 2.1032145138 4.6484656062 
1.36125 3.9250277198 1.8530347809 4.2317165874 
1.36875 4.6982616249 1.6081971076 3.747963334 
1.37625 4.6690118818 1.5907168773 3.2456250047 
1.38375 4.6617004652 1.5852920774 3.1591689103 
1.39125 5.2520716864 1.5022555378 3.082852802 
1.39875 5.1536572429 1.3594595112 2.7733811907 
1.40625 5.2242127273 1.3146018936 2.821247574 
1.41375 4.7554161258 1.3006908929 2.4277740681 
1.42125 5.094063196 1.2423637148 2.339999158 
1.42875 4.8180401807 1.1115722953 2.2191292783 
1.43625 5.5691725029 1.1327747864 2.0768089624 
1.44375 6.2648266158 1.236384079 2.0002354673 
1.45125 5.7097159262 1.0809396599 1.9614530642 
1.45875 6.5250452408 0.9992358242 1.7564466528 
1.46625 7.0735555108 0.9820499499 1.6648145381 
1.47375 6.5831608995 1.0412671733 1.6831355818 
1.48125 7.5337166393 0.9519878299 1.5939102972 
1.48875 7.2156164848 0.9220801897 1.5828221439 
1.49625 7.8264274726 0.8457374456 1.4937700338 
1.50375 7.3282307558 0.7675453659 1.3822462001 
1.51125 7.7984931608 0.8125829195 1.4140198909 
1.51875 8.2412162798 0.7752606619 1.3977197571 
1.52625 8.4974815468 0.806365681 1.3300635379 
1.53375 8.1159414118 0.7378128556 1.3310248446 
1.54125 9.3244816375 0.778094465 1.1294734141 
1.54875 9.992437732 0.8112982359 1.1800701613 
1.55625 9.2991633662 0.7104281604 1.2296414369 
1.56375 9.4636679449 0.6698310429 1.2067014617 
1.57125 10.9636923042 0.7182321676 1.1465154478 
1.57875 10.7437132016 0.7566419791 1.1597641636 
1.58625 11.0857897625 0.7345735439 1.0489254152 
1.59375 10.9166218757 0.7750047233 1.112220519 
1.60125 10.7984809825 0.7384578582 1.1508434154 
1.60875 10.969473295 0.7548135654 1.0831310742 
1.61625 11.295027724 0.7737108372 1.0438167158 
1.62375 11.2536210942 0.7523312152 0.992745598 
1.63125 10.7155439249 0.7962538569 1.0719394282 
1.63875 11.0331604197 0.755408473 1.0133156082 
1.64625 11.0090999597 0.859436159 1.0686244323 
1.65375 10.8339204272 0.8077019413 1.0909221026 
1.66125 11.0357970935 0.8031479321 1.1048543509 
1.66875 10.773585852 0.7932467419 1.0184169674 
1.67625 11.0597797656 0.9118435445 1.1610143345 
1.68375 10.5387549503 0.8427823649 1.0196269207 
1.69125 10.5321768265 0.7460127743 1.0469014093 
1.69875 10.9405878612 0.8618121328 1.1153141362 
1.70625 10.7594512501 0.856833249 1.1055307418 
1.71375 10.6654828434 0.9184236845 1.0586641205 
1.72125 10.7959113963 0.915509517 1.1674994194 
1.72875 9.4717984607 0.9427802051 1.1500775738 
1.73625 9.9521834414 0.8823122811 1.0749074117 
1.74375 9.7444423252 0.9538112685 1.0944344089 
1.75125 10.3753011045 1.0608041035 1.2276196134 
1.75875 10.273641463 1.0250565545 1.1659411047 
1.76625 8.9678969876 1.0717642432 1.1175249637 
1.77375 9.7591118233 1.1200351022 1.1497782325 
1.78125 9.3905669417 1.1911373526 1.1952276489 
1.78875 9.7123618718 1.1670802346 1.2501228926 
1.79625 9.6314259932 1.2528305571 1.2634154723 
1.80375 9.1069465219 1.2378149704 1.2075833972 
1.81125 8.855332079 1.2413267779 1.3125333794 
1.81875 9.706917427 1.3991953048 1.2587801916 
1.82625 9.1812980131 1.4170129923 1.3320208848 
1.83375 8.9097207397 1.4411962074 1.3666480738 
1.84125 8.7641482397 1.4937503891 1.4329043387 
1.84875 8.6327305706 1.5717856781 1.4676661183 
1.85625 8.3952079947 1.5482071886 1.4003246582 
1.86375 8.173118254 1.6006636252 1.4614412853 
1.87125 8.2965600606 1.6500852674 1.4856424396 
1.87875 7.9260544098 1.6858963589 1.6100387634 
1.88625 7.5147086518 1.7105280337 1.6172265046 
1.89375 7.4322583884 1.8017596093 1.7278608008 
1.90125 7.5795156786 1.8644797926 1.6885569501 
1.90875 7.1003967881 1.9034755258 1.7908005735 
1.91625 7.5738573068 1.9070201297 1.8244297144 
1.92375 7.135263024 1.9348145289 1.8338564494 
1.93125 6.5924428098 1.9117580524 1.933917524 
1.93875 6.101769032 2.0029394169 1.9902188799 
1.94625 6.3930304352 2.1402667824 2.0124169931 
1.95375 5.9759575924 1.9604920165 2.0742993296 
1.96125 6.027030141 2.0392868149 2.2005261416 
1.96875 5.5973772777 2.1633499712 2.2049392995 
1.97625 5.554973108 2.2123702421 2.339341056 
1.98375 5.5130489824 2.2128567171 2.4355483139 
1.99125 5.0859803218 2.1677948913 2.4957892868 
1.99875 4.9134109696 2.3038960527 2.6521733261 
2.00625 4.5687390168 2.1224336107 2.5726468008 
2.01375 4.7080092911 2.295640894 2.688269768 
2.02125 4.7135953543 2.2510498297 2.7379079034 
2.02875 4.3273961507 2.2545177161 2.8504671544 
2.03625 4.1660122315 2.2741824056 2.9059455006 
2.04375 4.2542143946 2.1765748065 2.9487600985 
2.05125 3.889237446 2.2749717659 2.962300898 
2.05875 4.2509473804 2.4569695868 3.2347037614 
2.06625 4.5685957688 2.4602838539 3.3341341862 
2.07375 3.9013930563 2.3394381113 3.1715595224 
2.08125 3.8542451802 2.4076022998 3.2092953894 
2.08875 3.8266163012 2.4402859131 3.5557691447 
2.09625 4.006175117 2.433114465 3.4905780634 
2.10375 3.5854977225 2.3750527054 3.329919889 
2.11125 3.7733020532 2.3767504556 3.4288954349 
2.11875 3.8663071301 2.3800384152 3.5020434831 
2.12625 3.9213457222 2.2884903833 3.407277687 
2.13375 3.9573632687 2.3796988463 3.4709817494 
2.14125 3.3979196017 2.3909161799 3.6159460102 
2.14875 3.589046597 2.42144699 3.4783151044 
2.15625 3.5463465895 2.4304877059 3.5399559817 
2.16375 3.7954284051 2.339845503 3.5703142006 
2.17125 3.4712191716 2.2966147044 3.4239857861 
2.17875 3.9261623796 2.4327803175 3.5604611211 
2.18625 4.011666799 2.3815341695 3.4823417127 
2.19375 3.941349425 2.4480237268 3.4460816377 
2.20125 3.8377819881 2.4732372812 3.5060904906 
2.20875 3.5661162636 2.242394852 3.4890409411 
2.21625 4.072062119 2.3144365087 3.3508779735 
2.22375 3.8942203989 2.2046483803 3.4819106805 
2.23125 4.1669067909 2.2306005929 3.3301228681 
2.23875 3.891681943 2.2381668494 3.3438264517 
2.24625 4.2588633399 2.2500498275 3.2478909489 
2.25375 4.2387010517 2.2217864176 3.2467504701 
2.26125 4.1944666388 2.1203767244 3.2979185139 
2.26875 4.6244037821 2.2421351671 3.2506713455 
2.27625 4.1951971811 2.1635790509 3.2672522056 
2.28375 4.7777865733 2.2243034733 3.2604957178 
2.29125 4.3844669024 2.1811416874 3.1632019031 
2.29875 4.7703792781 2.2110103658 3.2728899423 
2.30625 4.8947931574 2.1246086317 3.2033509253 
2.31375 4.7473233841 2.1010326995 3.2836690079 
2.32125 4.2028442075 2.1516219682 3.1671550848 
2.32875 4.6254024323 2.161338264 3.2838234976 
2.33625 4.7244638741 2.2121834049 3.2327386839 
2.34375 5.0102365747 2.2021514838 3.2886788506 
2.35125 5.1427735007 2.1799705854 3.3062804843 
2.35875 4.9392885444 2.1634286393 3.3068955753 
2.36625 5.0408761892 2.1899933291 3.3045086508 
2.37375 5.1117476484 2.2028452107 3.3728794377 
2.38125 4.8828277288 2.2009163792 3.2678265851 
2.38875 4.997056713 2.2042352931 3.3545937795 
2.39625 5.268092832 2.0334367265 3.3364825848 
2.40375 4.9777976386 2.093587826 3.2721914751 
2.41125 5.0463859422 1.9952931869 3.1804390694 
2.41875 5.1564105937 2.1627385902 3.1915688891 
2.42625 5.3000803493 2.1621519836 3.2934701031 
2.43375 4.6674619863 2.1628000236 3.2473712964 
2.44125 5.068733611 2.0411092442 3.1412612816 
2.44875 5.1411057185 2.1050591292 3.0537026589 
2.45625 5.5755264006 2.0087835792 3.0278367831 
2.46375 5.0106163239 2.0200903756 2.9500161145 
2.47125 5.237381469 2.0779744658 2.8185024242 
2.47875 5.0375918363 1.9871554155 2.788131906 
2.48625 4.9136516253 2.1246909192 2.6900080995 
2.49375 4.5385956737 2.0249397975 2.6351896084 
2.50125 4.6171033036 1.9047277512 2.6709423195 
2.50875 4.9375293556 1.8121783273 2.6037718547 
2.51625 4.3925236801 2.0221154534 2.529586169 
2.52375 4.5610967653 1.9039467682 2.5377377674 
2.53125 4.5405577619 1.9665587207 2.3512993519 
2.53875 4.5907091479 1.9304759647 2.4061004777 
2.54625 4.5892006135 1.9608402621 2.2587800999 
2.55375 4.5369385329 1.9827504355 2.2488837014 
2.56125 4.2269315165 1.890980608 2.1974150515 
2.56875 4.5154207284 1.9220855351 2.0612110715 
2.57625 4.4269052724 1.9335517722 2.1364985518 
2.58375 4.1474433532 1.9471036638 2.0373477747 
2.59125 4.2342495437 1.9705373801 1.9751150572 
2.59875 3.9895621427 1.9747553829 1.9524034782 
2.60625 3.4616787859 2.0198196079 1.8575180622 
2.61375 4.1314191535 1.9048630304 1.8396745623 
2.62125 3.8912939783 1.9420930464 1.8307527407 
2.62875 3.8272607586 1.8581785899 1.8147858349 
2.63625 3.5676703289 1.9751920276 1.758085037 
2.64375 3.718917373 2.0166755287 1.7598513724 
2.65125 3.5685680509 1.9999373441 1.7258095929 
2.65875 3.6946110859 1.9865443382 1.6364665067 
2.66625 3.5459675445 2.0546530273 1.6165115288 
2.67375 3.560785205 2.1513953113 1.5837602114 
2.68125 3.4661659725 2.064127181 1.6167175195 
2.68875 3.4582882637 2.0515885898 1.6061990433 
2.69625 3.5413952053 2.0970351296 1.5702160081 
2.70375 3.3974108794 2.1162513994 1.5525468344 
2.71125 3.4742095732 2.1168249562 1.4874735042 
2.71875 3.1308059286 2.1366733967 1.5472908639 
2.72625 3.4694441693 2.1188680008 1.5645215495 
2.73375 3.107602024 2.1645639462 1.5888519039 
2.74125 3.2061064589 2.1677339164 1.6034395457 
2.74875 3.3691232796 2.0882995535 1.535397386 
2.75625 2.9700386822 2.232226875 1.5673331005 
2.76375 3.1270656954 2.2083241542 1.5445302608 
2.77125 3.1263053918 2.1230113285 1.5425851898 
2.77875 2.9970622018 2.2224967756 1.571776895 
2.78625 3.0075646191 2.2492615205 1.5675498063 
2.79375 3.0179112114 2.2400891193 1.5724468217 
2.80125 2.9438437407 2.2271525585 1.5333979313 
2.80875 2.9595723652 2.2838469933 1.5737054724 
2.81625 2.933409359 2.2698042384 1.6431880736 
2.82375 2.8763861207 2.286974321 1.6022612166 
2.83125 2.8353909012 2.3133040477 1.6496819789 
2.83875 2.594794175 2.2955024286 1.699292249 
2.84625 2.8718979317 2.2787835357 1.7065371207 
2.85375 2.5980338579 2.3618489618 1.6908691431 
2.86125 2.6349087976 2.3485655218 1.6613249732 
2.86875 2.5458291257 2.3572999113 1.7701743718 
2.87625 2.6374689629 2.4113223472 1.7986045544 
2.88375 2.6287371136 2.5108301903 1.8234299527 
2.89125 2.3382801894 2.3674918389 1.7976399688 
2.89875 2.5032427172 2.4786529066 1.82931933 
2.90625 2.3631315247 2.387594584 1.839298578 
2.91375 2.4970054878 2.3885939435 1.8304856816 
2.92125 2.5132553345 2.3895515775 1.91266579 
2.92875 2.577483454 2.4526605509 1.9347350891 
2.93625 2.3630209289 2.4636769929 1.9654274959 
2.94375 2.6037393309 2.4823528819 2.0241584481 
2.95125 2.5051205708 2.4266198917 2.0954427013 
2.95875 2.1903229349 2.5310589087 2.0480050013 
2.96625 2.4422749464 2.4670392728 2.1500714214 
2.97375 2.4066062115 2.4291216801 2.1559236966 
2.98125 2.4131108957 2.5394938275 2.215178855 
2.98875 2.4981660282 2.5225588952 2.2603546922 
2.99625 2.7112272352 2.539238596 2.3056596876 
