# Radial distribution function (180 data points):
# "Pair separation distance" 0-0 0-1 1-1
0.0080555556 0.0 0.0 0.0 
0.0241666667 0.0 0.0 0.0 
0.0402777778 0.0 0.0 0.0 
0.0563888889 0.0 0.0 0.0 
0.0725 0.0 0.0 0.0 
0.0886111111 0.0 0.0 0.0 
0.1047222222 0.0 0.0 0.0 
0.1208333333 0.0 0.0 0.0 
0.1369444444 0.0 0.0 0.0 
0.1530555556 0.0 0.0 0.0 
0.1691666667 0.0 0.0 0.0 
0.1852777778 0.0 0.0 0.0 
0.2013888889 0.0 0.0 0.0 
0.2175 0.0 0.0 0.0 
0.2336111111 0.0 0.0 0.0 
0.2497222222 0.0 0.0 0.0 
0.2658333333 0.0 0.0 0.0 
0.2819444444 0.0 0.0 0.0 
0.2980555556 0.0 0.0 0.0 
0.3141666667 0.0 0.0 0.0 
0.3302777778 0.0 0.0 0.0 
0.3463888889 0.0 0.0 0.0 
0.3625 0.0 0.0 0.0 
0.3786111111 0.0 0.0 0.0 
0.3947222222 0.0 0.0 0.0 
0.4108333333 0.0 0.0 0.0 
0.4269444444 0.0 0.0 0.0 
0.4430555556 0.0 0.0 0.0 
0.4591666667 0.0 0.0 0.0 
0.4752777778 0.0 0.0 0.0 
0.4913888889 0.0 0.0 0.0 
0.5075 0.0 0.0 0.0 
0.5236111111 0.0 0.0 0.0 
0.5397222222 0.0 0.0 0.0 
0.5558333333 0.0 0.0 0.0 
0.5719444444 0.0 0.0 0.0 
0.5880555556 0.0 0.0 0.0 
0.6041666667 0.0 0.0 0.0 
0.6202777778 0.0 0.0 0.0 
0.6363888889 0.0 0.0 0.0 
0.6525 0.0 0.0 0.0 
0.6686111111 0.0 0.0 0.0 
0.6847222222 0.0 0.0 0.0 
0.7008333333 0.0 0.0 0.0 
0.7169444444 0.0 0.0 0.0 
0.7330555556 0.0 0.0 0.0 
0.7491666667 0.0 0.0 0.0 
0.7652777778 0.0 0.0 0.0 
0.7813888889 0.0 0.0 0.0 
0.7975 0.0 0.0 0.0 
0.8136111111 0.4075995931 0.0 0.0 
0.8297222222 1.9596232795 0.0 0.0 
0.8458333333 7.542736696 0.0 0.0 
0.8619444444 21.0638849707 0.0 0.0 
0.8780555556 38.1462629422 0.0 0.0 
0.8941666667 61.7566974476 0.0 0.0 
0.9102777778 94.4322753699 0.0 0.0 
0.9263888889 124.8172357417 0.0 0.0 
0.9425 150.6572577706 0.0 0.0 
0.9586111111 150.6273723575 0.0 0.0 
0.9747222222 166.1368295118 0.0 0.0 
0.9908333333 169.5727459639 0.0 0.0 
1.0069444444 172.9715774829 0.0 0.0 
1.0230555556 175.3005084839 0.0 0.0 
1.0391666667 163.660495069 0.0 0.0 
1.0552777778 159.1860560897 0.0 0.0 
1.0713888889 150.9086877686 0.0 0.0 
1.0875 140.0823992239 0.0 0.0905046863 
1.1036111111 132.2562377433 0.120837129 0.2343507957 
1.1197222222 132.3514498294 0.1173848779 0.7398804425 
1.1358333333 104.5719430942 0.2281569668 2.2953973625 
1.1519444444 98.0073314672 0.2957595819 5.7538682306 
1.1680555556 93.9380196147 0.7910570073 9.8064918258 
1.1841666667 82.9328483913 0.7696784073 15.4190120612 
1.2002777778 80.3468611437 1.4302047756 22.8089800577 
1.2163888889 66.926251489 2.3541064433 30.190435513 
1.2325 67.3194942505 2.3898501197 34.7379688162 
1.2486111111 57.9783785521 3.1781906289 37.0512376468 
1.2647222222 52.7995036738 3.557794032 38.8346044501 
1.2808333333 55.2624306533 3.2296225706 38.0595252433 
1.2969444444 45.5566397971 3.0623861579 35.8895749211 
1.3130555556 43.1935704521 3.0730603484 32.9655564644 
1.3291666667 43.5273607318 2.3047980483 30.7171770558 
1.3452777778 36.6764805561 2.9005051142 27.048380742 
1.3613888889 40.1810502964 2.4352151695 22.773593245 
1.3775 36.260491732 2.2493139256 19.5927699937 
1.3936111111 35.7048128101 2.1976078631 16.6990641383 
1.4097222222 30.1413590537 1.6539484493 15.780957253 
1.4258333333 31.7203103538 1.5443893972 13.285258792 
1.4419444444 31.6643025599 1.510071061 11.9261294021 
1.4580555556 30.3338135356 1.4768840367 9.4990495999 
1.4741666667 30.7918554272 1.6705258809 9.2761387984 
1.4902777778 27.2139142576 1.303263751 7.7593391891 
1.5063888889 27.5861639141 1.3620127951 7.1068373264 
1.5225 29.6826861324 1.3333399118 6.1568365337 
1.5386111111 31.0019407351 1.492072014 5.6517879318 
1.5547222222 30.5860038453 1.5627885176 5.4024141436 
1.5708333333 28.9776741486 0.994088307 5.0752726655 
1.5869444444 30.535100793 1.6168506321 5.0719169883 
1.6030555556 29.3994295259 1.7372390174 4.8177577547 
1.6191666667 30.9785779537 1.5344266942 3.9602498271 
1.6352777778 29.2612644779 1.4493040086 3.9226271902 
1.6513888889 29.8804034094 1.4391524821 4.2258750156 
1.6675 26.9768605462 1.3938338673 3.9008100867 
1.6836111111 30.0802801465 1.3499780503 3.6251158833 
1.6997222222 31.4740346831 1.7660100389 3.8407630915 
1.7158333333 29.9692610937 1.5163762911 4.1931364373 
1.7319444444 31.0334260579 1.717264683 3.9251764184 
1.7480555556 29.8459109378 1.6857561315 4.1333864627 
1.7641666667 29.3032730975 1.4817147236 4.1958033953 
1.7802777778 31.2441873471 1.5943281133 4.0526610471 
1.7963888889 31.1043394683 1.7482888753 4.0355759019 
1.8125 31.4573082911 1.5082782518 4.0944799347 
1.8286111111 31.3895982981 1.4231320565 4.37476396 
1.8447222222 32.3502110467 2.0038677966 3.8373609603 
1.8608333333 28.9872454248 1.8418093378 4.0906199 
1.8769444444 33.2403739799 1.6014423995 4.2333781692 
1.8930555556 34.1828435519 1.9302286507 4.0819793516 
1.9091666667 32.2758657467 2.0054645522 4.0427424531 
1.9252777778 32.1019144919 1.7867484875 4.3411370659 
1.9413888889 27.777031311 1.8092817958 4.4587140658 
1.9575 28.6595977644 1.8564403287 4.1714621556 
1.9736111111 28.6092288392 1.77587553 4.2776731012 
1.9897222222 28.2841087066 1.7967998959 4.5691663811 
2.0058333333 29.7764295866 2.1338555191 4.4162495523 
2.0219444444 26.6638160617 1.8839870035 4.3897878992 
2.0380555556 25.2695191415 2.0078608339 4.4752748425 
2.0541666667 24.4270744534 1.8602246133 4.4814502048 
2.0702777778 22.6633832348 2.151876792 4.5784612596 
2.0863888889 23.0585468217 2.1863920251 4.5244176115 
2.1025 24.5987243985 1.9199545775 5.0364756966 
2.1186111111 22.3624833577 2.2624799878 4.6263095403 
2.1347222222 19.302540446 1.8301349001 4.7055019249 
2.1508333333 22.339060327 2.375480424 4.92835062 
2.1669444444 20.2267815115 2.2149161572 4.733765921 
2.1830555556 20.9484479253 2.1720503746 4.6342065725 
2.1991666667 19.8057729908 2.3229306094 4.7952517543 
2.2152777778 17.9792317783 2.1493104433 4.4567519721 
2.2313888889 17.9914985954 2.5617686938 4.6076007555 
2.2475 17.0400591175 2.1852455409 4.8172523923 
2.2636111111 17.7988895255 2.3648874195 5.0065632819 
2.2797222222 16.4060142487 2.2466233551 4.9635101169 
2.2958333333 16.4325215501 2.4199691889 5.1107041612 
2.3119444444 17.7187159448 2.5423902184 4.8127688809 
2.3280555556 15.8812230223 2.2357720641 4.8451328353 
2.3441666667 14.9762414152 2.4194106847 4.8307052651 
2.3602777778 16.3708207649 2.3512690394 5.1940870029 
2.3763888889 15.4806786342 2.5366768581 4.7321817353 
2.3925 14.6600863921 2.4426335117 5.1112203626 
2.4086111111 14.0460311563 2.4269782913 4.8339687981 
2.4247222222 14.0894638415 2.4699326604 5.0369634107 
2.4408333333 13.2247264649 2.4868414648 5.1323856359 
2.4569444444 12.8283660043 2.4462072647 5.2721640111 
2.4730555556 13.0147074236 2.374331832 4.8536709686 
2.4891666667 13.8483912646 2.6683292488 4.8428700259 
2.5052777778 13.7568304245 2.4543436098 4.4738122083 
2.5213888889 11.9687731579 2.6545828281 4.669371909 
2.5375 13.9125326821 2.4076453053 4.338748617 
2.5536111111 14.5237188016 2.3623142728 4.3990751022 
2.5697222222 12.7077388326 2.4145075245 4.1982038523 
2.5858333333 12.3884675081 2.435872794 4.2741163374 
2.6019444444 12.2753805511 2.3405831865 4.1528388427 
2.6180555556 12.7546221711 2.3619670687 4.096678971 
2.6341666667 11.199182167 2.4745667667 3.8616096453 
2.6502777778 12.6768539522 2.5214018054 3.9468732365 
2.6663888889 11.385566028 2.4496217818 3.7788787743 
2.6825 11.6241873695 2.3998322311 3.9468315206 
2.6986111111 12.523233454 2.6339883166 3.649981485 
2.7147222222 12.0089060629 2.5295921862 3.785915961 
2.7308333333 10.7098092392 2.7629728996 3.3490580601 
2.7469444444 11.156687573 2.3665700912 3.3949996514 
2.7630555556 10.5321606255 2.4675714949 3.3368296352 
2.7791666667 9.5021127206 2.5660785689 3.612373431 
2.7952777778 11.4303235096 2.4235676324 3.4475620583 
2.8113888889 10.4462415629 2.488973777 3.3178793491 
2.8275 9.9900343951 2.3931900578 3.3426561367 
2.8436111111 10.5778978821 2.5360259907 3.5916923121 
2.8597222222 10.1621018206 2.417548426 3.2633904312 
2.8758333333 10.1790607502 2.5684926019 3.2743831784 
2.8919444444 8.8399787859 2.5223562561 3.3489212026 
