# Radial distribution function (180 data points):
# "Pair separation distance" 0-0 0-1 1-1
0.0080555556 0.0 0.0 0.0 
0.0241666667 0.0 0.0 0.0 
0.0402777778 0.0 0.0 0.0 
0.0563888889 0.0 0.0 0.0 
0.0725 0.0 0.0 0.0 
0.0886111111 0.0 0.0 0.0 
0.1047222222 0.0 0.0 0.0 
0.1208333333 0.0 0.0 0.0 
0.1369444444 0.0 0.0 0.0 
0.1530555556 0.0 0.0 0.0 
0.1691666667 0.0 0.0 0.0 
0.1852777778 0.0 0.0 0.0 
0.2013888889 0.0 0.0 0.0 
0.2175 0.0 0.0 0.0 
0.2336111111 0.0 0.0 0.0 
0.2497222222 0.0 0.0 0.0 
0.2658333333 0.0 0.0 0.0 
0.2819444444 0.0 0.0 0.0 
0.2980555556 0.0 0.0 0.0 
0.3141666667 0.0 0.0 0.0 
0.3302777778 0.0 0.0 0.0 
0.3463888889 0.0 0.0 0.0 
0.3625 0.0 0.0 0.0 
0.3786111111 0.0 0.0 0.0 
0.3947222222 0.0 0.0 0.0 
0.4108333333 0.0 0.0 0.0 
0.4269444444 0.0 0.0 0.0 
0.4430555556 0.0 0.0 0.0 
0.4591666667 0.0 0.0 0.0 
0.4752777778 0.0 0.0 0.0 
0.4913888889 0.0 0.0 0.0 
0.5075 0.0 0.0 0.0 
0.5236111111 0.0 0.0 0.0 
0.5397222222 0.0 0.0 0.0 
0.5558333333 0.0 0.0 0.0 
0.5719444444 0.0 0.0 0.0 
0.5880555556 0.0 0.0 0.0 
0.6041666667 0.0 0.0 0.0 
0.6202777778 0.0 0.0 0.0 
0.6363888889 0.0 0.0 0.0 
0.6525 0.0 0.0 0.0 
0.6686111111 0.0 0.0 0.0 
0.6847222222 0.0 0.0 0.0 
0.7008333333 0.0 0.0 0.0 
0.7169444444 0.0 0.0 0.0 
0.7330555556 0.0 0.0 0.0 
0.7491666667 0.0 0.0 0.0 
0.7652777778 0.0 0.0 0.0 
0.7813888889 0.0 0.0 0.0 
0.7975 0.0 0.0 0.0 
0.8136111111 0.1733049292 0.0 0.0 
0.8297222222 0.9165210598 0.0 0.0 
0.8458333333 3.928639778 0.0 0.0 
0.8619444444 9.4192752775 0.0 0.0 
0.8780555556 17.3351897141 0.0 0.0 
0.8941666667 26.3297184753 0.0 0.0 
0.9102777778 37.5205262179 0.0 0.0 
0.9263888889 50.1962378236 0.0 0.0 
0.9425 57.7934465692 0.0 0.0 
0.9586111111 63.2329084556 0.0 0.0 
0.9747222222 63.8163876695 0.0 0.0 
0.9908333333 65.7894805196 0.0 0.0 
1.0069444444 64.3234058818 0.0 0.0 
1.0230555556 63.6287894261 0.0 0.0 
1.0391666667 60.5025197934 0.0 0.0 
1.0552777778 55.5786861273 0.0 0.0 
1.0713888889 52.3206431697 0.0 0.0 
1.0875 46.901728905 0.0 0.0 
1.1036111111 42.9520453249 0.0 0.0498211342 
1.1197222222 40.5811532588 0.0 0.2298894144 
1.1358333333 39.1268624389 0.0485043749 0.6996388625 
1.1519444444 34.8844787992 0.0864547182 1.5033117944 
1.1680555556 32.2891184657 0.1528840836 2.5573337628 
1.1841666667 29.4938694869 0.3198175231 4.181292945 
1.2002777778 27.7120108467 0.361964614 5.749314305 
1.2163888889 27.7193892015 0.6273428198 7.1974612382 
1.2325 23.5253914749 0.7277663786 8.3587026951 
1.2486111111 24.430734025 0.8295210896 9.3947520467 
1.2647222222 22.3060702179 0.8150420278 9.8587483687 
1.2808333333 19.3008733535 0.9472431257 9.5244458278 
1.2969444444 21.0409665185 0.8680522507 8.9826497834 
1.3130555556 18.5981184173 0.8831762202 8.4072217024 
1.3291666667 17.6954313928 0.7320211819 7.8010703078 
1.3452777778 17.2741317401 0.7895099411 6.9699006345 
1.3613888889 17.3628991044 0.6640162354 6.0365112309 
1.3775 18.4101776496 0.7145314508 5.3644822767 
1.3936111111 16.3034641446 0.7088462672 5.034175418 
1.4097222222 15.7308987596 0.6979848324 4.3625244752 
1.4258333333 16.4213814467 0.6258695834 4.0667531798 
1.4419444444 15.9185348017 0.6270101939 3.7830375042 
1.4580555556 16.0813516726 0.6230419959 3.3573802039 
1.4741666667 15.3622327449 0.575903758 3.1273319223 
1.4902777778 15.6517461534 0.5869991807 3.0190968769 
1.5063888889 15.9759827729 0.6020868076 2.9214371678 
1.5225 16.8027347429 0.4454333216 2.8730244729 
1.5386111111 17.5673058295 0.5506992423 2.5055814253 
1.5547222222 16.0897407914 0.5522893058 2.6170981877 
1.5708333333 16.4587968964 0.5663787324 2.3515860533 
1.5869444444 16.9462891032 0.5673610966 2.3492589533 
1.6030555556 17.1430964979 0.6006577371 2.5000349059 
1.6191666667 17.0880770658 0.5927420516 2.3116578365 
1.6352777778 17.1820423627 0.5694196311 2.3287348302 
1.6513888889 18.4470228055 0.5048216047 2.3252389066 
1.6675 19.0825110037 0.6751551805 2.2368777696 
1.6836111111 18.2333623505 0.4820039285 2.2691982313 
1.6997222222 19.6167311713 0.6209197205 2.4049152813 
1.7158333333 19.3669773586 0.5986865143 2.2053820602 
1.7319444444 20.3278323874 0.678000054 2.2682183624 
1.7480555556 21.6255815507 0.5631661862 2.2464590569 
1.7641666667 20.6426111983 0.6668635761 2.2714183751 
1.7802777778 20.4878682945 0.5989065258 2.1515163504 
1.7963888889 21.5262987913 0.5817481844 2.4327651349 
1.8125 21.7564485831 0.7492371028 2.3666195081 
1.8286111111 21.6492417097 0.6705931375 2.2343652954 
1.8447222222 21.8121466672 0.7140972564 2.3671362817 
1.8608333333 22.1815434613 0.743952914 2.2146084535 
1.8769444444 21.6232726574 0.6661057431 2.2844062819 
1.8930555556 22.3772484429 0.7217528435 2.1885408804 
1.9091666667 21.3716650365 0.7210683611 2.3161589781 
1.9252777778 21.9904238325 0.6781002039 2.257094002 
1.9413888889 22.1748572266 0.7997171945 2.3465750207 
1.9575 21.4820023822 0.6695689054 2.2803943209 
1.9736111111 21.9279471303 0.8005929778 2.4653103313 
1.9897222222 20.4441280535 0.8166586813 2.4063889824 
2.0058333333 19.7891114856 0.7439710501 2.4282159329 
2.0219444444 20.1484924659 0.7984905219 2.3915289752 
2.0380555556 19.5273793689 0.8888636102 2.3995208707 
2.0541666667 18.8552255569 0.8230700807 2.4375277737 
2.0702777778 18.7235042748 0.8760103371 2.3855796655 
2.0863888889 18.3300353245 0.9128479784 2.4377462596 
2.1025 17.3754193667 0.9225051222 2.4708809597 
2.1186111111 17.6361325662 0.8713504232 2.3861271226 
2.1347222222 16.7541386169 0.8742682811 2.4434570902 
2.1508333333 16.5908798485 0.9401273131 2.5545556638 
2.1669444444 15.575481536 0.9906117312 2.521557134 
2.1830555556 15.8399276831 0.9804210558 2.4653769732 
2.1991666667 15.1342636716 1.0609942614 2.6332732666 
2.2152777778 15.4175495113 0.9351053532 2.5178291246 
2.2313888889 16.2095340385 1.038951849 2.5745287753 
2.2475 15.4442385195 1.0695341649 2.6338545808 
2.2636111111 14.8109606856 0.9953356387 2.6468267292 
2.2797222222 15.1983737346 1.0074052439 2.5818180029 
2.2958333333 14.7246219235 1.072464568 2.7558130126 
2.3119444444 13.7903546386 1.004886118 2.6735469674 
2.3280555556 14.7961120234 1.1007121963 2.8507956057 
2.3441666667 14.8022045534 1.0400830998 2.647484254 
2.3602777778 13.8491530729 1.0334210877 2.8129749238 
2.3763888889 14.0581525864 1.0028345841 2.8407770239 
2.3925 14.2602854335 1.0932308516 2.8092720065 
2.4086111111 13.9613867854 1.0840479309 2.784890207 
2.4247222222 14.0399015692 1.0022799149 2.7854189365 
2.4408333333 13.9707086804 1.1518985417 2.7831447495 
2.4569444444 14.3202261173 1.1644848167 2.858595045 
2.4730555556 14.2374215068 1.0658029036 2.8363534434 
2.4891666667 13.0445882801 1.1109656449 2.7263035715 
2.5052777778 13.7912878509 1.1050311972 2.736066308 
2.5213888889 13.5704903842 1.1992297474 2.7632544162 
2.5375 13.7639718382 1.1014417005 2.7235649321 
2.5536111111 13.7579789876 1.1819514615 2.8044630077 
2.5697222222 13.3514654705 1.1371686448 2.6602854357 
2.5858333333 14.6182699924 1.1370805404 2.7406774766 
2.6019444444 13.463417799 1.1446100377 2.6216933692 
2.6180555556 13.5409234491 1.164041627 2.6083385524 
2.6341666667 13.4253935029 1.2460424557 2.6300937807 
2.6502777778 14.9123297334 1.2131209193 2.6424897202 
2.6663888889 13.8048139773 1.2249104374 2.6351910988 
2.6825 14.1656175859 1.2319818845 2.5677928305 
2.6986111111 13.4849926616 1.2244762878 2.4976451999 
2.7147222222 13.8079878811 1.1887577965 2.486613711 
2.7308333333 13.9070696009 1.2349097403 2.5855167795 
2.7469444444 13.7216096817 1.2218486989 2.57337118 
2.7630555556 13.374217752 1.3114656835 2.5563645483 
2.7791666667 13.2938716895 1.2233872779 2.5876985569 
2.7952777778 12.986901278 1.2680565511 2.5569844637 
2.8113888889 13.4626244079 1.3446130136 2.4106827658 
2.8275 12.9150162002 1.2641061311 2.3339533409 
2.8436111111 13.3578820898 1.2601410517 2.5345872311 
2.8597222222 12.4713009635 1.3531087353 2.5599041106 
2.8758333333 12.4082527315 1.2320608688 2.5505620368 
2.8919444444 12.4075605878 1.3181357396 2.4215515093 
