# Radial distribution function (400 data points):
# "Pair separation distance" 0-0 0-1 1-1
0.00375 0.0 0.0 0.0 
0.01125 0.0 0.0 0.0 
0.01875 0.0 0.0 0.0 
0.02625 0.0 0.0 0.0 
0.03375 0.0 0.0 0.0 
0.04125 0.0 0.0 0.0 
0.04875 0.0 0.0 0.0 
0.05625 0.0 0.0 0.0 
0.06375 0.0 0.0 0.0 
0.07125 0.0 0.0 0.0 
0.07875 0.0 0.0 0.0 
0.08625 0.0 0.0 0.0 
0.09375 0.0 0.0 0.0 
0.10125 0.0 0.0 0.0 
0.10875 0.0 0.0 0.0 
0.11625 0.0 0.0 0.0 
0.12375 0.0 0.0 0.0 
0.13125 0.0 0.0 0.0 
0.13875 0.0 0.0 0.0 
0.14625 0.0 0.0 0.0 
0.15375 0.0 0.0 0.0 
0.16125 0.0 0.0 0.0 
0.16875 0.0 0.0 0.0 
0.17625 0.0 0.0 0.0 
0.18375 0.0 0.0 0.0 
0.19125 0.0 0.0 0.0 
0.19875 0.0 0.0 0.0 
0.20625 0.0 0.0 0.0 
0.21375 0.0 0.0 0.0 
0.22125 0.0 0.0 0.0 
0.22875 0.0 0.0 0.0 
0.23625 0.0 0.0 0.0 
0.24375 0.0 0.0 0.0 
0.25125 0.0 0.0 0.0 
0.25875 0.0 0.0 0.0 
0.26625 0.0 0.0 0.0 
0.27375 0.0 0.0 0.0 
0.28125 0.0 0.0 0.0 
0.28875 0.0 0.0 0.0 
0.29625 0.0 0.0 0.0 
0.30375 0.0 0.0 0.0 
0.31125 0.0 0.0 0.0 
0.31875 0.0 0.0 0.0 
0.32625 0.0 0.0 0.0 
0.33375 0.0 0.0 0.0 
0.34125 0.0 0.0 0.0 
0.34875 0.0 0.0 0.0 
0.35625 0.0 0.0 0.0 
0.36375 0.0 0.0 0.0 
0.37125 0.0 0.0 0.0 
0.37875 0.0 0.0 0.0 
0.38625 0.0 0.0 0.0 
0.39375 0.0 0.0 0.0 
0.40125 0.0 0.0 0.0 
0.40875 0.0 0.0 0.0 
0.41625 0.0 0.0 0.0 
0.42375 0.0 0.0 0.0 
0.43125 0.0 0.0 0.0 
0.43875 0.0 0.0 0.0 
0.44625 0.0 0.0 0.0 
0.45375 0.0 0.0 0.0 
0.46125 0.0 0.0 0.0 
0.46875 0.0 0.0 0.0 
0.47625 0.0 0.0 0.0 
0.48375 0.0 0.0 0.0 
0.49125 0.0 0.0 0.0 
0.49875 0.0 0.0 0.0 
0.50625 0.0 0.0 0.0 
0.51375 0.0 0.0 0.0 
0.52125 0.0 0.0 0.0 
0.52875 0.0 0.0 0.0 
0.53625 0.0 0.0 0.0 
0.54375 0.0 0.0 0.0 
0.55125 0.0 0.0 0.0 
0.55875 0.0 0.0 0.0 
0.56625 0.0 0.0 0.0 
0.57375 0.0 0.0 0.0 
0.58125 0.0 0.0 0.0 
0.58875 0.0 0.0 0.0 
0.59625 0.0 0.0 0.0 
0.60375 0.0 0.0 0.0 
0.61125 0.0 0.0 0.0 
0.61875 0.0 0.0 0.0 
0.62625 0.0 0.0 0.0 
0.63375 0.0 0.0 0.0 
0.64125 0.0 0.0 0.0 
0.64875 0.0 0.0 0.0 
0.65625 0.0 0.0 0.0 
0.66375 0.0 0.0 0.0 
0.67125 0.0 0.0 0.0 
0.67875 0.0 0.0 0.0 
0.68625 0.0 0.0 0.0 
0.69375 0.0 0.0 0.0 
0.70125 0.0 0.0 0.0 
0.70875 0.0 0.0 0.0 
0.71625 0.0 0.0 0.0 
0.72375 0.0 0.0 0.0 
0.73125 0.0 0.0 0.0 
0.73875 0.0 0.0 0.0 
0.74625 0.0 0.0 0.0 
0.75375 0.0 0.0 0.0 
0.76125 0.0 0.0 0.0 
0.76875 0.0 0.0 0.0 
0.77625 0.0 0.0 0.0 
0.78375 0.0 0.0 0.0 
0.79125 0.0 0.0 0.0 
0.79875 0.0 0.0 0.0 
0.80625 0.0 0.0 0.0 
0.81375 0.3177701754 0.0 0.0 
0.82125 0.6239853929 0.0 0.0 
0.82875 2.1445995192 0.0 0.0 
0.83625 1.3039025542 0.0 0.0 
0.84375 2.9557505554 0.0 0.0 
0.85125 7.2597415608 0.0 0.0 
0.85875 7.8943938248 0.0 0.0 
0.86625 11.1233271265 0.0 0.0 
0.87375 12.9544513679 0.0 0.0 
0.88125 17.702399862 0.0 0.0 
0.88875 21.400907711 0.0 0.0 
0.89625 28.1171926381 0.0 0.0 
0.90375 34.0073686435 0.0 0.0 
0.91125 36.7441900822 0.0 0.0 
0.91875 38.6396152516 0.0 0.0 
0.92625 45.6196911251 0.0 0.0 
0.93375 42.5568097547 0.0 0.0 
0.94125 47.8982950399 0.0 0.0 
0.94875 49.2479543084 0.0 0.0 
0.95625 48.6318836831 0.0 0.0 
0.96375 49.6903294429 0.0 0.0 
0.97125 52.1975172913 0.0 0.0 
0.97875 50.3023202917 0.0 0.0 
0.98625 48.5306262126 0.0 0.0 
0.99375 53.1278461359 0.0 0.0 
1.00125 51.9850757662 0.0 0.0 
1.00875 48.7334630757 0.0 0.0 
1.01625 47.9488912357 0.0 0.0 
1.02375 47.1150703132 0.0 0.0 
1.03125 44.0578785573 0.0 0.0 
1.03875 38.6135242188 0.0 0.0 
1.04625 39.1512258696 0.0 0.0 
1.05375 36.6376779897 0.0 0.0 
1.06125 38.0523035526 0.0 0.0082352039 
1.06875 34.9409883209 0.0 0.0 
1.07625 32.7601691169 0.0 0.0 
1.08375 32.786068852 0.0 0.0 
1.09125 33.9272935793 0.0 0.0155772698 
1.09875 27.4813861561 0.0 0.0614613497 
1.10625 27.6831723286 0.0104209194 0.0606308037 
1.11375 29.5734212832 0.0102810434 0.1644966941 
1.12125 26.1105655142 0.0202879297 0.3172294461 
1.12875 26.0950524181 0.060057658 0.4222235353 
1.13625 22.0030360505 0.0395116248 0.7399449732 
1.14375 23.1094950545 0.107236636 0.9855135472 
1.15125 24.0265816671 0.0865996135 1.3995897137 
1.15875 21.1568481565 0.1804624534 2.1690032678 
1.16625 20.9371796606 0.2062776321 2.5844371099 
1.17375 19.1430931709 0.2591908166 3.4469012497 
1.18125 19.1521189355 0.2376306811 3.8552669947 
1.18875 18.5637648316 0.4422092741 4.8634815893 
1.19625 18.1356596265 0.4723292188 5.8072998974 
1.20375 16.3613694525 0.466461851 6.3496419373 
1.21125 16.972129691 0.7214784965 6.8781476816 
1.21875 16.2916632077 0.6010099734 7.6429735839 
1.22625 14.9734747357 0.8141906398 8.3269497256 
1.23375 14.6998184369 0.8713485993 8.9937799478 
1.24125 14.4771885957 0.9436246426 8.9757214808 
1.24875 14.9785192506 1.0222849611 9.2369951689 
1.25625 14.4890902294 0.8484966392 9.2563269731 
1.26375 12.6486982549 1.0141317414 9.6752668929 
1.27125 11.8922581391 0.9706355349 9.8828345373 
1.27875 13.4260653124 1.1932547155 10.2266821253 
1.28625 12.8035939714 1.1485463587 9.4182202931 
1.29375 11.9850830457 1.2724150468 9.49774367 
1.30125 10.1489322517 0.9791177683 9.005144677 
1.30875 12.0395348691 1.1391767687 8.647725726 
1.31625 9.7974798495 1.1409537015 8.3192588955 
1.32375 11.7282028462 1.0698391675 8.2411358504 
1.33125 11.4381136881 1.0074463141 7.7036933736 
1.33875 10.1753697812 1.0033056917 7.3692188523 
1.34625 11.029841218 1.0484506166 7.3743372226 
1.35375 9.5301174591 0.9185655382 6.55901343 
1.36125 9.4253919533 1.0392363526 7.097590117 
1.36875 9.9588511679 0.98703583 6.3269306121 
1.37625 9.5543450946 0.7541132139 6.0867709412 
1.38375 9.7807438849 0.8725076261 5.967685748 
1.39125 9.3856707273 0.8367709248 5.6783023386 
1.39875 10.4325075042 1.029888276 5.3947657447 
1.40625 10.6052776832 0.889953372 5.2857836641 
1.41375 10.2473968026 0.9124394413 4.9560601314 
1.42125 10.2784281468 0.833386066 4.7248168698 
1.42875 11.1672652873 0.7371956945 4.4845124836 
1.43625 10.3028769888 0.80988712 4.8739355343 
1.44375 10.3307145282 0.8443225377 4.4407583274 
1.45125 9.9577842546 0.7508453923 4.1835960272 
1.45875 9.3612232296 0.7131789784 4.1973497707 
1.46625 9.4940813401 0.7592892293 4.0941220377 
1.47375 10.6571805316 0.962962869 3.9628804541 
1.48125 9.5904846939 0.7904884354 3.8425346939 
1.48875 10.5384495886 0.7940518937 3.9169042027 
1.49625 10.1510912192 0.9228264745 3.811449412 
1.50375 11.9732508122 0.7500906067 3.5725436415 
1.51125 10.1962745498 0.7929194885 3.7036751526 
1.51875 11.038501397 0.6690000847 3.345503053 
1.52625 10.7797268223 0.6405424267 3.5914173669 
1.53375 11.3305381165 0.7698260347 3.4223252145 
1.54125 11.1024228787 0.7355086723 3.416430462 
1.54875 12.0771238656 0.6752343081 3.5883604178 
1.55625 12.0478823405 0.8056494747 3.308763618 
1.56375 12.0186448341 0.7353564424 3.2808939921 
1.57125 11.8757714827 0.6870281023 3.0693203531 
1.57875 11.6787808533 0.6395827411 2.9285912278 
1.58625 12.5442699359 0.7045064732 2.9230798337 
1.59375 11.8465816357 0.7832450668 2.7970429892 
1.60125 14.4714999993 0.7112646502 3.009648768 
1.60875 12.8191783761 0.6455169584 2.6985386241 
1.61625 13.6134142662 0.7469436553 2.6842039377 
1.62375 13.3815321282 0.7158744822 2.8705335502 
1.63125 12.9424541192 0.6661733466 2.9452791519 
1.63875 14.7309207439 0.6268476912 2.8769373377 
1.64625 13.7170429624 0.6258547904 2.7241581034 
1.65375 14.0545535992 0.6668218861 2.8724635093 
1.66125 14.156680348 0.600740475 2.5340325492 
1.66875 14.0045274608 0.6548879748 2.7011526894 
1.67625 15.3023850094 0.6808120277 2.7661598992 
1.68375 15.8343775101 0.6072843647 2.6205240466 
1.69125 15.5961621241 0.7356680247 2.5097831455 
1.69875 16.0177948114 0.6761546713 2.6483729015 
1.70625 15.3954286914 0.67898462 2.4244330597 
1.71375 15.4520323353 0.6773969494 2.4569455786 
1.72125 15.483392067 0.6370703436 2.4481032368 
1.72875 16.2881349701 0.6998307925 2.4393215208 
1.73625 16.3105941522 0.7318720758 2.538284656 
1.74375 16.4935403561 0.6626775273 2.4158370617 
1.75125 16.1238635038 0.7235466795 2.2893410088 
1.75875 16.5081899217 0.7462493446 2.4257788841 
1.76625 17.3575831519 0.7603651593 2.458736996 
1.77375 17.2556948888 0.7215207165 2.3554445454 
1.78125 16.4474848712 0.7275158264 2.2771866551 
1.78875 17.0990361027 0.6417120775 2.4088661159 
1.79625 17.239154046 0.6600799554 2.3399241534 
1.80375 16.2552999735 0.6428428251 2.2748938999 
1.81125 17.9596895386 0.6841786491 2.3861437183 
1.81875 17.9815108969 0.682402965 2.3524852086 
1.82625 16.551243212 0.6538668336 2.269241196 
1.83375 17.5425245534 0.8116096107 2.3113979738 
1.84125 17.3585241112 0.7372999731 2.2843988034 
1.84875 18.5724229776 0.6641670095 2.2984656061 
1.85625 16.8348380083 0.7254321754 2.3633745824 
1.86375 16.1746008994 0.6498477719 2.2909887552 
1.87125 17.7078165168 0.870458278 2.3547734017 
1.87875 17.6462065436 0.7334520738 2.4384900115 
1.88625 18.5904358289 0.6989559407 2.239265839 
1.89375 17.4655616445 0.8107804245 2.2396677755 
1.90125 16.765313604 0.7338352756 2.3169694191 
1.90875 15.7482246403 0.8190897012 2.3293460035 
1.91625 17.2488369364 0.7883793385 2.3263031502 
1.92375 17.7021500161 0.7581220564 2.3558172991 
1.93125 16.0604343954 0.8103732067 2.2355980446 
1.93875 16.1976689405 0.7939368521 2.3195047117 
1.94625 16.5545235724 0.8046636432 2.3090081874 
1.95375 15.3802678552 0.7650877243 2.3617793347 
1.96125 15.5181545926 0.795717787 2.261767528 
1.96875 14.9658296815 0.8390209011 2.2852476594 
1.97625 15.1757225579 0.8849103417 2.4412957566 
1.98375 15.4889627737 0.9236017137 2.3380233492 
1.99125 14.1872830565 0.8298161479 2.3836015638 
1.99875 14.9062082226 0.7852933339 2.3100276933 
2.00625 15.4223168635 0.9125068838 2.4379603106 
2.01375 14.0968784883 0.8679840408 2.291752329 
2.02125 14.3358308391 0.9271076231 2.481367939 
2.02875 13.258640437 0.8923786973 2.4946040857 
2.03625 13.5840670339 0.9227261656 2.4740245796 
2.04375 12.9303908962 0.9678710541 2.5513824862 
2.05125 13.9862486601 0.8820020284 2.4181348958 
2.05875 13.42116161 1.0079787332 2.4202431021 
2.06625 13.0117565182 1.0424938074 2.437464031 
2.07375 13.2440165311 0.9993805578 2.5449561547 
2.08125 13.3754385982 0.9185861419 2.5330708761 
2.08875 11.4950166791 1.0113860829 2.4149965111 
2.09625 11.8758110028 1.0012597253 2.4019679945 
2.10375 12.4727716321 1.1670261086 2.4749860099 
2.11125 12.4315209383 1.0471660905 2.6051702839 
2.11875 11.9217939034 1.0511292135 2.4875863843 
2.12625 12.6601255209 1.0070554392 2.6547078957 
2.13375 11.0152785221 1.1008275802 2.5912610354 
2.14125 11.6113719276 1.1376335174 2.5529113118 
2.14875 11.3633487033 1.1573269584 2.7360022864 
2.15625 11.0732308399 1.1328323847 2.6591513427 
2.16375 11.086490253 1.0759615848 2.7516881772 
2.17125 11.3671141227 1.1956840653 2.7425480658 
2.17875 10.8604811553 1.0826898962 2.7744997116 
2.18625 11.0208939279 1.1233013784 2.7147460651 
2.19375 10.7124696577 1.2110324387 2.7636690147 
2.20125 11.5226100859 1.1843706118 2.6357629616 
2.20875 10.941278452 1.0848478217 2.7604802402 
2.21625 11.1101172349 1.2488820729 2.8249141275 
2.22375 10.2551713162 1.1037880858 2.9746948244 
2.23125 10.3131458965 1.1501744927 2.822456945 
2.23875 10.384109468 1.147570049 2.9479203194 
2.24625 10.3148823288 1.1045340793 2.9337822186 
2.25375 10.2463451577 1.2327751709 2.9471566389 
2.26125 10.3156652152 1.2345875922 2.8097354349 
2.26875 10.3293378324 1.1124664636 2.9912036114 
2.27625 9.5845097508 1.2232925902 3.1576925247 
2.28375 9.884774913 1.2250518816 3.0605179289 
2.29125 10.2209919869 1.1295926973 2.99281334 
2.29875 10.0216686234 1.2549711461 2.9733162538 
2.30625 9.8510927585 1.2779925618 2.9278519684 
2.31375 9.7087187563 1.2697207943 3.0319104759 
2.32125 9.6590997337 1.1455536072 3.2171896197 
2.32875 10.3730199572 1.3333716427 3.174266819 
2.33625 10.2936754374 1.2570644388 3.1301286872 
2.34375 10.1768257157 1.2699266948 3.1894851606 
2.35125 10.7210094783 1.2203150111 3.2832534479 
2.35875 10.2873359549 1.2744560586 3.209062018 
2.36625 10.3850805496 1.2185586345 3.173843118 
2.37375 10.332007957 1.3014029738 3.3167772233 
2.38125 9.7598605963 1.2032550799 3.3106382758 
2.38875 10.3501654219 1.2806402044 3.2183628174 
2.39625 9.6136228945 1.2970672913 3.3355466457 
2.40375 10.4763212001 1.2801572308 3.2056100187 
2.41125 10.2906108707 1.2020152951 3.3228903249 
2.41875 10.6465184109 1.3340846166 3.3039005835 
2.42625 10.5688840562 1.174200094 3.2535702034 
2.43375 10.4801609959 1.3176905043 3.3760436449 
2.44125 9.8509374211 1.3845023377 3.3397690225 
2.44875 10.644594238 1.3739076679 3.2543785344 
2.45625 10.8005829698 1.3465057935 3.3698195511 
2.46375 10.8620350541 1.2437765478 3.2164000406 
2.47125 10.9455139552 1.2362385312 3.4717951872 
2.47875 10.9250418277 1.2100882275 3.2923155144 
2.48625 10.0081918043 1.3575325103 3.3099936089 
2.49375 11.0421462452 1.2468427741 3.3870573444 
2.50125 11.2226780725 1.4167216893 3.3904957524 
2.50875 10.6318841732 1.3373439212 3.4129901062 
2.51625 11.0228053869 1.2890992138 3.2886678807 
2.52375 10.5168903132 1.2814487959 3.2342020178 
2.53125 11.0567612344 1.2897896093 3.3467941378 
2.53875 11.481251419 1.3177963714 3.2795609396 
2.54625 11.0566981685 1.3139787185 3.2903114344 
2.55375 10.7229688222 1.3121386121 3.3890543967 
2.56125 10.7564926288 1.3064093704 3.3211640813 
2.56875 11.2465323577 1.3084554745 3.2624414195 
2.57625 10.8746681971 1.3604143623 3.2602431508 
2.58375 10.8536545232 1.2799346177 3.2941383757 
2.59125 10.5506543844 1.3599043275 3.2792411107 
2.59875 11.0299150345 1.295415462 3.3784490184 
2.60625 11.689365517 1.2729505012 3.2306794163 
2.61375 10.6675359295 1.3197913907 3.110342884 
2.62125 10.4942858062 1.2918328477 3.1249666066 
2.62875 11.5611707239 1.2752444681 3.1541370872 
2.63625 11.1119632631 1.2056081024 3.1815909407 
2.64375 10.9687227097 1.3082548753 3.0759830617 
2.65125 10.876816498 1.2518771282 2.9662395618 
2.65875 11.222361841 1.3350289788 3.0151317869 
2.66625 11.0803808837 1.2360369835 2.976013046 
2.67375 10.7141498159 1.2523032252 3.0670239052 
2.68125 10.6542943864 1.3872224792 2.9466785794 
2.68875 11.2352926044 1.254246042 2.9751659087 
2.69625 11.2597102851 1.3086770854 2.961188901 
2.70375 10.7847460765 1.3607411743 3.0006087434 
2.71125 10.7824137504 1.2126962529 2.9449166905 
2.71875 10.9887094828 1.3975278193 2.8571679861 
2.72625 10.5602794746 1.3126352747 2.9774904484 
2.73375 10.5493427561 1.4163627447 2.9388363456 
2.74125 10.4170222237 1.2779435866 2.8265032604 
2.74875 10.3138369432 1.2794187714 2.8712501861 
2.75625 10.913321547 1.3211481399 2.6749549031 
2.76375 10.3674779558 1.3624063148 2.7393838202 
2.77125 10.0922397048 1.3849326061 2.6967992235 
2.77875 10.7463872366 1.3427822675 2.7579363401 
2.78625 10.372380003 1.3437768202 2.7825349759 
2.79375 10.3616977999 1.3545450565 2.8222783282 
2.80125 10.3599198103 1.3814309889 2.8178237241 
2.80875 10.2335390495 1.3288001104 2.8145520586 
2.81625 10.1791054598 1.3956975814 2.7563126932 
2.82375 9.9139820728 1.4362758573 2.7603017691 
2.83125 10.2202873507 1.347537887 2.5651960893 
2.83875 10.2708034096 1.4701966668 2.677113179 
2.84625 10.026264957 1.4215288517 2.6229518568 
2.85375 9.560218895 1.3702197433 2.6843494525 
2.86125 9.7929001578 1.4113366011 2.6702952991 
2.86875 9.6650556238 1.3838214962 2.6383191471 
2.87625 9.6486312518 1.3997375262 2.6470006403 
2.88375 9.5816395214 1.4936806808 2.5496016699 
2.89125 9.162796888 1.3516879858 2.6773019575 
2.89875 9.1655288955 1.4403190796 2.6568430115 
2.90625 9.5750286512 1.5083897536 2.5816538799 
2.91375 9.3109942741 1.3924807118 2.6251887029 
2.92125 9.320781378 1.4331616709 2.6856327529 
2.92875 9.0359619581 1.4332648832 2.5929605356 
2.93625 9.5349467584 1.4422235634 2.6141562771 
2.94375 8.4989284209 1.454015806 2.5997824018 
2.95125 8.8503901266 1.4993464289 2.595104579 
2.95875 8.7655163458 1.520890654 2.5586561681 
2.96625 8.9604028143 1.530602616 2.5014600604 
2.97375 8.6376518595 1.5344288469 2.6356935696 
2.98125 8.7678678101 1.4865413716 2.5702712519 
2.98875 8.8181464349 1.5233485382 2.6736798063 
2.99625 8.8756254523 1.573974552 2.6541126513 
