# Radial distribution function (200 data points):
# "Pair separation distance" 0-0 0-1 1-1
0.00625 0.0 0.0 0.0 
0.01875 0.0 0.0 0.0 
0.03125 0.0 0.0 0.0 
0.04375 0.0 0.0 0.0 
0.05625 0.0 0.0 0.0 
0.06875 0.0 0.0 0.0 
0.08125 0.0 0.0 0.0 
0.09375 0.0 0.0 0.0 
0.10625 0.0 0.0 0.0 
0.11875 0.0 0.0 0.0 
0.13125 0.0 0.0 0.0 
0.14375 0.0 0.0 0.0 
0.15625 0.0 0.0 0.0 
0.16875 0.0 0.0 0.0 
0.18125 0.0 0.0 0.0 
0.19375 0.0 0.0 0.0 
0.20625 0.0 0.0 0.0 
0.21875 0.0 0.0 0.0 
0.23125 0.0 0.0 0.0 
0.24375 0.0 0.0 0.0 
0.25625 0.0 0.0 0.0 
0.26875 0.0 0.0 0.0 
0.28125 0.0 0.0 0.0 
0.29375 0.0 0.0 0.0 
0.30625 0.0 0.0 0.0 
0.31875 0.0 0.0 0.0 
0.33125 0.0 0.0 0.0 
0.34375 0.0 0.0 0.0 
0.35625 0.0 0.0 0.0 
0.36875 0.0 0.0 0.0 
0.38125 0.0 0.0 0.0 
0.39375 0.0 0.0 0.0 
0.40625 0.0 0.0 0.0 
0.41875 0.0 0.0 0.0 
0.43125 0.0 0.0 0.0 
0.44375 0.0 0.0 0.0 
0.45625 0.0 0.0 0.0 
0.46875 0.0 0.0 0.0 
0.48125 0.0 0.0 0.0 
0.49375 0.0 0.0 0.0 
0.50625 0.0 0.0 0.0 
0.51875 0.0 0.0 0.0 
0.53125 0.0 0.0 0.0 
0.54375 0.0 0.0 0.0 
0.55625 0.0 0.0 0.0 
0.56875 0.0 0.0 0.0 
0.58125 0.0 0.0 0.0 
0.59375 0.0 0.0 0.0 
0.60625 0.0 0.0 0.0 
0.61875 0.0 0.0 0.0 
0.63125 0.0 0.0 0.0 
0.64375 0.0 0.0 0.0 
0.65625 0.0 0.0 0.0 
0.66875 0.0 0.0 0.0 
0.68125 0.0 0.0 0.0 
0.69375 0.0 0.0 0.0 
0.70625 0.0 0.0 0.0 
0.71875 0.0 0.0 0.0 
0.73125 0.0 0.0 0.0 
0.74375 0.0 0.0 0.0 
0.75625 0.0 0.0 0.0 
0.76875 0.0 0.0 0.0 
0.78125 0.0 0.0 0.0 
0.79375 0.0 0.0 0.0 
0.80625 0.0 0.0 0.0 
0.81875 0.0 0.0 0.0 
0.83125 0.0 0.0 0.0 
0.84375 0.0 0.0 0.0 
0.85625 0.0 0.0 0.0 
0.86875 0.0 0.0 0.0 
0.88125 0.0195596627 0.0 0.0 
0.89375 0.0 0.0 0.0 
0.90625 0.0184954106 0.0 0.0 
0.91875 0.2159467861 0.0 0.0 
0.93125 0.5955342277 0.0 0.0 
0.94375 1.3814387781 0.0 0.0 
0.95625 2.9569080807 0.0 0.0 
0.96875 4.5320581859 0.0 0.0 
0.98125 7.1939353796 0.0 0.0 
0.99375 11.0287438079 0.0 0.0 
1.00625 13.5318155149 0.0 0.0 
1.01875 16.2900108844 0.0 0.0 
1.03125 19.0969965255 0.0 0.0 
1.04375 21.9050838321 0.0488019054 0.0 
1.05625 22.2746910498 0.0714805183 0.0 
1.06875 23.6451162037 0.3025457782 0.0 
1.08125 22.8677003217 0.6366575658 0.0 
1.09375 24.1129867742 0.8666199828 0.0 
1.10625 22.5160910819 0.9557546931 0.0 
1.11875 21.8094324805 0.9345165837 0.4460192786 
1.13125 21.6387399505 1.3501956497 1.1632454828 
1.14375 20.0768400321 1.4021274921 1.8491826345 
1.15625 18.7702139959 1.5310449975 4.0363913572 
1.16875 18.0038905237 1.4011675145 5.857658637 
1.18125 17.4942401255 1.3145174208 10.4018335034 
1.19375 15.7014193107 1.6042522785 11.0991872758 
1.20625 14.458995966 1.7356015013 17.1367811395 
1.21875 13.4276052081 1.3780424995 20.4200843102 
1.23125 12.8858079299 1.6483012476 21.7260132534 
1.24375 12.4513463207 1.5981519035 23.0958726706 
1.25625 11.3770232625 1.1790908203 26.7653616219 
1.26875 10.6821262292 1.2550554669 24.7378038073 
1.28125 10.3174071244 1.36023215 23.0105938714 
1.29375 9.2477691961 1.3340746534 26.6814930683 
1.30625 8.3594282299 1.0126570406 22.0291854686 
1.31875 8.7257786844 0.9935508762 19.9015883208 
1.33125 7.9798393981 1.0649785663 19.8446006085 
1.34375 7.9414317948 1.2071985832 19.5801721422 
1.35625 7.4984271089 1.2428560351 17.3999844917 
1.36875 6.7864253694 1.0783686668 12.5147521597 
1.38125 6.7915419466 1.0310723119 12.7769366223 
1.39375 7.2880298504 1.0400300108 13.4109132977 
1.40625 6.0145166829 0.8603140083 10.9152339801 
1.41875 6.1354001045 0.8320145898 11.0935278642 
1.43125 6.0509463331 0.7526606039 8.3571280851 
1.44375 6.1943982073 0.9054752674 8.8379487364 
1.45625 5.9380915569 1.1657712918 8.8623688525 
1.46875 5.8796976919 0.86259038 7.3320182296 
1.48125 5.17856219 0.8480934068 6.8695565949 
1.49375 5.5688027471 1.0007506159 6.0878995802 
1.50625 5.3361571533 0.9842096632 6.7254326982 
1.51875 5.577958504 1.0256989811 5.4857608427 
1.53125 5.3576926556 0.5895405461 5.3172022334 
1.54375 5.1884184271 0.758503431 4.606792897 
1.55625 5.4754533375 0.7573436317 5.3014054222 
1.56875 5.4070605498 0.9829616353 5.4440952111 
1.58125 5.176105962 0.7867438052 5.2095197915 
1.59375 5.0653293745 0.9942278731 5.6409349852 
1.60625 5.3341672274 0.9891171018 4.7601260523 
1.61875 5.7506489066 0.8318731029 4.6868947994 
1.63125 5.4858902567 0.9090822304 4.8251287612 
1.64375 5.4533705935 0.8264386363 4.6142823862 
1.65625 5.5208788432 0.8915361021 5.3589072222 
1.66875 5.5257567074 0.9832355839 5.2121031924 
1.68125 5.6051161353 0.996883071 4.5424011634 
1.69375 5.7450796327 1.0563533518 5.0593765798 
1.70625 5.2907542087 1.1322422715 4.4102662672 
1.71875 6.0676646911 1.0708399762 5.2912092942 
1.73125 5.9600892678 0.9046564067 4.5942354773 
1.74375 6.0497961948 1.040355126 3.7330389815 
1.75625 6.0230830485 0.8532290582 4.886675515 
1.76875 6.2247256379 0.8497090379 5.0557687757 
1.78125 6.5829122113 1.0389032363 5.043707647 
1.79375 6.7417015702 0.9583791448 5.2628234071 
1.80625 6.3693563335 1.1081190112 3.1939900912 
1.81875 6.8285760196 1.1170484982 5.0628816823 
1.83125 6.8806222335 0.9116031761 4.2726444514 
1.84375 6.823390228 1.1729796561 4.9265145555 
1.85625 7.0403985353 0.9720775686 4.6443706055 
1.86875 7.1727142126 0.9591167276 5.1685734767 
1.88125 7.3395323485 1.0140143376 4.9949595149 
1.89375 7.4674503901 1.0154970114 5.0848974437 
1.90625 7.8631113944 1.3021580007 5.0696376095 
1.91875 7.8352623993 1.1841602468 5.155429367 
1.93125 7.8970738912 0.9835705749 4.4403222331 
1.94375 8.0330427221 1.0483563012 5.1221703844 
1.95625 7.9108657329 1.2642301736 4.8624237445 
1.96875 8.2300712638 1.1590683697 4.3207874135 
1.98125 8.2387735104 1.0699957142 4.7404873416 
1.99375 8.5255744086 1.1970579038 5.4302291504 
2.00625 8.5668518202 1.1359570035 4.5768500198 
2.01875 8.3939972289 1.1415016214 4.3833662261 
2.03125 8.6113055012 1.2112524625 4.6001822248 
2.04375 8.4626502355 1.4065019246 4.4995333063 
2.05625 8.3708518413 1.1756915301 5.5012304214 
2.06875 8.5503985543 1.3292338143 4.8697164037 
2.08125 8.3533148736 1.4544657195 4.7254793418 
2.09375 8.3301040639 1.4856622785 5.0088042531 
2.10625 8.5225721735 1.4201433543 4.9075839967 
2.11875 8.4933678314 1.4744960289 4.6011382107 
2.13125 8.4074082774 1.3987265362 5.1618276357 
2.14375 8.4947484 1.440306076 5.4257313224 
2.15625 8.0469605646 1.4636777641 5.1228721743 
2.16875 8.3129517212 1.5316306736 4.9453019903 
2.18125 7.5602563767 1.4359059567 5.7101007305 
2.19375 8.0109325917 1.6018708788 5.915874866 
2.20625 7.6645146295 1.5400806065 4.8933057569 
2.21875 7.7697087337 1.5551760134 4.6493282901 
2.23125 7.5974639245 1.4577061807 5.0085289286 
2.24375 7.5371868406 1.4890319079 5.7290766667 
2.25625 7.4867272959 1.5300196975 5.9581995728 
2.26875 7.4723330428 1.4667257197 4.9527815676 
2.28125 7.4402904136 1.6396952294 6.257403913 
2.29375 6.946551939 1.455138062 5.1990870341 
2.30625 6.8600309505 1.6843061004 5.1778668249 
2.31875 6.8738508659 1.5178694524 5.2606289816 
2.33125 6.9708319422 1.6337013914 4.8962128528 
2.34375 6.877317712 1.7566610682 5.386126085 
2.35625 6.4406486341 1.6949795365 5.362647121 
2.36875 6.6760643179 1.5065814245 5.0408887915 
2.38125 6.750818933 1.6877047333 4.8896556578 
2.39375 6.3782855124 1.5866184036 5.3258418929 
2.40625 6.2151196323 1.5472211073 5.6884479285 
2.41875 6.1276785388 1.7948126229 5.5979978516 
2.43125 6.1958931358 1.614504298 4.8480101205 
2.44375 6.0945159725 1.42887911 5.1412939939 
2.45625 6.032643248 1.5245264969 5.8601741067 
2.46875 6.1087880864 1.6923162426 5.3124772771 
2.48125 5.9709069263 1.5500918498 5.5311076868 
2.49375 5.9429527285 1.5987104648 5.3561075197 
