# Radial distribution function (400 data points):
# "Pair separation distance" 0-0 0-1 1-1
0.00375 0.0 0.0 0.0 
0.01125 0.0 0.0 0.0 
0.01875 0.0 0.0 0.0 
0.02625 0.0 0.0 0.0 
0.03375 0.0 0.0 0.0 
0.04125 0.0 0.0 0.0 
0.04875 0.0 0.0 0.0 
0.05625 0.0 0.0 0.0 
0.06375 0.0 0.0 0.0 
0.07125 0.0 0.0 0.0 
0.07875 0.0 0.0 0.0 
0.08625 0.0 0.0 0.0 
0.09375 0.0 0.0 0.0 
0.10125 0.0 0.0 0.0 
0.10875 0.0 0.0 0.0 
0.11625 0.0 0.0 0.0 
0.12375 0.0 0.0 0.0 
0.13125 0.0 0.0 0.0 
0.13875 0.0 0.0 0.0 
0.14625 0.0 0.0 0.0 
0.15375 0.0 0.0 0.0 
0.16125 0.0 0.0 0.0 
0.16875 0.0 0.0 0.0 
0.17625 0.0 0.0 0.0 
0.18375 0.0 0.0 0.0 
0.19125 0.0 0.0 0.0 
0.19875 0.0 0.0 0.0 
0.20625 0.0 0.0 0.0 
0.21375 0.0 0.0 0.0 
0.22125 0.0 0.0 0.0 
0.22875 0.0 0.0 0.0 
0.23625 0.0 0.0 0.0 
0.24375 0.0 0.0 0.0 
0.25125 0.0 0.0 0.0 
0.25875 0.0 0.0 0.0 
0.26625 0.0 0.0 0.0 
0.27375 0.0 0.0 0.0 
0.28125 0.0 0.0 0.0 
0.28875 0.0 0.0 0.0 
0.29625 0.0 0.0 0.0 
0.30375 0.0 0.0 0.0 
0.31125 0.0 0.0 0.0 
0.31875 0.0 0.0 0.0 
0.32625 0.0 0.0 0.0 
0.33375 0.0 0.0 0.0 
0.34125 0.0 0.0 0.0 
0.34875 0.0 0.0 0.0 
0.35625 0.0 0.0 0.0 
0.36375 0.0 0.0 0.0 
0.37125 0.0 0.0 0.0 
0.37875 0.0 0.0 0.0 
0.38625 0.0 0.0 0.0 
0.39375 0.0 0.0 0.0 
0.40125 0.0 0.0 0.0 
0.40875 0.0 0.0 0.0 
0.41625 0.0 0.0 0.0 
0.42375 0.0 0.0 0.0 
0.43125 0.0 0.0 0.0 
0.43875 0.0 0.0 0.0 
0.44625 0.0 0.0 0.0 
0.45375 0.0 0.0 0.0 
0.46125 0.0 0.0 0.0 
0.46875 0.0 0.0 0.0 
0.47625 0.0 0.0 0.0 
0.48375 0.0 0.0 0.0 
0.49125 0.0 0.0 0.0 
0.49875 0.0 0.0 0.0 
0.50625 0.0 0.0 0.0 
0.51375 0.0 0.0 0.0 
0.52125 0.0 0.0 0.0 
0.52875 0.0 0.0 0.0 
0.53625 0.0 0.0 0.0 
0.54375 0.0 0.0 0.0 
0.55125 0.0 0.0 0.0 
0.55875 0.0 0.0 0.0 
0.56625 0.0 0.0 0.0 
0.57375 0.0 0.0 0.0 
0.58125 0.0 0.0 0.0 
0.58875 0.0 0.0 0.0 
0.59625 0.0 0.0 0.0 
0.60375 0.0 0.0 0.0 
0.61125 0.0 0.0 0.0 
0.61875 0.0 0.0 0.0 
0.62625 0.0 0.0 0.0 
0.63375 0.0 0.0 0.0 
0.64125 0.0 0.0 0.0 
0.64875 0.0 0.0 0.0 
0.65625 0.0 0.0 0.0 
0.66375 0.0 0.0 0.0 
0.67125 0.0 0.0 0.0 
0.67875 0.0 0.0 0.0 
0.68625 0.0 0.0 0.0 
0.69375 0.0 0.0 0.0 
0.70125 0.0 0.0 0.0 
0.70875 0.0 0.0 0.0 
0.71625 0.0 0.0 0.0 
0.72375 0.0 0.0 0.0 
0.73125 0.0 0.0 0.0 
0.73875 0.0 0.0 0.0 
0.74625 0.0 0.0 0.0 
0.75375 0.0 0.0 0.0 
0.76125 0.0 0.0 0.0 
0.76875 0.0 0.0 0.0 
0.77625 0.0 0.0 0.0 
0.78375 0.0 0.0 0.0 
0.79125 0.0 0.0 0.0 
0.79875 0.0 0.0 0.0 
0.80625 0.0 0.0 0.0 
0.81375 0.0 0.0 0.0 
0.82125 0.0 0.0 0.0 
0.82875 0.0 0.0 0.0 
0.83625 0.0 0.0 0.0 
0.84375 0.0 0.0 0.0 
0.85125 0.0 0.0 0.0 
0.85875 0.0 0.0 0.0 
0.86625 0.0 0.0 0.0 
0.87375 0.0146755406 0.0 0.0 
0.88125 0.0 0.0 0.0 
0.88875 0.0 0.0 0.0 
0.89625 0.0418438404 0.0 0.0 
0.90375 0.0137174075 0.0 0.0 
0.91125 0.1484179076 0.0 0.0 
0.91875 0.1061852086 0.0 0.0 
0.92625 0.3264768169 0.0 0.0 
0.93375 0.7581577884 0.0 0.0 
0.94125 1.0116932779 0.0 0.0 
0.94875 1.5060891661 0.0 0.0 
0.95625 2.1441940161 0.0 0.0 
0.96375 3.0277073923 0.0 0.0 
0.97125 3.7650105211 0.0 0.0 
0.97875 4.8420115324 0.0 0.0 
0.98625 5.9665706575 0.0 0.0 
0.99375 7.3290439635 0.0 0.0 
1.00125 8.6166498039 0.0195578951 0.0 
1.00875 9.2377034932 0.0 0.0 
1.01625 11.1956100296 0.0 0.0 
1.02375 12.5287860604 0.0374153167 0.0 
1.03125 11.9890170633 0.0368730753 0.0 
1.03875 12.8860251554 0.1453701468 0.0 
1.04625 13.868760458 0.143293466 0.0 
1.05375 14.3480784101 0.1765762111 0.0 
1.06125 13.7878696779 0.2263160427 0.0 
1.06875 14.0266239339 0.4463016706 0.0 
1.07625 13.68672392 0.4062490492 0.0 
1.08375 14.1752265574 0.7679042651 0.0 
1.09125 13.1907334439 0.5598064479 0.0 
1.09875 13.8186745577 0.6171536992 0.2273724155 
1.10625 13.7784201162 0.9612851244 0.3364497935 
1.11375 13.0786416437 0.9958012716 0.3319337572 
1.12125 12.5745263702 1.2788409172 0.5458467329 
1.12875 11.1328853046 1.092623222 0.9695107463 
1.13625 11.2640994664 1.594590352 1.594590352 
1.14375 10.7057573638 1.7536030562 3.0425762428 
1.15125 10.1271478223 1.4349610541 3.1066167151 
1.15875 10.8475958294 1.4164456862 4.395362387 
1.16625 9.6953346985 1.3694557295 5.5498995353 
1.17375 9.3359894756 1.6935712616 8.2686126301 
1.18125 8.744076155 1.6159277559 8.0655872339 
1.18875 8.3724501674 1.5539774932 11.8490783855 
1.19625 7.7275706105 1.4386434647 10.4541425103 
1.20375 7.4228106375 1.6102086617 12.5975148241 
1.21125 7.3006256204 1.4566886371 15.903297965 
1.21875 7.1884197094 1.4784158059 19.127004489 
1.22625 6.3556619589 1.4995040671 20.0803153331 
1.23375 6.1976575583 1.4426851323 20.5582631359 
1.24125 5.8393815664 1.4634813702 16.2128283965 
1.24875 5.6688615299 1.4459548579 21.2115290896 
1.25625 5.2961044489 1.354198289 20.6111464358 
1.26375 5.401797094 1.3504492735 20.6250434499 
1.27125 5.1787931378 1.2496351581 22.8452718708 
1.27875 4.9058203174 1.354924536 18.0456763422 
1.28625 4.7539680618 0.9362337387 21.5689291691 
1.29375 4.5383596113 1.1831195594 21.2375817948 
1.30125 4.5126623639 1.2042588713 18.6428536808 
1.30875 4.0686184146 1.1332606758 20.8336811102 
1.31625 3.8995143452 1.1543338485 16.5567688265 
1.32375 3.938571716 1.1412906677 18.6410809058 
1.33125 3.7109821433 0.9735796424 18.8188519505 
1.33875 4.0633516322 1.0720996999 15.6986027483 
1.34625 3.622565225 1.0601876042 15.2969925754 
1.35375 3.4602663922 1.112665165 15.6522032344 
1.36125 3.3859636892 1.100438199 13.2581640705 
1.36875 3.4027815471 0.8791017354 12.8202336408 
1.37625 3.2829812167 0.9627120595 13.4055066349 
1.38375 3.1889765443 1.0239832941 11.3969340628 
1.39125 3.4035887009 1.0838809256 12.4798252368 
1.39875 3.0006904839 0.8417967579 10.7329086632 
1.40625 2.8554567708 0.8526711191 11.3821679614 
1.41375 2.7972124001 1.0300356283 13.1157870005 
1.42125 3.0062734192 0.7959413942 11.6188030347 
1.42875 2.9583287538 0.8932616042 10.8920285935 
1.43625 2.9926896536 0.8079175789 8.5829361616 
1.44375 2.9186768407 0.8277647025 10.140117606 
1.45125 2.5747263827 0.8750877892 8.6019267786 
1.45875 2.8642264999 0.6726193665 7.1592499691 
1.46625 2.4441451807 0.6110362952 7.0861970351 
1.47375 2.5792449235 0.776352722 7.8989375783 
1.48125 2.5123410925 0.8668087407 6.8808528904 
1.48875 2.4921467112 0.7342480929 8.4217371619 
1.49625 2.5523021925 0.875789968 7.4792463269 
1.50375 2.7102309406 0.6676482984 7.8296936816 
1.51125 2.4577367327 0.9014154184 6.069530484 
1.51875 2.5258120613 0.8245319181 7.4972902244 
1.52625 2.3086609821 0.7238614121 6.4810847363 
1.53375 2.6147699256 0.800148174 6.6512316961 
1.54125 2.5846674638 0.7511100248 6.4133240581 
1.54875 2.7418631032 0.6784593113 7.0379935787 
1.55625 2.558213082 0.7043181587 5.1569042191 
1.56375 2.5566417379 0.7937960235 6.4546040292 
1.57125 2.4914495192 0.6194587602 6.3375396239 
1.57875 2.6296592459 0.8338492139 5.8369444972 
1.58625 2.4579109936 0.7480598676 5.9455174894 
1.59375 2.7215424994 0.710159388 5.6195221138 
1.60125 2.5737559813 0.7876392456 6.5840523342 
1.60875 2.6666987623 0.6969780856 5.6743107187 
1.61625 2.6677411215 0.6229733085 4.8862123355 
1.62375 2.8343787755 0.7882717584 6.1946261768 
1.63125 2.8210068577 0.7957765613 5.3641234876 
1.63875 2.711804286 0.7666062116 5.7239930467 
1.64625 2.9227942231 0.7017599991 5.3681022613 
1.65375 2.9700837894 0.7599317833 3.7638130779 
1.66125 2.7322189066 0.7459810165 4.8737426409 
1.66875 2.8968123382 0.6618411523 5.8650391472 
1.67625 2.990570953 0.8652718624 5.2753671612 
1.68375 2.932372401 0.7745889361 3.6792974465 
1.69125 3.1101069596 0.651203126 5.5660730348 
1.69875 3.148707821 0.7405869505 5.0414267639 
1.70625 3.2596317242 0.720621063 4.3843393646 
1.71375 3.4753128153 0.6675957658 4.9535605825 
1.72125 3.3392063956 0.7941487464 5.23476382 
1.72875 3.4302611151 0.7938336515 4.3168805181 
1.73625 3.3560908683 0.7739821964 4.8715350007 
1.74375 3.5888970439 0.7415457188 4.4234814181 
1.75125 3.4595863287 0.7479939818 4.3856741157 
1.75875 3.4446316806 0.709934605 5.4132513635 
1.76625 3.7961305423 0.754198121 5.0594123949 
1.77375 3.6465791649 0.7478336178 4.4059863982 
1.78125 3.8595877492 0.7044718719 4.6285037898 
1.78875 3.8728114247 0.8088783355 4.4610865778 
1.79625 4.0627754746 0.7413697127 4.7216743176 
1.80375 4.2735581839 0.8135601297 4.9777827194 
1.81125 4.1631057392 0.842695932 4.225432794 
1.81875 4.1119063249 0.7764864291 4.3981139727 
1.82625 4.222652695 0.7642430295 4.6912764428 
1.83375 4.1715228168 0.9096052149 4.8162429966 
1.84125 4.5242696525 0.7749753349 4.0483786153 
1.84875 4.3368462736 0.7629636963 3.9754424174 
1.85625 4.3864135973 0.8649266248 4.1425433084 
1.86375 4.5285833179 0.8579794605 5.1365875597 
1.87125 4.6075434312 0.7839223199 5.2522795432 
1.87875 4.7073201992 0.8443338995 3.8106122044 
1.88625 4.6888546865 0.8486543573 4.2818469845 
1.89375 4.6236719116 0.9020846381 4.5924308851 
1.90125 4.8321260144 0.9166781711 3.7209539963 
1.90875 4.7757760189 0.871817451 3.8424546913 
1.91625 4.5218324601 0.8863645949 4.4104647916 
1.92375 4.6925081546 0.8688708648 4.1907125246 
1.93125 4.8994527677 0.8621354656 4.5630096592 
1.93875 5.1775798903 0.9963189858 4.0165739218 
1.94625 4.9750718416 0.9161881706 4.8190462532 
1.95375 4.7637740909 0.8629387447 4.0989590375 
1.96125 4.8817858637 1.0296606819 4.4958451555 
1.96875 5.1944259946 0.7638436667 4.6387062409 
1.97625 5.1292560684 1.0994336623 3.8655886757 
1.98375 4.9168741715 0.8918418264 4.2200560166 
1.99125 5.0692242209 0.9840341889 4.2575549581 
1.99875 5.2724387081 1.2318716503 4.706633118 
2.00625 5.0076239939 1.0278294384 4.2964244773 
2.01375 5.0311757741 1.1217228799 4.0614104272 
2.02125 5.221527066 1.0606226853 4.1321091947 
2.02875 5.044161844 1.1671259528 4.2683463418 
2.03625 5.2124355203 1.0923416584 3.7073413861 
2.04375 5.2493550957 1.1031156276 4.4030742921 
2.05125 4.9660640639 1.0717644964 4.3383162875 
2.05875 5.0621175656 1.221252384 4.0800931919 
2.06625 5.2222543465 1.0654448566 4.5005860322 
2.07375 5.1871540041 1.1990897189 3.8617071937 
2.08125 5.0955187979 1.1768837833 4.6577438961 
2.08875 5.2772733165 1.1504712632 4.8131043861 
2.09625 5.0789492489 1.2939592087 4.7162582194 
2.10375 4.8478727755 1.1474142744 4.7137018841 
2.11125 5.054793779 1.2228528958 4.7418540348 
2.11875 5.0689871751 1.3277701512 4.8000638033 
2.12625 4.8920309772 1.2837244408 5.0394858116 
2.13375 4.6583729169 1.1842799611 5.0644117607 
2.14125 4.9801237814 1.2444200371 4.5799788995 
2.14875 4.7682771251 1.2272550412 5.0831290116 
2.15625 4.7399837286 1.4042834356 4.6640765159 
2.16375 4.6377819899 1.2228620211 5.2474181932 
2.17125 4.7174963191 1.343357579 4.512516945 
2.17875 4.5127763679 1.3258640819 4.8284582922 
2.18625 4.5803181167 1.2224339293 5.2835399361 
2.19375 4.5886304975 1.3240911189 4.8767294443 
2.20125 4.4603015693 1.3272229657 4.815229662 
2.20875 4.4553245021 1.3624336396 5.7391009952 
2.21625 4.0967510553 1.3612116883 4.6664412424 
2.22375 4.3251855973 1.2410269308 5.6341829671 
2.23125 4.1341233837 1.4099228633 4.824456725 
2.23875 4.3300127028 1.4709077741 5.0112576028 
2.24625 4.0035964605 1.4300144873 5.0594534305 
2.25375 3.9086158688 1.3819118746 4.9717946773 
2.26125 4.0295386429 1.2538898795 6.1735862569 
2.26875 3.9136966518 1.3256069305 5.7861980672 
2.27625 3.9030853599 1.3736481855 5.1388821926 
2.28375 3.7507479617 1.4135121184 4.9209770293 
2.29125 3.8457459958 1.4602950597 4.9672440651 
2.29875 3.8228126159 1.2838120016 6.1036726667 
2.30625 3.7474336476 1.4450474886 5.98662531 
2.31375 3.7001571588 1.4540068926 5.3069420336 
2.32125 3.5140962046 1.3900433803 5.043455825 
2.32875 3.7807340804 1.2943332794 5.1122549081 
2.33625 3.6435984549 1.4836117089 5.2052139617 
2.34375 3.4469494739 1.3884679612 6.2713064467 
2.35125 3.4878197983 1.4682890435 5.8093175199 
2.35875 3.4958813332 1.4342980873 5.2050571866 
2.36625 3.451744452 1.4182167423 5.4907749428 
2.37375 3.3086753718 1.4371064453 6.1137918267 
2.38125 3.4775507478 1.3519966473 5.3249995826 
2.38875 3.4361130617 1.4225508075 6.2537257723 
2.39625 3.383417883 1.4273184437 5.4019564066 
2.40375 3.3720327876 1.2385773106 4.8932287173 
2.41125 3.2219781823 1.4298491694 5.3349560992 
2.41875 3.3073577827 1.3841301896 6.0291772665 
2.42625 3.3782988735 1.4521926989 4.7562641605 
2.43375 3.262931678 1.4366357156 6.1868021947 
2.44125 3.2410338052 1.4344018523 5.9646113721 
2.44875 3.316502076 1.4060100351 6.0196848245 
2.45625 3.1681425005 1.4071863891 5.7554898268 
2.46375 3.1507291049 1.3727913133 5.6978914743 
2.47125 3.1903405039 1.3580503496 5.5509906725 
2.47875 3.0634771798 1.4168581957 5.5174500457 
2.48625 3.1573983863 1.4178386267 5.7062453902 
2.49375 3.1042041675 1.3462661429 5.9809528643 
2.50125 3.1787398197 1.4416256647 5.7696366277 
2.50875 3.2274079411 1.3364459524 5.7133843281 
2.51625 3.234740512 1.3161040786 5.1808049967 
2.52375 3.1082412489 1.3914085047 5.1285101082 
2.53125 3.215751523 1.429077179 5.5051602677 
2.53875 3.0664052212 1.4723612371 5.1106753686 
2.54625 3.3283197217 1.2852740358 5.8215353387 
2.55375 3.1284126114 1.3348580994 5.513805753 
2.56125 3.2108849883 1.2702636756 5.5652493269 
2.56875 3.2651749116 1.4143997407 5.1167990619 
2.57625 3.3322838295 1.3264143967 5.4799525743 
2.58375 3.3196795006 1.348095328 5.3248296944 
2.59125 3.3655660525 1.3519830907 5.3144907671 
2.59875 3.110592493 1.2687069915 5.3245048567 
2.60625 3.335184475 1.373990439 5.2736985968 
2.61375 3.2553918739 1.2685368335 5.283656811 
2.62125 3.2971227929 1.2470201067 5.3333651705 
2.62875 3.3966931462 1.313685261 5.402282369 
2.63625 3.4547756205 1.2356908601 5.7270603788 
2.64375 3.3967301773 1.2539368481 5.0269683039 
2.65125 3.3504428365 1.3751639187 4.9985674288 
2.65875 3.4916472105 1.2398279757 4.7568344033 
2.66625 3.5145845323 1.3293955395 5.4251473571 
2.67375 3.6155707826 1.3246905956 4.2044527598 
2.68125 3.5860213431 1.3663816656 5.6700748159 
2.68875 3.4684074261 1.1879062967 4.3665048807 
2.69625 3.6202084199 1.3727972116 4.870867906 
2.70375 3.5434445413 1.4000590781 4.6749099101 
2.71125 3.5817857879 1.4136622631 4.4250296122 
2.71875 3.5908510461 1.3581268625 5.0319661293 
2.72625 3.7158352143 1.2899902575 4.6349956694 
2.73375 3.702970416 1.3353930761 5.1421815898 
2.74125 3.6305511421 1.5081324354 5.0227594087 
2.74875 3.7071521267 1.3130732833 5.1952029903 
2.75625 3.7165006474 1.339488775 4.552713293 
2.76375 3.8371706642 1.3964015567 4.5999110103 
2.77125 3.861654522 1.3607700247 4.5750466872 
2.77875 3.9148387992 1.2340883613 4.7992325161 
2.78625 3.7884367088 1.3941447088 4.3314459703 
2.79375 3.6776884618 1.3916935846 4.2730519628 
2.80125 4.0263939368 1.4167338241 4.5475406698 
2.80875 3.9438519595 1.3395888948 4.0361639427 
2.81625 3.8663688651 1.4387638615 4.378094156 
2.82375 3.8556936257 1.3032637893 4.286016575 
2.83125 3.8884058387 1.3721935414 4.5372888044 
2.83875 3.8178348628 1.489039016 4.3600619555 
2.84625 3.8046560836 1.4231156343 4.5573584004 
2.85375 3.909877297 1.3795318296 4.786229105 
2.86125 3.7758174919 1.4345779942 3.8391127289 
2.86875 3.9575875602 1.4389989856 4.2359937026 
2.87625 3.9112433078 1.5073454992 4.4130146532 
2.88375 3.8410760955 1.3745555547 3.9609834166 
2.89125 3.9283975992 1.4917456595 4.0061345697 
2.89875 4.0400990855 1.4093678988 4.0670997478 
2.90625 3.9900910321 1.4044244948 4.3711261548 
2.91375 3.9273469337 1.6189088881 4.4618145103 
2.92125 3.9662874843 1.4176097025 4.2459363535 
2.92875 3.9198758156 1.4195018469 4.5762362279 
2.93625 3.9583551472 1.4986779624 4.2981811061 
2.94375 3.9317463282 1.4933137156 3.8961912397 
2.95125 3.9503787474 1.5690245774 4.2546003605 
2.95875 3.9214180194 1.4647724945 4.1703461541 
2.96625 3.9512744422 1.6133627839 3.7905111814 
2.97375 4.0048523491 1.4766388525 4.1128604677 
2.98125 3.814547748 1.519957352 3.8914437865 
2.98875 4.0387560273 1.551848104 3.8412081781 
2.99625 4.0023382801 1.600872912 4.0818983254 
