# Radial distribution function (400 data points):
# "Pair separation distance" 0-0 0-1 1-1
0.00375 0.0 0.0 0.0 
0.01125 0.0 0.0 0.0 
0.01875 0.0 0.0 0.0 
0.02625 0.0 0.0 0.0 
0.03375 0.0 0.0 0.0 
0.04125 0.0 0.0 0.0 
0.04875 0.0 0.0 0.0 
0.05625 0.0 0.0 0.0 
0.06375 0.0 0.0 0.0 
0.07125 0.0 0.0 0.0 
0.07875 0.0 0.0 0.0 
0.08625 0.0 0.0 0.0 
0.09375 0.0 0.0 0.0 
0.10125 0.0 0.0 0.0 
0.10875 0.0 0.0 0.0 
0.11625 0.0 0.0 0.0 
0.12375 0.0 0.0 0.0 
0.13125 0.0 0.0 0.0 
0.13875 0.0 0.0 0.0 
0.14625 0.0 0.0 0.0 
0.15375 0.0 0.0 0.0 
0.16125 0.0 0.0 0.0 
0.16875 0.0 0.0 0.0 
0.17625 0.0 0.0 0.0 
0.18375 0.0 0.0 0.0 
0.19125 0.0 0.0 0.0 
0.19875 0.0 0.0 0.0 
0.20625 0.0 0.0 0.0 
0.21375 0.0 0.0 0.0 
0.22125 0.0 0.0 0.0 
0.22875 0.0 0.0 0.0 
0.23625 0.0 0.0 0.0 
0.24375 0.0 0.0 0.0 
0.25125 0.0 0.0 0.0 
0.25875 0.0 0.0 0.0 
0.26625 0.0 0.0 0.0 
0.27375 0.0 0.0 0.0 
0.28125 0.0 0.0 0.0 
0.28875 0.0 0.0 0.0 
0.29625 0.0 0.0 0.0 
0.30375 0.0 0.0 0.0 
0.31125 0.0 0.0 0.0 
0.31875 0.0 0.0 0.0 
0.32625 0.0 0.0 0.0 
0.33375 0.0 0.0 0.0 
0.34125 0.0 0.0 0.0 
0.34875 0.0 0.0 0.0 
0.35625 0.0 0.0 0.0 
0.36375 0.0 0.0 0.0 
0.37125 0.0 0.0 0.0 
0.37875 0.0 0.0 0.0 
0.38625 0.0 0.0 0.0 
0.39375 0.0 0.0 0.0 
0.40125 0.0 0.0 0.0 
0.40875 0.0 0.0 0.0 
0.41625 0.0 0.0 0.0 
0.42375 0.0 0.0 0.0 
0.43125 0.0 0.0 0.0 
0.43875 0.0 0.0 0.0 
0.44625 0.0 0.0 0.0 
0.45375 0.0 0.0 0.0 
0.46125 0.0 0.0 0.0 
0.46875 0.0 0.0 0.0 
0.47625 0.0 0.0 0.0 
0.48375 0.0 0.0 0.0 
0.49125 0.0 0.0 0.0 
0.49875 0.0 0.0 0.0 
0.50625 0.0 0.0 0.0 
0.51375 0.0 0.0 0.0 
0.52125 0.0 0.0 0.0 
0.52875 0.0 0.0 0.0 
0.53625 0.0 0.0 0.0 
0.54375 0.0 0.0 0.0 
0.55125 0.0 0.0 0.0 
0.55875 0.0 0.0 0.0 
0.56625 0.0 0.0 0.0 
0.57375 0.0 0.0 0.0 
0.58125 0.0 0.0 0.0 
0.58875 0.0 0.0 0.0 
0.59625 0.0 0.0 0.0 
0.60375 0.0 0.0 0.0 
0.61125 0.0 0.0 0.0 
0.61875 0.0 0.0 0.0 
0.62625 0.0 0.0 0.0 
0.63375 0.0 0.0 0.0 
0.64125 0.0 0.0 0.0 
0.64875 0.0 0.0 0.0 
0.65625 0.0 0.0 0.0 
0.66375 0.0 0.0 0.0 
0.67125 0.0 0.0 0.0 
0.67875 0.0 0.0 0.0 
0.68625 0.0 0.0 0.0 
0.69375 0.0 0.0 0.0 
0.70125 0.0 0.0 0.0 
0.70875 0.0 0.0 0.0 
0.71625 0.0 0.0 0.0 
0.72375 0.0 0.0 0.0 
0.73125 0.0 0.0 0.0 
0.73875 0.0 0.0 0.0 
0.74625 0.0 0.0 0.0 
0.75375 0.0 0.0 0.0 
0.76125 0.0 0.0 0.0 
0.76875 0.0 0.0 0.0 
0.77625 0.0 0.0 0.0 
0.78375 0.0 0.0 0.0 
0.79125 0.0 0.0 0.0 
0.79875 0.0 0.0 0.0 
0.80625 0.0 0.0 0.0 
0.81375 0.0 0.0 0.0 
0.82125 0.0 0.0 0.0 
0.82875 0.0 0.0 0.0 
0.83625 0.0 0.0 0.0 
0.84375 0.0 0.0 0.0 
0.85125 0.0 0.0 0.0 
0.85875 0.0 0.0 0.0 
0.86625 0.0 0.0 0.0 
0.87375 0.0 0.0 0.0 
0.88125 0.0120031388 0.0 0.0 
0.88875 0.0 0.0 0.0 
0.89625 0.0348141737 0.0 0.0 
0.90375 0.0456516613 0.0 0.0 
0.91125 0.1683873387 0.0 0.0 
0.91875 0.2098225657 0.0 0.0 
0.92625 0.5323937807 0.0 0.0 
0.93375 0.8125418453 0.0 0.0 
0.94125 1.2415535024 0.0 0.0 
0.94875 1.8433587772 0.0 0.0 
0.95625 2.74222361 0.0 0.0 
0.96375 3.3721276933 0.0 0.0 
0.97125 4.9112028837 0.0 0.0 
0.97875 6.1888099845 0.0 0.0 
0.98625 7.4558846419 0.0 0.0 
0.99375 8.3065758613 0.0 0.0 
1.00125 9.7261352385 0.0 0.0 
1.00875 10.9195028923 0.0160311494 0.0 
1.01625 11.6254154774 0.0315908029 0.0 
1.02375 12.86098493 0.0466944474 0.0 
1.03125 13.7527267617 0.16873167 0.0 
1.03875 13.5634884043 0.1814224564 0.0 
1.04625 14.4767751118 0.193733314 0.0 
1.05375 14.624022627 0.4113531049 0.0 
1.06125 14.1945823475 0.434528031 0.0 
1.06875 13.8573235245 0.6283945297 0.0 
1.07625 14.0109116012 0.7182503506 0.0 
1.08375 13.6033719108 0.8194563301 0.0972236324 
1.09125 12.4228834892 1.0000147232 0.0958918228 
1.09875 12.4546237812 1.3242206934 0.1891743848 
1.10625 12.1949158919 1.6529024038 0.0933090067 
1.11375 11.8208132354 1.7096217489 0.2761696671 
1.12125 11.2998881298 1.4402908591 0.8174623795 
1.12875 11.4575125485 1.9205600536 1.9717749884 
1.13625 11.0829332826 1.8068430319 2.9187464362 
1.14375 9.8549430312 2.2695584638 4.4518262175 
1.15125 9.248698856 1.7477579207 4.6524823523 
1.15875 8.9905128534 1.8952973042 6.8036313485 
1.16625 8.5942589398 1.9669476202 7.8078225655 
1.17375 8.0923414604 2.0129361074 10.3607005529 
1.18125 7.4554661191 1.9290016505 12.5209743493 
1.18875 7.2561440026 1.8931939352 14.6260775362 
1.19625 6.7290027481 2.0519224256 18.9118850227 
1.20375 6.3301908168 1.8688215775 18.1253177098 
1.21125 6.3346394184 2.1348433747 18.0572168778 
1.21875 6.024712309 1.8340855961 19.4500933579 
1.22625 5.5172964585 1.6489897281 23.5414980912 
1.23375 5.2666989067 1.62900222 23.031090597 
1.24125 4.7313232112 1.567023928 23.8653509036 
1.24875 4.6387943723 1.7260977771 27.6071032343 
1.25625 4.7430512146 1.2817460941 21.3452071318 
1.26375 4.1499388481 1.3585067045 24.3816203279 
1.27125 4.1991742449 1.3021477827 24.2360994278 
1.27875 3.842227415 1.3367987075 23.2543118439 
1.28625 4.0510965389 1.3606951518 22.8458743963 
1.29375 3.508603691 1.2475035346 19.9210720677 
1.30125 3.5453481453 1.4643829296 21.7152573898 
1.30875 3.3089081323 1.0762114854 20.2003943419 
1.31625 3.1959811552 1.1016450194 20.7617715198 
1.32375 3.2290241371 1.1729815852 19.5496930873 
1.33125 2.9718286545 1.0861639242 16.0439298289 
1.33875 2.8762109548 1.0194165409 16.6292323242 
1.34625 2.6025175647 0.9720866003 15.184352728 
1.35375 2.7670471398 0.9435427288 13.2095982026 
1.36125 2.6662120922 1.0476201287 14.4818076609 
1.36875 2.5624392995 0.9926342529 13.1654648279 
1.37625 2.6576251767 0.8009786991 12.2386100152 
1.38375 2.5996844376 1.0308673776 12.9412193936 
1.39125 2.5476512329 0.8512237343 10.9732010099 
1.39875 2.5156394187 0.8337820043 9.5718174094 
1.40625 2.3050400046 0.9074032738 9.874197443 
1.41375 2.2993038853 0.6529463366 8.8555846901 
1.42125 2.2474120563 0.7914397693 9.4407458196 
1.42875 2.0731850914 0.855074688 9.9012854061 
1.43625 2.273016682 0.640556888 7.9713746066 
1.44375 2.0795228178 0.7278329862 7.7244210475 
1.45125 2.1333264327 0.7358205798 7.1568233231 
1.45875 2.1771552659 0.7359398082 8.6396267065 
1.46625 2.0812293823 0.7360180993 7.0642561898 
1.47375 1.9656790671 0.6459272917 7.7285951532 
1.48125 2.1922382721 0.6988821623 7.4943959536 
1.48875 2.2879690246 0.7507398362 6.9553837767 
1.49625 2.2192880834 0.5392078927 6.8348243694 
1.50375 2.1271260634 0.8079781171 6.4133263044 
1.51125 2.0734134026 0.6642677781 6.2498312455 
1.51875 2.0004488109 0.5728557959 6.2377631104 
1.52625 2.1008874362 0.7072987702 6.5687747171 
1.53375 2.02095139 0.7766793577 6.0678074822 
1.54125 2.1151318126 0.6455272415 6.2011819052 
1.54875 2.0208569136 0.5916835867 5.7128070442 
1.55625 2.15923047 0.5725232307 5.2335358851 
1.56375 2.0928233629 0.5937290324 5.0433612188 
1.57125 2.2352495137 0.6805806163 4.764064314 
1.57875 2.2028425627 0.7068544047 4.0316880859 
1.58625 2.226517439 0.7390852397 5.4912736671 
1.59375 2.45883459 0.5780096238 4.8552808397 
1.60125 2.3413292793 0.5344338572 4.3200070126 
1.60875 2.5464620936 0.5231592915 5.1622585512 
1.61625 2.2766618595 0.7493714585 4.6773268532 
1.62375 2.5420582526 0.5754102651 4.6342181565 
1.63125 2.5082274487 0.5272181998 4.9350075674 
1.63875 2.6901174608 0.6256692546 4.8899393198 
1.64625 2.6175081222 0.7704623119 4.9297549489 
1.65375 2.9448894219 0.6620888544 4.3841018737 
1.66125 2.7292061643 0.6147469331 3.3101757934 
1.66875 2.8051522556 0.679529723 4.0596042935 
1.67625 2.7734713216 0.5747654384 4.1046380294 
1.68375 2.8770527577 0.6156892901 4.108431338 
1.69125 2.981950785 0.6786789628 3.1139387705 
1.69875 3.2076377199 0.6500877051 3.996626152 
1.70625 3.2371351824 0.7172287645 3.8831213575 
1.71375 3.2977340396 0.622094198 3.7325651883 
1.72125 3.2596192212 0.732313102 4.1240790484 
1.72875 3.3530428627 0.7478065361 2.8274728884 
1.73625 3.5127629774 0.6006639158 2.9924968058 
1.74375 3.7125365733 0.745726277 3.7554560713 
1.75125 3.6564898758 0.7446716705 4.1329277711 
1.75875 3.9116638073 0.7330602628 4.0239207232 
1.76625 3.7948483651 0.6640984639 3.6969890864 
1.77375 3.9109672167 0.648124302 3.3391364039 
1.78125 3.8487225785 0.7866377637 3.0951368217 
1.78875 4.0408454433 0.7698582613 3.3904353891 
1.79625 4.0938447156 0.6471568217 2.6543541513 
1.80375 4.2776200048 0.7922049105 3.4044755329 
1.81125 4.301938188 0.8154929062 3.7940310209 
1.81875 4.3848896952 0.8975497223 3.1759451713 
1.82625 4.4607463321 0.743457722 3.6634857487 
1.83375 4.6793689772 0.8732234762 3.7354559815 
1.84125 4.3031246837 0.8709359384 3.738769194 
1.84875 4.5355607456 0.8591110252 3.5080366861 
1.85625 4.5639120512 0.8853231884 4.2751167866 
1.86375 4.8519714359 0.9486570258 2.9586828031 
1.87125 4.7066701228 0.8944802948 3.4894049002 
1.87875 4.7642405102 0.9012178903 3.2674925561 
1.88625 4.9727066338 0.9995192733 3.915547979 
1.89375 4.8684153867 0.8779003187 3.9482770808 
1.90125 4.6985631 0.9928357813 4.0751395932 
1.90875 4.8126673561 0.9760938843 3.8551230935 
1.91625 4.9451534303 1.061760997 3.9493955078 
1.92375 5.0577994053 1.044682422 4.0420834639 
1.93125 5.0260897512 1.0059677399 3.7658183653 
1.93875 5.0492784216 1.1327396459 2.8557191073 
1.94625 5.0571955362 1.1670924492 3.7984337276 
1.95375 4.9549495842 1.141054802 3.5000894488 
1.96125 5.0213329247 1.1323445024 3.7999276187 
1.96875 4.9590981258 1.2331607973 4.0067204062 
1.97625 5.0265474667 1.1444584569 3.7424626912 
1.98375 4.9743988719 1.0985130842 4.3235816862 
1.99125 5.0521941631 1.1972219067 4.3774711641 
1.99875 5.0540169897 1.1637539121 3.6586789657 
2.00625 4.9885094815 1.2563910834 3.8583364885 
2.01375 5.0295764877 1.1424586446 3.8859684884 
2.02125 4.8987715686 1.2777420021 4.3323439757 
2.02875 4.8965910862 1.169225323 4.4390927516 
2.03625 4.8538423326 1.3888194076 4.5441541523 
2.04375 5.0035159573 1.2497631294 4.3741709528 
2.05125 4.9138237853 1.2832878393 3.6637673962 
2.05875 4.8956815861 1.3201405535 3.8526550846 
2.06625 4.9912086398 1.5169038506 4.7876083748 
2.07375 4.933495025 1.3845650032 4.6999343532 
2.08125 4.7904013012 1.2729211005 5.0615560919 
2.08875 4.6962369797 1.5030949569 4.580326672 
2.09625 4.7093619253 1.4552352616 4.6255692244 
2.10375 4.8274924548 1.4190763706 5.4182915968 
2.11125 4.5841252616 1.4016924984 5.1236801509 
2.11875 4.6846259418 1.522607257 5.1383452539 
2.12625 4.482560342 1.4758015477 4.9506105709 
2.13375 4.4347245005 1.583683934 4.9409505544 
2.14125 4.4647058167 1.3733646536 4.6822484044 
2.14875 4.4457066527 1.5051200316 5.218456072 
2.15625 4.3085730549 1.4630903615 5.4523799083 
2.16375 4.390254589 1.5121988029 5.195134597 
2.17125 4.4291830772 1.5917376684 5.5710818393 
2.17875 4.3417940765 1.5223771406 5.6530708719 
2.18625 3.8888464133 1.4675812066 5.2798793643 
2.19375 4.0308171518 1.5558644292 6.0505838914 
2.20125 3.9341404706 1.4745812571 5.8444590462 
2.20875 3.7488768059 1.6518369005 5.7112093643 
2.21625 3.9133298677 1.4912216021 6.1375891329 
2.22375 3.8964028388 1.603236872 5.6113290519 
2.23125 3.6830124964 1.4581321716 6.1012182102 
2.23875 3.5988610058 1.5004553573 5.8097891818 
2.24625 3.5970384166 1.432256822 5.6805310073 
2.25375 3.5107410559 1.6058015807 6.6319605283 
2.26125 3.5421826463 1.4994571418 6.6327051018 
2.26875 3.4988808238 1.5085754276 5.812452383 
2.27625 3.3751123324 1.401049429 6.6557718944 
2.28375 3.3637043462 1.5044623451 6.4588664086 
2.29125 3.341719429 1.5008439678 6.0686299566 
2.29875 3.26173557 1.5929406272 6.245191645 
2.30625 3.2247821526 1.5887309898 6.097291907 
2.31375 3.1168470817 1.4870320714 6.3137919095 
2.32125 3.1382589765 1.4078049846 6.3366361996 
2.32875 3.0991694606 1.6363889776 5.9800391312 
2.33625 3.0912582002 1.4794488486 6.1299991686 
2.34375 3.06811189 1.4076320867 6.6936766317 
2.35125 3.0603729335 1.5816142213 6.6716973029 
2.35875 2.8633443416 1.310620896 6.1983279063 
2.36625 3.0216956555 1.4013841972 6.0775206558 
2.37375 2.9149512476 1.5199270481 5.654128619 
2.38125 2.7881183913 1.5218753542 5.9609182116 
2.38875 2.9127639749 1.4837453058 6.5439171578 
2.39625 2.7663090175 1.4489030505 6.4433570953 
2.40375 2.7974726846 1.3749400781 5.8300847255 
2.41125 2.8554515545 1.3916518525 6.245598838 
2.41875 2.7628829653 1.3941883476 6.9291160873 
2.42625 2.8170867035 1.5075135142 5.935834462 
2.43375 2.7242095022 1.5725975419 7.056033104 
2.44125 2.7638050348 1.3220748193 5.958916939 
2.44875 2.9085749423 1.4173667577 6.8175068999 
2.45625 2.7533278973 1.3654621376 5.5645961964 
2.46375 2.9070514111 1.4377849359 5.9446360341 
2.47125 2.8879065941 1.4103729878 5.7403249069 
2.47875 2.8219081041 1.3912310384 6.0959283668 
2.48625 2.856181234 1.3089573976 6.0592060181 
2.49375 2.8690062104 1.3115885235 5.5453962775 
2.50125 2.8786462697 1.306342193 5.6947132726 
2.50875 2.8777523316 1.220786083 5.9328648494 
2.51625 2.8635674466 1.3268844017 5.6270204528 
2.52375 2.9826816644 1.3292544758 5.9163349501 
2.53125 2.9315706158 1.3112049714 5.8456827465 
2.53875 2.9301844592 1.3135933046 5.0316444884 
2.54625 2.9690216625 1.280705107 5.7770116416 
2.55375 2.9944886008 1.3107141035 5.7606385123 
2.56125 3.0267117212 1.3005623957 5.9010221128 
2.56875 2.980809191 1.2608399066 5.1916937331 
2.57625 3.0210631422 1.2731723563 4.8346139475 
2.58375 3.0831417565 1.3317692257 5.490798991 
2.59125 3.0403311544 1.4333981356 5.0849191488 
2.59875 3.1194271042 1.3599183869 5.2754205275 
2.60625 3.2757872105 1.3424963714 5.3964031246 
2.61375 3.312958541 1.3562935708 4.9643210099 
2.62125 3.2451867971 1.3081820105 5.3514378433 
2.62875 3.2482790036 1.3078100058 4.9408778739 
2.63625 3.3679756474 1.3191573274 4.994958706 
2.64375 3.4462529981 1.3023475436 4.7215933346 
2.65125 3.4838073288 1.3367635277 5.18227944 
2.65875 3.3995648292 1.2807708846 4.5230827635 
2.66625 3.5325740671 1.2850492152 4.8349976722 
2.67375 3.6014509364 1.3348969573 4.5044215278 
2.68125 3.5294653851 1.3387850882 4.3521861003 
2.68875 3.5381699279 1.3899953288 4.4069170084 
2.69625 3.5723682771 1.3418820539 4.7751254358 
2.70375 3.5551271203 1.3522999681 4.7330498884 
2.71125 3.5608477475 1.4557881817 4.1787334545 
2.71875 3.7039134579 1.405835045 4.7118647113 
2.72625 3.7023752186 1.2817843745 4.0253296966 
2.73375 3.7469489157 1.3467936391 4.156069836 
2.74125 3.6346765446 1.4610035155 4.2853208612 
2.74875 3.7703208005 1.4292920967 4.2619676719 
2.75625 3.753511093 1.4064930011 4.3740858675 
2.76375 3.8368998898 1.3860556774 4.1560313533 
2.77125 3.8647115943 1.3594462894 3.6428912287 
2.77875 3.7714427403 1.4429631675 3.9929727476 
2.78625 3.7715790918 1.4688265279 3.942086647 
2.79375 3.9316983756 1.3919788751 4.1696664501 
2.80125 3.8845387891 1.5508456848 4.394755734 
2.80875 3.9004507967 1.5032864362 4.0239276547 
2.81625 3.8667753388 1.5261421816 4.0025238348 
2.82375 3.9596624195 1.4934953472 3.5373335004 
2.83125 3.9235942905 1.5201892816 3.5471083238 
2.83875 4.035916112 1.489899671 3.5283901177 
2.84625 3.9467851894 1.4377574619 3.8199242369 
2.85375 3.978720001 1.5744330729 3.57552549 
2.86125 3.8884324278 1.5343082567 3.9334084398 
2.86875 3.9009752774 1.3934886281 3.6631109313 
2.87625 3.9313632023 1.516374901 4.0029142379 
2.88375 3.8649822665 1.6261957724 3.940925581 
2.89125 3.832690104 1.5377595733 3.5516782023 
2.89875 3.8616949661 1.564757469 3.2615292158 
2.90625 3.9665012875 1.4813679336 3.8395820755 
2.91375 3.798979887 1.5525310868 3.3625363884 
2.92125 3.8199145785 1.6573535586 3.4791043559 
2.92875 3.8438455382 1.5499815377 3.5544975387 
2.93625 3.7334126182 1.7634509065 3.7217896278 
2.94375 3.9015859624 1.6772947096 3.610607467 
2.95125 3.8143555237 1.661288822 3.6578320963 
2.95875 3.7258286368 1.5802028285 3.5610467044 
2.96625 3.7578649031 1.6185729083 3.7377353758 
2.97375 3.7231219608 1.7266347032 3.7705569801 
2.98125 3.7537071266 1.6280223211 3.250538366 
2.98875 3.6910621847 1.6947370619 4.1546625171 
2.99625 3.7079104563 1.7643984438 3.9430943595 
