# Radial distribution function (400 data points):
# "Pair separation distance" 0-0 0-1 1-1
0.00375 0.0 0.0 0.0 
0.01125 0.0 0.0 0.0 
0.01875 0.0 0.0 0.0 
0.02625 0.0 0.0 0.0 
0.03375 0.0 0.0 0.0 
0.04125 0.0 0.0 0.0 
0.04875 0.0 0.0 0.0 
0.05625 0.0 0.0 0.0 
0.06375 0.0 0.0 0.0 
0.07125 0.0 0.0 0.0 
0.07875 0.0 0.0 0.0 
0.08625 0.0 0.0 0.0 
0.09375 0.0 0.0 0.0 
0.10125 0.0 0.0 0.0 
0.10875 0.0 0.0 0.0 
0.11625 0.0 0.0 0.0 
0.12375 0.0 0.0 0.0 
0.13125 0.0 0.0 0.0 
0.13875 0.0 0.0 0.0 
0.14625 0.0 0.0 0.0 
0.15375 0.0 0.0 0.0 
0.16125 0.0 0.0 0.0 
0.16875 0.0 0.0 0.0 
0.17625 0.0 0.0 0.0 
0.18375 0.0 0.0 0.0 
0.19125 0.0 0.0 0.0 
0.19875 0.0 0.0 0.0 
0.20625 0.0 0.0 0.0 
0.21375 0.0 0.0 0.0 
0.22125 0.0 0.0 0.0 
0.22875 0.0 0.0 0.0 
0.23625 0.0 0.0 0.0 
0.24375 0.0 0.0 0.0 
0.25125 0.0 0.0 0.0 
0.25875 0.0 0.0 0.0 
0.26625 0.0 0.0 0.0 
0.27375 0.0 0.0 0.0 
0.28125 0.0 0.0 0.0 
0.28875 0.0 0.0 0.0 
0.29625 0.0 0.0 0.0 
0.30375 0.0 0.0 0.0 
0.31125 0.0 0.0 0.0 
0.31875 0.0 0.0 0.0 
0.32625 0.0 0.0 0.0 
0.33375 0.0 0.0 0.0 
0.34125 0.0 0.0 0.0 
0.34875 0.0 0.0 0.0 
0.35625 0.0 0.0 0.0 
0.36375 0.0 0.0 0.0 
0.37125 0.0 0.0 0.0 
0.37875 0.0 0.0 0.0 
0.38625 0.0 0.0 0.0 
0.39375 0.0 0.0 0.0 
0.40125 0.0 0.0 0.0 
0.40875 0.0 0.0 0.0 
0.41625 0.0 0.0 0.0 
0.42375 0.0 0.0 0.0 
0.43125 0.0 0.0 0.0 
0.43875 0.0 0.0 0.0 
0.44625 0.0 0.0 0.0 
0.45375 0.0 0.0 0.0 
0.46125 0.0 0.0 0.0 
0.46875 0.0 0.0 0.0 
0.47625 0.0 0.0 0.0 
0.48375 0.0 0.0 0.0 
0.49125 0.0 0.0 0.0 
0.49875 0.0 0.0 0.0 
0.50625 0.0 0.0 0.0 
0.51375 0.0 0.0 0.0 
0.52125 0.0 0.0 0.0 
0.52875 0.0 0.0 0.0 
0.53625 0.0 0.0 0.0 
0.54375 0.0 0.0 0.0 
0.55125 0.0 0.0 0.0 
0.55875 0.0 0.0 0.0 
0.56625 0.0 0.0 0.0 
0.57375 0.0 0.0 0.0 
0.58125 0.0 0.0 0.0 
0.58875 0.0 0.0 0.0 
0.59625 0.0 0.0 0.0 
0.60375 0.0 0.0 0.0 
0.61125 0.0 0.0 0.0 
0.61875 0.0 0.0 0.0 
0.62625 0.0 0.0 0.0 
0.63375 0.0 0.0 0.0 
0.64125 0.0 0.0 0.0 
0.64875 0.0 0.0 0.0 
0.65625 0.0 0.0 0.0 
0.66375 0.0 0.0 0.0 
0.67125 0.0 0.0 0.0 
0.67875 0.0 0.0 0.0 
0.68625 0.0 0.0 0.0 
0.69375 0.0 0.0 0.0 
0.70125 0.0 0.0 0.0 
0.70875 0.0 0.0 0.0 
0.71625 0.0 0.0 0.0 
0.72375 0.0 0.0 0.0 
0.73125 0.0 0.0 0.0 
0.73875 0.0 0.0 0.0 
0.74625 0.0 0.0 0.0 
0.75375 0.0 0.0 0.0 
0.76125 0.0 0.0 0.0 
0.76875 0.0 0.0 0.0 
0.77625 0.0 0.0 0.0 
0.78375 0.0 0.0 0.0 
0.79125 0.0 0.0 0.0 
0.79875 0.0 0.0 0.0 
0.80625 0.0 0.0 0.0 
0.81375 0.0 0.0 0.0 
0.82125 0.0 0.0 0.0 
0.82875 0.0 0.0 0.0 
0.83625 0.0 0.0 0.0 
0.84375 0.0 0.0 0.0 
0.85125 0.0 0.0 0.0 
0.85875 0.0 0.0 0.0 
0.86625 0.0 0.0 0.0 
0.87375 0.0 0.0 0.0 
0.88125 0.0 0.0 0.0 
0.88875 0.0 0.0 0.0 
0.89625 0.0 0.0 0.0 
0.90375 0.1233951444 0.0 0.0 
0.91125 0.1618297585 0.0 0.0 
0.91875 0.3183968775 0.0 0.0 
0.92625 0.3132615562 0.0 0.0 
0.93375 1.0788731768 0.0 0.0 
0.94125 1.3651053019 0.0 0.0 
0.94875 2.3886364949 0.0 0.0 
0.95625 3.6371901044 0.0 0.0 
0.96375 4.340364483 0.0 0.0 
0.97125 6.730905781 0.0 0.0 
0.97875 8.4517627257 0.0 0.0 
0.98625 12.2610639213 0.0 0.0 
0.99375 14.2198778528 0.0 0.0 
1.00125 16.3534226833 0.0 0.0 
1.00875 17.7949018933 0.0 0.0 
1.01625 21.6318909936 0.0 0.0 
1.02375 21.7969169587 0.0 0.0 
1.03125 24.3556917861 0.0552820501 0.0 
1.03875 25.748828707 0.1089732775 0.0 
1.04625 25.8413512106 0.107416543 0.0 
1.05375 29.6197652371 0.0 0.0 
1.06125 30.1272914342 0.3654052674 0.0 
1.06875 30.2059385621 0.3602947881 0.0 
1.07625 29.3513685002 0.7613373746 0.0 
1.08375 30.5483126869 0.6507248255 0.0 
1.09125 31.5404227053 0.6418109271 0.0 
1.09875 31.1113079727 0.8278724617 0.3408886607 
1.10625 29.7026336518 0.9608060793 0.0 
1.11375 27.8956238515 1.3270733677 0.0 
1.12125 28.6727349057 1.1690886786 0.32734483 
1.12875 29.294956896 1.568901832 0.3230092007 
1.13625 25.1364351473 1.0928884847 1.2750365654 
1.14375 25.681013463 1.6179038482 1.8875544895 
1.15125 26.7162634463 2.1735479986 4.9681097111 
1.15875 24.7452137714 1.9265737719 7.0495085744 
1.16625 25.3171598683 2.0315477065 9.3796989853 
1.17375 23.4583959664 1.5362567005 10.4550803229 
1.18125 23.3299927548 2.0645478625 8.5531268588 
1.18875 21.5863531054 1.4977315481 15.7261812546 
1.19625 20.0722805937 2.0541807625 18.6930449389 
1.20375 20.1475248507 2.109809852 20.1649133935 
1.21125 19.2576352627 2.123835518 24.6845788504 
1.21875 17.6642960489 1.9394537595 24.6587692284 
1.22625 16.1530609407 1.6812141574 26.8212305108 
1.23375 17.3698069803 1.7767083379 30.5516585928 
1.24125 15.568769768 1.7171437244 29.6493483081 
1.24875 15.1022494311 1.771982904 29.5581829094 
1.25625 14.6457267672 1.6763822426 29.4670745313 
1.26375 14.3041227942 1.6933557131 25.5107719392 
1.27125 13.449836903 1.7461921172 32.3409331714 
1.27875 13.6623383268 1.7257690518 27.4325372193 
1.28625 13.2801099642 1.7057021972 27.8598025548 
1.29375 13.3272967009 1.3347367931 30.9799434605 
1.30125 12.2812872858 1.4235579366 27.9503448527 
1.30875 11.5721315661 1.2356682859 28.5919911703 
1.31625 12.177485726 1.2894949057 20.903391103 
1.32375 11.5414217687 1.5768802998 21.6066151716 
1.33125 11.0705293002 0.9952102539 23.2215725903 
1.33875 10.3657554003 1.3777269836 23.6509798849 
1.34625 10.1764362766 1.2651034169 23.8423336263 
1.35375 10.0823221122 1.4115250957 20.6595945825 
1.36125 10.0803087955 1.1421932628 17.5453576202 
1.36875 10.2391212558 1.1924720902 16.694609263 
1.37625 8.8862374925 0.9622323033 15.861313129 
1.38375 9.1937117853 1.013238274 18.6988517847 
1.39125 9.094855627 1.5187020369 18.7104090952 
1.39875 8.6885080157 0.8714264462 11.358592989 
1.40625 9.0547619574 1.5162054497 14.9836773854 
1.41375 8.5051150212 1.3530864807 12.5601723313 
1.42125 8.1328511685 0.9604747546 12.4279612182 
1.42875 8.1464358829 1.0656196433 9.4753746658 
1.43625 8.4524423324 0.8550158429 9.9751848335 
1.44375 7.7523975228 1.0153867857 9.279507014 
1.45125 6.5878021623 0.8932613101 8.5976401101 
1.45875 7.81481017 1.160380904 10.250031319 
1.46625 7.7506943044 1.2032327852 7.8483593032 
1.47375 6.8676843406 1.1910173293 9.6634815131 
1.48125 7.5026442532 0.589493477 6.7523798279 
1.48875 7.4272414313 0.8223017299 8.1699655744 
1.49625 7.2029090341 1.0504242341 6.4338484341 
1.50375 7.1460956394 0.9099757961 6.1878354134 
1.51125 6.5899242694 1.0554175588 7.7483093948 
1.51875 6.9765060922 0.9940428827 6.9583001786 
1.52625 7.2253922163 0.9590590467 6.8900820985 
1.53375 6.6264952737 0.8747259386 6.4729719457 
1.54125 6.8874404021 0.8662335208 5.7171412373 
1.54875 7.0169788456 1.0294370163 4.6324665732 
1.55625 6.7275680289 0.7282419 4.0781546402 
1.56375 7.0753459562 0.9616975086 6.9001796243 
1.57125 7.2120776253 0.9763520181 5.334215904 
1.57875 6.8471855562 1.0378608028 4.9534265589 
1.58625 6.435449517 0.934608851 3.9253571743 
1.59375 6.8908445869 1.0878540639 3.5644579965 
1.60125 6.2106233395 0.9401101785 5.2967183228 
1.60875 7.2691904851 0.9313650309 4.4523791721 
1.61625 6.9832550381 1.0577766609 3.465906506 
1.62375 7.1227653358 0.9365353348 5.6192120091 
1.63125 7.2467955146 0.7290983292 4.0210877551 
1.63875 6.5175967195 0.744332063 5.8233037868 
1.64625 6.7434555856 0.9111102675 3.6444410701 
1.65375 7.1246488397 0.8168778411 5.1162348996 
1.66125 7.2308882252 0.9799436063 5.3683867127 
1.66875 7.3228701202 0.654473977 4.4335333924 
1.67625 7.3650946905 0.7950954495 3.808088732 
1.68375 7.7736294083 1.0783540795 1.8871196391 
1.69125 7.7400722122 1.3771221045 5.4673802956 
1.69875 7.0315848629 0.9371565918 3.1374372857 
1.70625 8.0084666485 0.9895187538 4.099434837 
1.71375 7.2178800313 1.0409304007 5.3247593574 
1.72125 7.597350064 1.0517227141 4.0282964332 
1.72875 7.2730260335 1.022944929 5.5081650022 
1.73625 7.6449535631 1.0336289256 3.9589938095 
1.74375 8.1649072653 0.7927362602 6.3612251123 
1.75125 7.9965347451 1.2460353798 3.7572759145 
1.75875 7.9827841972 1.2734441457 3.725299292 
1.76625 8.5289606001 1.1307334129 5.0129181305 
1.77375 8.9908873521 1.4388623167 3.9241699548 
1.78125 8.0259183676 1.0376517151 2.7238357521 
1.78875 8.1687498334 1.0657173626 3.85863183 
1.79625 8.7670569385 1.2937135684 5.3570674523 
1.80375 8.5394150887 0.9577155375 4.553666329 
1.81125 7.8544155635 1.2723743595 3.1361339848 
1.81875 9.2014760158 1.3329952838 3.4835610082 
1.82625 9.0353983347 0.9695173798 4.0719729953 
1.83375 9.0315751556 1.2063746682 5.3849767797 
1.84125 9.2257034304 0.8844189379 5.0984150536 
1.84875 9.6522918968 1.2728837074 2.7693821201 
1.85625 9.0382039867 1.0578696144 4.0608543263 
1.86375 9.623279742 0.9647458837 4.6206250218 
1.87125 9.7285849559 1.0241878146 2.4681247336 
1.87875 9.5749242239 1.1492764414 4.5471372246 
1.88625 9.6216827956 1.3053951388 3.9327094056 
1.89375 10.0233719645 1.2950758636 3.7868673987 
1.90125 10.1210318446 1.1384999091 4.3262996544 
1.90875 10.3367231002 1.6136722057 3.3887116319 
1.91625 10.1736273542 1.08872451 4.2588341127 
1.92375 10.5211097048 1.4138592205 4.4480964239 
1.93125 9.3946952745 1.2295070997 4.7446363719 
1.93875 10.0997403562 1.2512952654 6.0218584646 
1.94625 10.4388967756 1.2261490903 3.2593836576 
1.95375 10.5965355729 1.3707727703 4.0969163698 
1.96125 10.6379213406 1.3603089071 5.0285576452 
1.96875 10.2016571554 1.4106369601 4.5656099461 
1.97625 10.0125482524 1.1440454618 3.6880412914 
1.98375 10.4321239358 1.3296262709 2.4052789844 
1.99125 10.5231420684 1.3196291281 4.2554332559 
1.99875 10.8059161548 1.3833254533 4.223557501 
2.00625 10.4832263491 1.5336726446 4.9077524628 
2.01375 11.1343171786 1.333798412 3.9579018096 
2.02125 10.9120485002 1.5685555775 4.6337146419 
2.02875 11.378398567 1.4569900604 4.7994966696 
2.03625 11.1002768454 1.3328434606 3.9701720104 
2.04375 10.6811490754 1.3934556305 4.7293039581 
2.05125 11.0822443867 1.4112296076 4.3035516746 
2.05875 11.239434353 1.4009661649 4.75773658 
2.06625 10.8904495877 1.6799934877 3.8557227586 
2.07375 11.178982883 1.6541926104 5.1676430308 
2.08125 10.9977334112 1.4929927233 4.370396881 
2.08875 10.8726956949 1.6035686108 4.150412875 
2.09625 11.1543586974 1.6857683981 4.3080747951 
2.10375 11.1053317568 1.5940667593 4.2774124709 
2.11125 11.0039599932 1.5827613689 4.0624208468 
2.11875 10.9860633715 1.7680228008 4.5837628168 
2.12625 10.9458520116 1.7555719876 4.9156015653 
2.13375 10.4336874505 1.5237315831 3.9771976915 
2.14125 11.58437487 2.0388060137 4.0391439893 
2.14875 10.5140867417 1.3624655657 3.6544637135 
2.15625 11.2142177091 1.7449958613 4.0716570097 
2.16375 10.8782875265 1.8459363233 4.0434795654 
2.17125 11.1168163836 1.6336731769 4.7139577165 
2.17875 10.1274552658 1.5233646023 3.9879951379 
2.18625 10.3954676669 1.488330141 4.5633924157 
2.19375 9.8149153633 1.5026035078 6.4135515576 
2.20125 10.1364094099 1.9291764147 5.2658022892 
2.20875 10.4464316565 1.6509769213 5.2301020719 
2.21625 10.3484890675 1.8672422442 5.697482745 
2.22375 10.0002626133 1.640668085 4.99333765 
2.23125 9.8319260822 1.5233749575 3.9678603544 
2.23875 9.6790229184 1.6187562568 4.8445386526 
2.24625 9.5812051465 1.9109144385 5.3831857963 
2.25375 9.3918769299 1.9097918757 4.6182239903 
2.26125 9.467653428 1.6441917213 4.7486096565 
2.26875 9.8294047924 1.8160902281 5.7566633645 
2.27625 9.518350081 1.7701018884 4.368520686 
2.28375 9.6040864636 1.7359499007 4.4187815654 
2.29125 9.1253621865 1.5118280621 5.5657670138 
2.29875 9.3329322824 1.5909852205 5.4516276786 
2.30625 9.0702074257 1.6469753386 5.2614782629 
2.31375 8.9048186747 1.5923874128 4.5355586308 
2.32125 8.8536033635 1.6912252904 3.2842504026 
2.32875 9.2550850728 1.983896248 4.7808647288 
2.33625 8.438677346 1.9173216581 4.9010188452 
2.34375 8.9107147221 1.7659360851 5.1693765401 
2.35125 8.7810366661 1.9567431187 5.6575398866 
2.35875 8.4414860677 1.9337524415 5.1038384111 
2.36625 8.8500623759 1.7535123589 4.7775336724 
2.37375 8.6511337118 1.7320153985 4.0170236653 
2.38125 8.2234688167 2.0632730659 4.4998015607 
2.38875 8.6959026113 1.7927571734 4.5437121464 
2.39625 8.1851951273 1.5767763308 4.2286274327 
2.40375 8.2214116011 2.0350028716 6.6951594474 
2.41125 8.2223507211 1.9111331701 5.5210513802 
2.41875 8.1771808983 1.9595947904 5.3461765564 
2.42625 8.0411003012 1.727780778 3.8450612689 
2.43375 7.9405702407 1.895811145 5.2109992205 
2.44125 8.1962553698 1.7953970669 5.3861912007 
2.44875 7.9332281585 2.1275730178 5.0787226876 
2.45625 7.5340457412 1.559152112 3.6834968646 
2.46375 8.0638394173 1.6755850265 5.8306484736 
2.47125 7.7014103902 1.6654299969 4.3801771595 
2.47875 7.9009259268 1.923287678 5.1574729277 
2.48625 7.9239829289 1.8165921084 4.2609071442 
2.49375 7.5684668095 1.8434970012 5.0956147881 
2.50125 7.5016674221 1.982813669 4.6704189265 
2.50875 7.8678906969 2.045704959 4.8386994008 
2.51625 7.8741182489 1.6621075077 4.2249101453 
2.52375 7.8748583945 1.7353170876 5.7505454552 
2.53125 7.7705853264 1.8902132322 5.1384437381 
2.53875 7.5892195213 1.7969666415 4.6611672781 
2.54625 7.9435692452 1.8589402914 4.0624646368 
2.55375 7.4230577319 1.7759189126 4.4172602395 
2.56125 7.4667085494 1.9895859201 3.8268161616 
2.56875 7.5606371438 1.7106896164 4.6152980275 
2.57625 7.8355695331 1.7007437746 4.4644524084 
2.58375 7.6894981871 1.5147506246 4.5002184253 
2.59125 7.875202384 1.8737377972 5.0258200729 
2.59875 7.6557059221 1.8716435043 5.6671624248 
2.60625 7.6710582812 1.8002999448 5.1498964767 
2.61375 7.4156441388 1.6006579358 3.8553481464 
2.62125 7.5737360117 1.8310936968 4.0728999986 
2.62875 7.8028291835 1.6675205046 4.764344299 
2.63625 7.6908197002 2.030260386 3.9674671709 
2.64375 7.5366947605 1.8673507107 4.4160320862 
2.65125 7.5419087764 1.739705193 4.6838216735 
2.65875 7.7988257346 1.8297062205 4.2499085394 
2.66625 7.726657516 1.8938581037 4.2260327117 
2.67375 7.8196510083 1.7352200329 4.3174906033 
2.68125 7.8273695419 1.8972609158 3.3202066027 
2.68875 7.7744690939 1.8135006359 3.8709699673 
2.69625 7.9577168065 2.078387418 4.0759037302 
2.70375 7.6838496529 2.090999756 4.672580224 
2.71125 7.9795933779 1.8155174509 4.3108542117 
2.71875 7.8810883835 1.9645908038 3.6189830596 
2.72625 7.977907701 1.9775266964 4.2635475575 
2.73375 7.848782669 1.8486895032 3.469242855 
2.74125 7.7388323147 1.8385874 4.1074824894 
2.74875 7.8878526693 2.0230963723 4.3029703612 
2.75625 8.0174498372 1.8263688818 3.9545529603 
2.76375 8.0399684138 2.2167090156 4.7951726276 
2.77125 8.1539897194 2.0822420099 4.0726204017 
2.77875 7.818524311 1.7816837537 4.3171567878 
2.78625 7.8284191475 1.7948241246 3.2867243464 
2.79375 7.7821395299 1.9509152334 5.1145615577 
2.80125 8.3356194981 1.9554669778 3.671183215 
2.80875 8.3678147042 1.9450378454 4.1732612774 
2.81625 8.1623455659 2.1941333696 4.4623928665 
2.82375 8.1106174842 1.9391749076 4.0258155876 
2.83125 8.3191651767 1.8995776405 3.8504952172 
2.83875 8.5128919185 2.0719428421 4.1876591245 
2.84625 8.3436786013 1.930408742 3.6576165638 
2.85375 8.3163806195 1.8336464213 4.2953528373 
2.86125 7.9650701343 1.8814964743 3.4685602942 
2.86875 8.3031182746 1.878815234 3.7504866838 
2.87625 8.0608888079 2.1461862645 3.6314608647 
2.88375 8.2533228812 2.0219227127 3.3651580813 
2.89125 8.2025218981 2.0395785709 4.0861901714 
2.89875 7.9442340447 1.9870580373 3.9671193915 
2.90625 8.4442239263 2.1090672336 3.6543244147 
2.91375 8.218784866 1.9943512626 4.4111172024 
2.92125 8.5388186803 1.9703452049 4.5813970674 
2.92875 8.2679781764 2.1727431991 4.1741344109 
2.93625 7.9218572417 1.9298080664 3.6755001689 
2.94375 8.0482451059 2.2117166825 3.5143228268 
2.95125 7.8068206663 1.9102410746 3.8744818969 
2.95875 8.3275814342 2.1759164393 3.1967167441 
2.96625 8.0411573755 1.9845164036 3.5547566556 
2.97375 8.3387569023 2.320225867 3.6764610443 
2.98125 8.2061363828 1.9910558911 3.8895045315 
2.98875 8.3944203556 1.921840861 4.5610812215 
2.99625 7.9520397517 2.0366577105 3.3922466046 
