# Radial distribution function (200 data points):
# "Pair separation distance" 0-0 0-1 1-1
0.00625 0.0 0.0 0.0 
0.01875 0.0 0.0 0.0 
0.03125 0.0 0.0 0.0 
0.04375 0.0 0.0 0.0 
0.05625 0.0 0.0 0.0 
0.06875 0.0 0.0 0.0 
0.08125 0.0 0.0 0.0 
0.09375 0.0 0.0 0.0 
0.10625 0.0 0.0 0.0 
0.11875 0.0 0.0 0.0 
0.13125 0.0 0.0 0.0 
0.14375 0.0 0.0 0.0 
0.15625 0.0 0.0 0.0 
0.16875 0.0 0.0 0.0 
0.18125 0.0 0.0 0.0 
0.19375 0.0 0.0 0.0 
0.20625 0.0 0.0 0.0 
0.21875 0.0 0.0 0.0 
0.23125 0.0 0.0 0.0 
0.24375 0.0 0.0 0.0 
0.25625 0.0 0.0 0.0 
0.26875 0.0 0.0 0.0 
0.28125 0.0 0.0 0.0 
0.29375 0.0 0.0 0.0 
0.30625 0.0 0.0 0.0 
0.31875 0.0 0.0 0.0 
0.33125 0.0 0.0 0.0 
0.34375 0.0 0.0 0.0 
0.35625 0.0 0.0 0.0 
0.36875 0.0 0.0 0.0 
0.38125 0.0 0.0 0.0 
0.39375 0.0 0.0 0.0 
0.40625 0.0 0.0 0.0 
0.41875 0.0 0.0 0.0 
0.43125 0.0 0.0 0.0 
0.44375 0.0 0.0 0.0 
0.45625 0.0 0.0 0.0 
0.46875 0.0 0.0 0.0 
0.48125 0.0 0.0 0.0 
0.49375 0.0 0.0 0.0 
0.50625 0.0 0.0 0.0 
0.51875 0.0 0.0 0.0 
0.53125 0.0 0.0 0.0 
0.54375 0.0 0.0 0.0 
0.55625 0.0 0.0 0.0 
0.56875 0.0 0.0 0.0 
0.58125 0.0 0.0 0.0 
0.59375 0.0 0.0 0.0 
0.60625 0.0 0.0 0.0 
0.61875 0.0 0.0 0.0 
0.63125 0.0 0.0 0.0 
0.64375 0.0 0.0 0.0 
0.65625 0.0 0.0 0.0 
0.66875 0.0 0.0 0.0 
0.68125 0.0 0.0 0.0 
0.69375 0.0 0.0 0.0 
0.70625 0.0 0.0 0.0 
0.71875 0.0 0.0 0.0 
0.73125 0.0 0.0 0.0 
0.74375 0.0 0.0 0.0 
0.75625 0.0 0.0 0.0 
0.76875 0.0 0.0 0.0 
0.78125 0.0 0.0 0.0 
0.79375 0.0 0.0 0.0 
0.80625 0.0 0.0 0.0 
0.81875 0.6239164898 0.0 0.0 
0.83125 1.3316457457 0.0 0.0 
0.84375 4.1124445081 0.0 0.0 
0.85625 8.2146891823 0.0 0.0 
0.86875 12.6349999584 0.0 0.0 
0.88125 19.6034887469 0.0 0.0 
0.89375 27.7507168569 0.0 0.0 
0.90625 37.3792566995 0.0 0.0 
0.91875 44.9906192346 0.0 0.0 
0.93125 56.5231094372 0.0 0.0 
0.94375 60.1072995704 0.0 0.0 
0.95625 61.65642468 0.0 0.0 
0.96875 64.8887553594 0.0 0.0 
0.98125 64.7229913939 0.0 0.0 
0.99375 62.8508878442 0.0 0.0 
1.00625 64.2731739223 0.0 0.0 
1.01875 68.5893029393 0.0 0.0 
1.03125 58.677703498 0.0 0.0 
1.04375 57.7413846486 0.0 0.0 
1.05625 54.5833753243 0.0 0.0 
1.06875 53.899921091 0.0 0.0 
1.08125 47.9385888891 0.0 0.0 
1.09375 49.5761614388 0.0 0.0189821559 
1.10625 43.1989719253 0.0 0.0649446306 
1.11875 42.9073738758 0.0 0.2086477091 
1.13125 37.846391862 0.0240818783 0.3903799217 
1.14375 35.1692959123 0.0353375701 0.8679403171 
1.15625 34.0375819261 0.1383106077 1.5456817033 
1.16875 30.1902738868 0.1579292645 2.8593508939 
1.18125 33.2715327748 0.3644250389 4.2801052419 
1.19375 28.8216125717 0.3784593783 4.9637935299 
1.20625 26.5601765601 0.5824600123 6.6015850579 
1.21875 26.5813145917 0.6535659977 7.9956729077 
1.23125 25.6029073493 0.8334884765 9.0549588922 
1.24375 24.87456587 0.9363537953 9.7106075012 
1.25625 22.6858761891 0.8592289555 10.4751931993 
1.26875 21.929278786 0.9955422148 10.0229336138 
1.28125 21.1977443596 0.9292786463 10.4162206163 
1.29375 21.7396563214 1.1231498184 10.1752140582 
1.30625 19.3155830485 1.0475723641 9.6819641819 
1.31875 19.2397451775 0.9480637591 9.362187913 
1.33125 18.8329340051 1.017291449 8.0660274767 
1.34375 17.8356180969 0.9387167419 7.7531714829 
1.35625 18.5997990677 1.1225461025 6.8269850163 
1.36875 15.9398582362 0.8553897093 6.3695365295 
1.38125 16.1349563136 0.7995941594 6.0405279135 
1.39375 15.6315294952 0.8408434744 5.3949252114 
1.40625 14.9318732993 0.7636249503 5.3051838652 
1.41875 14.7945909071 0.8880254152 4.8511007254 
1.43125 16.579055864 0.7973593111 4.417544783 
1.44375 15.6912510624 0.6357607444 4.1234959416 
1.45625 16.3697133542 0.6466919099 3.9245135303 
1.46875 16.0147141888 0.7857353081 3.484303749 
1.48125 15.7836905741 0.611000989 3.7724598271 
1.49375 15.9705086891 0.6008178769 3.2719676516 
1.50625 16.0383676959 0.7199315687 3.4430888131 
1.51875 16.3194305919 0.6480054603 3.2143602379 
1.53125 16.5535401545 0.7820496228 3.2347315666 
1.54375 15.3388444797 0.5689948332 3.1730309955 
1.55625 17.6838335512 0.7762126775 3.0144376715 
1.56875 16.6553523893 0.8390290301 3.0911595847 
1.58125 16.2257926262 0.6224435912 2.8472172194 
1.59375 19.3643188684 0.7097823645 2.9413023581 
1.60625 17.443005743 0.6211361857 2.9133047415 
1.61875 18.5792759422 0.6762668264 2.877151679 
1.63125 17.8555273988 0.7296411771 2.6284150004 
1.64375 17.4611563317 0.769913808 2.8533335903 
1.65625 18.5098273677 0.842595974 2.8932084917 
1.66875 18.5339546993 0.7691520056 2.6706262367 
1.68125 19.5911042393 0.7032424522 2.7756701276 
1.69375 21.0525220648 0.7466140826 2.6359067421 
1.70625 21.0612539485 0.7727651876 2.7144282581 
1.71875 20.1047433473 0.6885390235 2.6520282961 
1.73125 20.9039269677 0.7865963665 2.66311711 
1.74375 21.238044214 0.7094792518 2.5914663196 
1.75625 20.6384781606 0.724395025 2.6356935501 
1.76875 22.0323092932 0.8127017512 2.7473726186 
1.78125 20.8541487875 0.8061920584 2.7554693689 
1.79375 21.1884673885 0.7327364731 2.674853613 
1.80625 21.0244149838 0.7793067813 2.8050072474 
1.81875 21.9502526924 0.8524822247 2.7082308467 
1.83125 21.4021718743 0.8041240506 2.6070548167 
1.84375 22.1218520188 0.7660602698 2.7622067282 
1.85625 23.7185158639 0.8675791775 2.6855882841 
1.86875 21.3902051342 0.7589381441 2.7018012143 
1.88125 21.6977938537 0.9491696314 2.7109311297 
1.89375 21.6688751218 0.7648127132 2.7829051593 
1.90625 22.7898489268 0.7717774464 2.918381113 
1.91875 23.9707520279 0.8203510048 2.6645987524 
1.93125 21.9793622696 0.8345547328 2.8768001863 
1.94375 20.7012620343 0.8972683235 2.671627166 
1.95625 19.3883545801 0.8979179226 2.7236349165 
1.96875 20.5025804788 0.9899168359 2.6335010138 
1.98125 21.0757875986 0.8400705078 2.8809501132 
1.99375 20.6439930991 0.9264821196 2.8763587144 
2.00625 21.1564986602 0.9341148721 2.8547324218 
2.01875 19.8074408485 0.9490502746 2.7776984134 
2.03125 20.3753677425 0.9411403168 2.8564434176 
2.04375 19.7864358781 1.0698504377 2.7482147178 
2.05625 19.7840113826 1.0350161744 2.8303741049 
2.06875 18.9788287722 1.0441493416 2.8705579359 
2.08125 18.9060327493 0.9889559629 2.684148558 
2.09375 19.0053521456 1.1177846617 2.8153669285 
2.10625 18.4787455709 1.0732955604 2.8127619643 
2.11875 17.7209641665 1.1567810745 2.7164392059 
2.13125 17.3479589733 1.231455016 2.8121526028 
2.14375 17.8379150639 1.1534290944 2.8189835302 
2.15625 17.9375547006 1.1202094289 2.9524548105 
2.16875 16.8065721097 1.2285505928 2.9402448714 
2.18125 16.368358375 1.0460980916 2.9328929061 
2.19375 15.8347224527 1.155882594 2.9514692741 
2.20625 15.3120951111 1.2061361469 3.0090922521 
2.21875 15.6328247422 1.2708377551 3.2289888514 
2.23125 15.4749604824 1.2256869095 2.873620027 
2.24375 15.7516409409 1.190642857 3.0176054659 
2.25625 14.8545808674 1.2047293403 3.0690169282 
2.26875 14.366315602 1.2214276423 3.1411740811 
2.28125 14.6272290908 1.2939471888 3.0719362864 
2.29375 15.4698863626 1.3150282046 3.0881813447 
2.30625 15.5857370727 1.2747376436 3.0697390241 
2.31875 15.0758703043 1.292556693 3.0853022055 
2.33125 14.4836628192 1.2191908128 3.1233370518 
2.34375 14.1773023914 1.2903757618 3.1789898058 
2.35625 14.479286291 1.2905985234 3.1187638341 
2.36875 14.311965868 1.2577895442 3.0636758422 
2.38125 13.8818120913 1.3179918354 3.1977928872 
2.39375 14.3795462577 1.3930065383 3.1407046419 
2.40625 14.3027729832 1.2481659677 3.2689594157 
2.41875 13.7549704576 1.2932441586 3.0877607878 
2.43125 13.528985132 1.3399385737 3.2232067349 
2.44375 14.6235738785 1.3314264179 3.2017247274 
2.45625 14.0730260234 1.4379516608 3.1353449133 
2.46875 14.3838004751 1.3880309669 3.2247667963 
2.48125 14.5653303753 1.3340349477 3.3177648063 
2.49375 14.1372032502 1.362818181 3.1385246263 
