# Radial distribution function (400 data points):
# "Pair separation distance" 0-0 0-1 1-1
0.00375 0.0 0.0 0.0 
0.01125 0.0 0.0 0.0 
0.01875 0.0 0.0 0.0 
0.02625 0.0 0.0 0.0 
0.03375 0.0 0.0 0.0 
0.04125 0.0 0.0 0.0 
0.04875 0.0 0.0 0.0 
0.05625 0.0 0.0 0.0 
0.06375 0.0 0.0 0.0 
0.07125 0.0 0.0 0.0 
0.07875 0.0 0.0 0.0 
0.08625 0.0 0.0 0.0 
0.09375 0.0 0.0 0.0 
0.10125 0.0 0.0 0.0 
0.10875 0.0 0.0 0.0 
0.11625 0.0 0.0 0.0 
0.12375 0.0 0.0 0.0 
0.13125 0.0 0.0 0.0 
0.13875 0.0 0.0 0.0 
0.14625 0.0 0.0 0.0 
0.15375 0.0 0.0 0.0 
0.16125 0.0 0.0 0.0 
0.16875 0.0 0.0 0.0 
0.17625 0.0 0.0 0.0 
0.18375 0.0 0.0 0.0 
0.19125 0.0 0.0 0.0 
0.19875 0.0 0.0 0.0 
0.20625 0.0 0.0 0.0 
0.21375 0.0 0.0 0.0 
0.22125 0.0 0.0 0.0 
0.22875 0.0 0.0 0.0 
0.23625 0.0 0.0 0.0 
0.24375 0.0 0.0 0.0 
0.25125 0.0 0.0 0.0 
0.25875 0.0 0.0 0.0 
0.26625 0.0 0.0 0.0 
0.27375 0.0 0.0 0.0 
0.28125 0.0 0.0 0.0 
0.28875 0.0 0.0 0.0 
0.29625 0.0 0.0 0.0 
0.30375 0.0 0.0 0.0 
0.31125 0.0 0.0 0.0 
0.31875 0.0 0.0 0.0 
0.32625 0.0 0.0 0.0 
0.33375 0.0 0.0 0.0 
0.34125 0.0 0.0 0.0 
0.34875 0.0 0.0 0.0 
0.35625 0.0 0.0 0.0 
0.36375 0.0 0.0 0.0 
0.37125 0.0 0.0 0.0 
0.37875 0.0 0.0 0.0 
0.38625 0.0 0.0 0.0 
0.39375 0.0 0.0 0.0 
0.40125 0.0 0.0 0.0 
0.40875 0.0 0.0 0.0 
0.41625 0.0 0.0 0.0 
0.42375 0.0 0.0 0.0 
0.43125 0.0 0.0 0.0 
0.43875 0.0 0.0 0.0 
0.44625 0.0 0.0 0.0 
0.45375 0.0 0.0 0.0 
0.46125 0.0 0.0 0.0 
0.46875 0.0 0.0 0.0 
0.47625 0.0 0.0 0.0 
0.48375 0.0 0.0 0.0 
0.49125 0.0 0.0 0.0 
0.49875 0.0 0.0 0.0 
0.50625 0.0 0.0 0.0 
0.51375 0.0 0.0 0.0 
0.52125 0.0 0.0 0.0 
0.52875 0.0 0.0 0.0 
0.53625 0.0 0.0 0.0 
0.54375 0.0 0.0 0.0 
0.55125 0.0 0.0 0.0 
0.55875 0.0 0.0 0.0 
0.56625 0.0 0.0 0.0 
0.57375 0.0 0.0 0.0 
0.58125 0.0 0.0 0.0 
0.58875 0.0 0.0 0.0 
0.59625 0.0 0.0 0.0 
0.60375 0.0 0.0 0.0 
0.61125 0.0 0.0 0.0 
0.61875 0.0 0.0 0.0 
0.62625 0.0 0.0 0.0 
0.63375 0.0 0.0 0.0 
0.64125 0.0 0.0 0.0 
0.64875 0.0 0.0 0.0 
0.65625 0.0 0.0 0.0 
0.66375 0.0 0.0 0.0 
0.67125 0.0 0.0 0.0 
0.67875 0.0 0.0 0.0 
0.68625 0.0 0.0 0.0 
0.69375 0.0 0.0 0.0 
0.70125 0.0 0.0 0.0 
0.70875 0.0 0.0 0.0 
0.71625 0.0 0.0 0.0 
0.72375 0.0 0.0 0.0 
0.73125 0.0 0.0 0.0 
0.73875 0.0 0.0 0.0 
0.74625 0.0 0.0 0.0 
0.75375 0.0 0.0 0.0 
0.76125 0.0 0.0 0.0 
0.76875 0.0 0.0 0.0 
0.77625 0.0 0.0 0.0 
0.78375 0.0 0.0 0.0 
0.79125 0.0 0.0 0.0 
0.79875 0.0 0.0 0.0 
0.80625 0.0 0.0 0.0 
0.81375 0.0 0.0 0.0 
0.82125 1.2281580265 0.0 0.0 
0.82875 1.8090444857 0.0 0.0 
0.83625 4.1457289673 0.0 0.0 
0.84375 5.817650237 0.0 0.0 
0.85125 4.0009121871 0.0 0.0 
0.85875 14.0404745525 0.0 0.0 
0.86625 11.5906589011 0.0 0.0 
0.87375 38.5176110501 0.0 0.0 
0.88125 26.665342216 0.0 0.0 
0.88875 46.6666085991 0.0 0.0 
0.89625 45.8888499441 0.0 0.0 
0.90375 60.8499424299 0.0 0.0 
0.91125 56.3610334611 0.0 0.0 
0.91875 75.0710263731 0.0 0.0 
0.92625 92.6873472365 0.0 0.0 
0.93375 76.0036513104 0.0 0.0 
0.94125 105.1836604855 0.0 0.0 
0.94875 103.5272593914 0.0 0.0 
0.95625 101.456747225 0.0 0.0 
0.96375 129.3138561806 0.0 0.0 
0.97125 116.7872557728 0.0 0.0 
0.97875 113.2748914768 0.0 0.0 
0.98625 123.0551392223 0.0 0.0 
0.99375 121.6241146333 0.0 0.0 
1.00125 104.5229048718 0.0 0.0 
1.00875 129.0233176211 0.0 0.0 
1.01625 122.7146397592 0.0 0.0 
1.02375 111.8342172268 0.0 0.0 
1.03125 107.8767789139 0.0 0.0 
1.03875 115.9207070367 0.0 0.0 
1.04625 110.1027651086 0.0 0.0 
1.05375 118.9848625147 0.0 0.0 
1.06125 110.689727998 0.0 0.0 
1.06875 100.8019182751 0.0 0.0 
1.07625 100.8321576661 0.0 0.0 
1.08375 106.4939724436 0.0 0.0 
1.09125 87.2974458347 0.0 0.0 
1.09875 94.0002782342 0.0 0.0465658414 
1.10625 83.2539628535 0.0 0.1378097487 
1.11375 74.7909383046 0.0615057058 0.3625599502 
1.12125 85.6534489877 0.060685642 0.8943147241 
1.12875 77.3673766686 0.1796456115 0.7500992198 
1.13625 80.8405408106 0.1181879252 1.7417167919 
1.14375 74.7181776955 0.1166430071 2.8362668044 
1.15125 75.9352609805 0.0575640921 2.9266796322 
1.15875 72.1793365163 0.3409280402 4.6473874957 
1.16625 65.4683941461 0.2804643568 6.2410700031 
1.17375 55.3150327044 0.8306748332 7.1816939968 
1.18125 66.7844655478 0.8748374434 10.2735844508 
1.18875 50.4108459114 0.6478750087 11.1389036575 
1.19625 54.9903286793 1.0129797388 13.7103019499 
1.20375 53.1639177856 1.4216157982 15.7513921965 
1.21125 51.9429838591 1.0400483038 15.671885757 
1.21875 42.9406022857 1.6950237744 18.6966258756 
1.22625 51.230853154 1.6743530106 20.8987028079 
1.23375 52.7866498303 2.2555337353 21.2363117767 
1.24125 45.4302261777 1.9312444327 25.1765468549 
1.24875 43.8237638788 2.7887849741 23.3969531623 
1.25625 40.6776914144 2.3688366987 22.1566379935 
1.26375 40.7149662588 2.5318894539 24.7456365495 
1.27125 42.5424929133 2.7853597928 24.8719460538 
1.27875 40.2719468117 2.2395521564 23.0683694703 
1.28625 34.0459095521 2.1212815162 24.9408339366 
1.29375 35.1369807913 2.1423400075 25.0219555184 
1.30125 37.9129038575 2.4331201457 24.8339514286 
1.30875 40.1394621481 2.3162276826 21.7603495445 
1.31625 25.818074566 1.8935771063 21.6428678321 
1.32375 35.2169060803 2.2640328176 21.6228883268 
1.33125 37.6256078224 1.7219957813 19.3815156758 
1.33875 32.5834486078 2.2987203385 19.1022315849 
1.34625 27.651000697 1.4733569314 16.3154893882 
1.35375 30.9613975438 2.3313230575 16.2579107955 
1.36125 26.1509226591 2.3880509671 15.3814752852 
1.36875 30.7286505039 1.5067626809 13.0228876944 
1.37625 26.6773158434 1.3695429618 12.6735724852 
1.38375 21.1976532361 1.3945824497 11.3034577505 
1.39125 24.6073288185 1.6949212756 12.1113224075 
1.39875 26.884410625 1.8717699896 10.4301919817 
1.40625 28.2738992971 1.5817951459 10.6887928727 
1.41375 28.5963675668 1.2215076916 8.8880757036 
1.42125 25.629851418 1.0953389132 8.599702611 
1.42875 24.7528029921 1.6818664673 8.3994968602 
1.43625 27.7074178856 1.5164052123 8.1484880855 
1.44375 23.2476430807 1.0980668122 7.551617375 
1.45125 21.4347836598 1.2316461881 6.4594694818 
1.45875 23.3558990774 1.0397472616 6.7894930074 
1.46625 28.3190301775 1.6324252985 5.935752401 
1.47375 24.9804789508 0.9484352193 6.5743384792 
1.48125 29.8247952658 1.4604413405 5.3805733596 
1.48875 25.4139680488 1.2048030518 5.6815975498 
1.49625 23.8648392212 1.3290699933 4.7459098548 
1.50375 23.4442221181 0.9447096084 4.2511932377 
1.51125 26.2949604441 1.2360063076 4.6767806234 
1.51875 25.6767830534 1.4884406812 4.070145395 
1.52625 19.0243395428 0.8515567626 4.1991746432 
1.53375 24.2966897563 1.3297387414 4.5644690559 
1.54125 24.7582159605 1.2525932093 4.259831157 
1.54875 28.8357347775 1.240490954 3.5389984842 
1.55625 25.651320578 1.4175729793 3.9227808995 
1.56375 26.4220894887 1.2792070991 3.8162738103 
1.57125 23.1507848616 0.9888969888 3.8254699302 
1.57875 25.9223931577 1.3162348752 3.0900103926 
1.58625 23.3734221947 1.1522109533 3.2395958935 
1.59375 22.5017309755 1.0212456087 3.3641031817 
1.60125 23.4221609747 0.9224335629 3.3107377792 
1.60875 26.0848135429 1.3560397095 2.7803468644 
1.61625 26.9531237318 1.2266591915 3.1419691572 
1.62375 26.5476230843 1.3311016246 3.7739929356 
1.63125 23.8137426017 1.2615467357 2.8309350193 
1.63875 21.8998033768 1.1647968067 3.1190836186 
1.64625 24.9099763952 0.9008451263 3.609307118 
1.65375 23.6244756641 0.7532094974 3.0627583071 
1.66125 28.214032508 0.9952318298 3.2388684987 
1.66875 25.8787919133 1.0958956043 2.9271948378 
1.67625 22.5523167839 1.3576386093 3.0010958732 
1.68375 23.9588490441 1.1033680481 3.3115205346 
1.69125 25.1948023689 0.8268711606 2.9087895498 
1.69875 27.2691747297 1.1897216122 3.05848901 
1.70625 26.3186579047 1.2579045599 2.6647715019 
1.71375 24.9606376828 0.935188923 3.4071502867 
1.72125 32.4322762016 1.1073179602 3.4154727779 
1.72875 24.3907771991 1.1487881007 2.8403953742 
1.73625 25.279627422 1.0882677137 3.4872519882 
1.74375 28.7403056997 1.3298395379 3.2539469923 
1.75125 25.5236559877 1.5672420343 2.9328505906 
1.75875 28.252157258 1.2825873337 2.853367368 
1.76625 25.4902599906 1.0760690895 3.2256329406 
1.77375 26.8548506929 1.2609862812 2.8589162652 
1.78125 27.6734626206 1.4668034433 2.7108653801 
1.78875 28.0891011979 1.5022184851 2.7584596744 
1.79625 24.6459222546 1.395115939 2.7354726441 
1.80375 29.6606487462 1.4773374855 2.9201173691 
1.81125 28.0268052435 1.1628001227 3.2729763454 
1.81875 29.2986269465 1.4069403628 3.2460384212 
1.82625 24.7121224261 1.5326613882 3.1688647084 
1.83375 32.3931310555 1.2251954712 2.9590978339 
1.84125 29.1977791627 1.057704178 3.2003546349 
1.84875 25.5683983774 1.8304141517 2.9277227639 
1.85625 25.8430027902 1.4170948898 3.3446236298 
1.86375 28.7355280532 1.4716054441 3.3824960954 
1.87125 28.0325223202 1.3508899275 2.8737947014 
1.87875 28.161171438 1.3185109873 2.8668228541 
1.88625 26.8900085831 1.1364995653 2.9704735411 
1.89375 27.370360988 1.1913370539 3.1664484853 
1.90125 27.9568893604 1.2030628618 3.6702859607 
1.90875 26.4871542583 1.3820945637 2.9008555756 
1.91625 26.0546430968 1.3297425504 3.3068597635 
1.92375 27.6424909573 1.4430876379 3.3266967652 
1.93125 27.5392545401 1.3091665995 3.089891563 
1.93875 25.7839667739 1.4614394123 3.3651565414 
1.94625 29.193859358 1.47033926 3.1908588123 
1.95375 24.3045476023 1.4990469327 2.7098560692 
1.96125 27.4569173673 1.5471080374 3.2737724732 
1.96875 28.2098188982 1.4172397054 3.3649083064 
1.97625 23.6482285834 1.6995245701 3.1379001743 
1.98375 27.8900643174 1.3377260244 3.1427888292 
1.99125 22.3532008813 1.2891848516 3.4594308351 
1.99875 24.570213012 1.5277947243 3.3490868561 
2.00625 25.3129371334 1.4974384077 3.505661935 
2.01375 25.5332700482 1.8625848572 3.6459529209 
2.02125 25.6482652096 1.5686686024 3.0685359503 
2.02875 25.6602367405 1.7609966391 3.4829684218 
2.03625 23.2740130828 1.8032497148 3.3488923275 
2.04375 22.2110980676 1.5708506857 3.3916531329 
2.05125 21.3599435495 1.5956494332 3.406978754 
2.05875 23.3543742261 1.6380462874 3.567890294 
2.06625 21.9240239515 1.7691370049 3.4103619245 
2.07375 23.2103564337 1.7918455993 3.5033896241 
2.08125 25.5293835631 1.7085010289 3.2186194099 
2.08875 23.9224241947 1.6787666102 3.5305639893 
2.09625 24.0343070184 1.8230356717 3.7100375073 
2.10375 19.4649214605 1.9996857573 3.1628423548 
2.11125 21.1852261214 1.8485723624 3.3548165095 
2.11875 23.2497718168 1.6825492762 3.5940898415 
2.12625 22.444762772 1.501942772 3.4941708249 
2.13375 21.4685407755 1.9941229333 3.7412956582 
2.14125 19.3311021652 1.7638561002 3.4699095675 
2.14875 21.8874740773 1.7515644699 3.4335533899 
2.15625 21.3791590254 2.1496369327 3.6273503887 
2.16375 19.9927198877 1.8903223741 3.5181952716 
2.17125 20.3819592449 1.8287352272 3.6847268713 
2.17875 21.9868670527 1.9929616334 3.4343905907 
2.18625 19.4966720211 2.0591222029 3.3991058478 
2.19375 18.589045876 2.0609200472 3.8431569786 
2.20125 19.9156645052 2.07839101 3.3297348797 
2.20875 19.9504345018 1.9235525315 3.514578224 
2.21625 16.695726328 1.8328907425 3.5595032529 
2.22375 18.0071161034 2.0519736955 3.6833212041 
2.23125 17.9694553532 2.1914503909 3.4779293653 
2.23875 17.3534460333 1.8723454931 3.7911591242 
2.24625 16.3348267037 2.041313308 3.7324598107 
2.25375 18.7540035752 1.8475053865 3.7408624258 
2.26125 14.7418459579 1.8800329865 3.3862582448 
2.26875 18.4263722596 1.9713804383 4.1830399327 
2.27625 17.345924911 2.0762100275 3.4177253533 
2.28375 16.4380718011 2.1211089344 4.1929434689 
2.29125 19.4863118374 2.034581888 3.6408307469 
2.29875 16.9296476773 1.9202609634 3.9788232704 
2.30625 18.2992272806 1.8504145839 3.6147633732 
2.31375 18.954436567 1.9381980249 3.6963776574 
2.32125 17.1411000735 1.8265769845 3.9855298706 
2.32875 15.885294199 2.068062719 3.7836736462 
2.33625 15.707583693 2.0967407676 4.1508110213 
2.34375 17.0397624929 2.1944547412 3.8991411024 
2.35125 14.0843854703 2.1114749214 3.6709302556 
2.35875 14.7393739266 2.0157915697 3.6779354956 
2.36625 16.1994599325 2.2210506829 3.9458252687 
2.37375 16.5382761761 2.2341180097 4.0206997802 
2.38125 15.5577682202 1.9240580663 3.6484163259 
2.38875 17.12964193 2.1794069405 4.0984391415 
2.39625 16.8061932631 1.9266191735 3.6322540788 
2.40375 15.4829190454 2.2579256941 3.6582704998 
2.41125 14.816872447 2.2832680466 3.7709145597 
2.41875 16.3533866807 1.9431057539 3.7187378929 
2.42625 14.5638749583 2.2292023201 3.6862329675 
2.43375 15.1035666742 1.9321083099 4.4323242562 
2.44125 15.1498969275 1.920254922 3.7542668159 
2.44875 16.0242158392 2.2647655326 3.937558052 
2.45625 14.1416402888 2.0739145441 3.9974103826 
2.46375 15.829690134 2.2247035023 3.6397022508 
2.47125 14.3773949028 1.9613650693 4.0042619081 
2.47875 16.7172152237 2.3220325475 4.2820031667 
2.48625 14.1374334121 2.1846196056 3.7923905018 
2.49375 17.3159065456 2.2696456454 3.7605736099 
2.50125 14.8289884988 2.3780039122 3.7829838215 
2.50875 15.3985136257 2.2062197885 3.9926325727 
2.51625 16.0918230563 2.0966881132 3.8800780027 
2.52375 15.2160144696 2.1201801538 3.7334840532 
2.53125 15.449183827 2.1076347458 3.4920430579 
2.53875 14.5869235629 2.0715257784 3.8988295703 
2.54625 14.6288815358 2.1534816419 3.4250081908 
2.55375 14.0350266282 2.4918105147 3.491120736 
2.56125 15.0893901059 2.267894461 3.3164513332 
2.56875 16.1312185461 2.023422355 3.237475768 
2.57625 14.102956344 2.2185717304 3.3711158118 
2.58375 15.7583401658 2.3085674466 3.3515731663 
2.59125 12.2130545127 2.0452483634 3.6754667957 
2.59875 13.6145003375 2.1577272346 3.4378558475 
2.60625 15.7313248876 1.9543812437 3.2691253108 
2.61375 14.0043072007 2.2223741092 3.1927892518 
2.62125 13.4420565621 2.0875320316 3.3054538552 
2.62875 12.5863112536 2.2633279009 3.237808232 
2.63625 13.5279010351 2.382202837 3.4459029154 
2.64375 13.1549727393 2.1613077545 3.555069746 
2.65125 13.0806510576 2.2033671352 3.1191041116 
2.65875 13.4756766315 2.083025072 3.3401111053 
2.66625 14.739967861 2.1035194409 2.8864082554 
2.67375 11.9924110037 2.0383744612 3.3577852106 
2.68125 13.7113461044 2.1118869 3.2295503982 
2.68875 13.3485112343 2.1634417914 3.1726776669 
2.69625 12.077952113 2.2458754053 2.8843977783 
2.70375 13.2008110964 2.0768838782 3.3452057175 
2.71125 13.5786212382 2.2833671879 2.9825801067 
2.71875 13.1115812969 2.0953168042 3.2171288863 
2.72625 14.4326530521 2.514935987 2.9801045982 
2.73375 12.0813834285 2.3684411743 3.0465202945 
2.74125 13.6688557152 2.0712145545 2.8727681746 
2.74875 12.662494345 2.2416856017 3.0728843407 
2.75625 11.939459644 2.3098449924 3.0487839625 
2.76375 12.3085280072 2.0476162405 2.7820244274 
2.77125 12.0262776019 2.314710735 2.9280280362 
2.77875 13.731525538 2.3812791512 2.9122435568 
2.78625 13.4442987429 2.4077874211 3.0052083601 
2.79375 12.3109248945 2.238476929 3.0179052322 
2.80125 12.1923106632 2.3237338505 3.1951980098 
2.80875 12.1797842308 2.321011514 3.0855201312 
2.81625 12.2194379381 2.5010545487 2.9627876962 
2.82375 12.4662702422 2.267712975 2.904767586 
2.83125 12.3486433309 2.2652323045 2.9525164092 
2.83875 11.820921346 2.2343434855 3.0973860629 
2.84625 10.3272114571 1.977722882 2.9631146337 
2.85375 12.4598273368 2.2015484392 2.6507333503 
2.86125 11.2310187713 2.3018529464 2.7055233011 
2.86875 11.4240012712 2.1693153353 3.1627309949 
2.87625 12.0653957589 2.3055735508 3.0239417308 
2.88375 12.6003642551 2.2568990272 2.7783904584 
2.89125 11.4946165585 2.1539367689 2.9791962178 
2.89875 11.2873438545 2.3879567957 2.8968969573 
2.90625 12.1118033376 2.2672531924 3.0350480982 
2.91375 11.6104802196 2.2196506302 3.0326869467 
2.92125 12.473073246 2.3691942322 2.819505827 
2.92875 9.4155958652 2.3570756181 3.1000108725 
2.93625 12.1057662474 2.5308838792 2.7907722128 
2.94375 11.1838623258 2.3771367292 3.0490369743 
2.95125 11.697711654 2.2687153646 2.8592913415 
2.95875 11.4019283314 2.1787917209 2.8383922461 
2.96625 11.0619111826 2.6533722008 2.8240569622 
2.97375 10.1163221205 2.5882403086 2.7780445979 
2.98125 10.8110780262 2.2662060109 3.1119671059 
2.98875 11.684205141 2.0754838079 2.9201522236 
2.99625 10.6569688842 2.2690675375 2.6675968448 
