# Radial distribution function (400 data points):
# "Pair separation distance" 0-0 0-1 1-1
0.00375 0.0 0.0 0.0 
0.01125 0.0 0.0 0.0 
0.01875 0.0 0.0 0.0 
0.02625 0.0 0.0 0.0 
0.03375 0.0 0.0 0.0 
0.04125 0.0 0.0 0.0 
0.04875 0.0 0.0 0.0 
0.05625 0.0 0.0 0.0 
0.06375 0.0 0.0 0.0 
0.07125 0.0 0.0 0.0 
0.07875 0.0 0.0 0.0 
0.08625 0.0 0.0 0.0 
0.09375 0.0 0.0 0.0 
0.10125 0.0 0.0 0.0 
0.10875 0.0 0.0 0.0 
0.11625 0.0 0.0 0.0 
0.12375 0.0 0.0 0.0 
0.13125 0.0 0.0 0.0 
0.13875 0.0 0.0 0.0 
0.14625 0.0 0.0 0.0 
0.15375 0.0 0.0 0.0 
0.16125 0.0 0.0 0.0 
0.16875 0.0 0.0 0.0 
0.17625 0.0 0.0 0.0 
0.18375 0.0 0.0 0.0 
0.19125 0.0 0.0 0.0 
0.19875 0.0 0.0 0.0 
0.20625 0.0 0.0 0.0 
0.21375 0.0 0.0 0.0 
0.22125 0.0 0.0 0.0 
0.22875 0.0 0.0 0.0 
0.23625 0.0 0.0 0.0 
0.24375 0.0 0.0 0.0 
0.25125 0.0 0.0 0.0 
0.25875 0.0 0.0 0.0 
0.26625 0.0 0.0 0.0 
0.27375 0.0 0.0 0.0 
0.28125 0.0 0.0 0.0 
0.28875 0.0 0.0 0.0 
0.29625 0.0 0.0 0.0 
0.30375 0.0 0.0 0.0 
0.31125 0.0 0.0 0.0 
0.31875 0.0 0.0 0.0 
0.32625 0.0 0.0 0.0 
0.33375 0.0 0.0 0.0 
0.34125 0.0 0.0 0.0 
0.34875 0.0 0.0 0.0 
0.35625 0.0 0.0 0.0 
0.36375 0.0 0.0 0.0 
0.37125 0.0 0.0 0.0 
0.37875 0.0 0.0 0.0 
0.38625 0.0 0.0 0.0 
0.39375 0.0 0.0 0.0 
0.40125 0.0 0.0 0.0 
0.40875 0.0 0.0 0.0 
0.41625 0.0 0.0 0.0 
0.42375 0.0 0.0 0.0 
0.43125 0.0 0.0 0.0 
0.43875 0.0 0.0 0.0 
0.44625 0.0 0.0 0.0 
0.45375 0.0 0.0 0.0 
0.46125 0.0 0.0 0.0 
0.46875 0.0 0.0 0.0 
0.47625 0.0 0.0 0.0 
0.48375 0.0 0.0 0.0 
0.49125 0.0 0.0 0.0 
0.49875 0.0 0.0 0.0 
0.50625 0.0 0.0 0.0 
0.51375 0.0 0.0 0.0 
0.52125 0.0 0.0 0.0 
0.52875 0.0 0.0 0.0 
0.53625 0.0 0.0 0.0 
0.54375 0.0 0.0 0.0 
0.55125 0.0 0.0 0.0 
0.55875 0.0 0.0 0.0 
0.56625 0.0 0.0 0.0 
0.57375 0.0 0.0 0.0 
0.58125 0.0 0.0 0.0 
0.58875 0.0 0.0 0.0 
0.59625 0.0 0.0 0.0 
0.60375 0.0 0.0 0.0 
0.61125 0.0 0.0 0.0 
0.61875 0.0 0.0 0.0 
0.62625 0.0 0.0 0.0 
0.63375 0.0 0.0 0.0 
0.64125 0.0 0.0 0.0 
0.64875 0.0 0.0 0.0 
0.65625 0.0 0.0 0.0 
0.66375 0.0 0.0 0.0 
0.67125 0.0 0.0 0.0 
0.67875 0.0 0.0 0.0 
0.68625 0.0 0.0 0.0 
0.69375 0.0 0.0 0.0 
0.70125 0.0 0.0 0.0 
0.70875 0.0 0.0 0.0 
0.71625 0.0 0.0 0.0 
0.72375 0.0 0.0 0.0 
0.73125 0.0 0.0 0.0 
0.73875 0.0 0.0 0.0 
0.74625 0.0 0.0 0.0 
0.75375 0.0 0.0 0.0 
0.76125 0.0 0.0 0.0 
0.76875 0.0 0.0 0.0 
0.77625 0.0 0.0 0.0 
0.78375 0.0 0.0 0.0 
0.79125 0.0 0.0 0.0 
0.79875 0.1736052875 0.0 0.0 
0.80625 0.0 0.0 0.0 
0.81375 0.1672641255 0.0 0.0 
0.82125 0.0 0.0 0.0 
0.82875 0.4837924533 0.0 0.0 
0.83625 1.9006141361 0.0 0.0 
0.84375 2.1781384728 0.0 0.0 
0.85125 4.5855567983 0.0 0.0 
0.85875 6.7587150181 0.0 0.0 
0.86625 7.8230218468 0.0 0.0 
0.87375 14.3630288289 0.0 0.0 
0.88125 18.2556360919 0.0 0.0 
0.88875 22.1555820466 0.0 0.0 
0.89625 25.6471997437 0.0 0.0 
0.90375 24.4096343404 0.0 0.0 
0.91125 40.9495112714 0.0 0.0 
0.91875 38.8402911518 0.0 0.0 
0.92625 45.1852938744 0.0 0.0 
0.93375 47.2571206735 0.0 0.0 
0.94125 51.0077032177 0.0 0.0 
0.94875 53.8959526387 0.0 0.0 
0.95625 58.3834557112 0.0 0.0 
0.96375 57.5975537215 0.0 0.0 
0.97125 56.3592100603 0.0 0.0 
0.97875 55.9612707878 0.0 0.0 
0.98625 60.0098265504 0.0 0.0 
0.99375 56.3034820097 0.0 0.0 
1.00125 54.8002411067 0.0 0.0 
1.00875 53.0087724047 0.0 0.0 
1.01625 50.4060482952 0.0 0.0 
1.02375 54.742908705 0.0 0.0 
1.03125 46.6590678524 0.0 0.0 
1.03875 51.4282382548 0.0 0.0 
1.04625 49.8840836898 0.0 0.0 
1.05375 46.3835330466 0.0 0.0 
1.06125 46.4186671614 0.0 0.0 
1.06875 43.0543278951 0.0 0.0 
1.07625 45.5162786938 0.0 0.0 
1.08375 38.9473558905 0.0 0.0128002015 
1.09125 39.9950380465 0.0 0.025249718 
1.09875 37.3407320984 0.0 0.0124530949 
1.10625 37.1076547669 0.0 0.0982784992 
1.11375 35.8952398389 0.0 0.1211991808 
1.12125 35.2404415711 0.0162291507 0.1793748238 
1.12875 30.948581986 0.0320283965 0.3185982599 
1.13625 32.5145480964 0.0474104645 0.5705890993 
1.14375 32.3435342292 0.1559690959 1.103276131 
1.15125 31.2549394185 0.0923661311 1.2817826267 
1.15875 25.7372099436 0.1063700478 1.7131176126 
1.16625 28.9088905227 0.1500090687 2.2659264586 
1.17375 25.2443877065 0.2813864872 2.8918112671 
1.18125 24.4485719076 0.2778246808 3.5232171428 
1.18875 26.1789273542 0.3898374779 4.3300076984 
1.19625 21.8268802517 0.356448679 4.7066233992 
1.20375 24.9954885168 0.4505866271 6.0799550795 
1.21125 21.8935865227 0.598000866 6.2713236474 
1.21875 21.6995257673 0.6593453299 6.2753480958 
1.22625 21.2139223463 0.6105980938 7.738527421 
1.23375 20.0108209785 0.7238363952 8.0002969996 
1.24125 18.3319311614 0.728358462 8.7430895194 
1.24875 17.8993027776 0.8897314246 8.5226904884 
1.25625 18.3178690275 1.0730673427 9.1261757771 
1.26375 19.0026790182 0.9070621852 8.5098435994 
1.27125 17.6139927568 0.8080144128 9.0702275775 
1.27875 17.3402481634 0.9982050752 9.6444998252 
1.28625 18.0758879184 0.9496007396 9.1597851243 
1.29375 16.5434448674 0.9508127261 8.335329917 
1.30125 15.6991607369 0.9880831429 8.9764626471 
1.30875 16.0370685119 0.7861975438 8.426232048 
1.31625 17.3252387893 1.2012255288 7.3325583105 
1.32375 15.9917243355 0.8266992922 7.6357844182 
1.33125 14.2495890058 0.8174106343 7.2615634113 
1.33875 13.6577780807 1.0928824566 7.2391479387 
1.34625 13.3838000762 0.8893585006 6.8600884211 
1.35375 13.2359142956 1.1021976216 6.2264497219 
1.36125 14.2859425213 0.8038005537 5.9065142343 
1.36875 15.6669480945 0.8930315994 5.625296609 
1.37625 14.7364435105 0.7217410199 5.4609658315 
1.38375 13.8251372544 0.8418080711 5.1192698687 
1.39125 13.6764813046 0.7695091331 5.188499937 
1.39875 14.5492218243 0.6152804232 5.0177463241 
1.40625 14.3944443363 0.6190524904 4.607053797 
1.41375 14.0758731329 0.826877338 4.452995047 
1.42125 12.5020365841 0.7171643793 4.4210073968 
1.42875 13.0764976513 0.6896645955 4.1390396929 
1.43625 13.4235325437 0.7517178224 3.986603244 
1.44375 12.7530526376 0.6068886891 4.1905200316 
1.45125 12.568989126 0.7846968547 4.0830749919 
1.45875 14.1056946311 0.83417829 3.8787019582 
1.46625 13.6526437643 0.7592334169 3.7342296215 
1.47375 12.188133684 0.7139492535 3.5994117487 
1.48125 12.3679098631 0.5951475423 3.4465698954 
1.48875 14.4424627774 0.5799604885 3.3847986405 
1.49625 14.0011942514 0.6106155946 3.2367902844 
1.50375 12.7352961506 0.6316088172 3.1646925998 
1.51125 13.3366592877 0.6878908475 3.047784329 
1.51875 15.2220687607 0.5749660706 2.8678469593 
1.52625 14.3120600381 0.613123747 3.1172502087 
1.53375 14.2666002758 0.7025501439 3.0804472844 
1.54125 14.1747180488 0.6184260645 3.2720525252 
1.54875 14.361003339 0.6124509801 2.9207823057 
1.55625 14.543047821 0.5560152345 3.0230557166 
1.56375 13.5885669494 0.6508208381 2.9449423349 
1.57125 15.9715282373 0.5950362383 3.0204178645 
1.57875 15.6868246923 0.646698528 2.8470245657 
1.58625 13.6900234294 0.632488813 2.8918651802 
1.59375 14.8260548215 0.6747461482 2.7049034188 
1.60125 16.9770157879 0.7559739855 2.8496659264 
1.60875 15.6207844513 0.7804761085 2.5617541169 
1.61625 14.9673437111 0.5076890852 2.8775899565 
1.62375 17.0559068285 0.6809980948 2.5545574465 
1.63125 14.2354818936 0.7360913999 2.3842258719 
1.63875 14.4354311115 0.6533931977 2.7823193816 
1.64625 16.8380878313 0.6323962471 2.701552389 
1.65375 16.4022129519 0.6565148264 2.7430697232 
1.66125 16.2544462716 0.7614981002 2.881785861 
1.66875 17.222353118 0.5641697053 2.7155728397 
1.67625 16.3590346435 0.7406690384 2.7287806678 
1.68375 17.7763807075 0.5901470518 2.7946758334 
1.69125 19.3616138847 0.6919229383 2.4756049133 
1.69875 14.7387095705 0.6999674981 2.7455397135 
1.70625 17.5008718737 0.6938274719 2.6285032241 
1.71375 17.1971743999 0.7294507839 2.8000672197 
1.72125 18.3935005966 0.8057486622 2.5524435804 
1.72875 17.1965289347 0.7236742553 2.6913208402 
1.73625 18.5547055569 0.7918865999 2.5633900011 
1.74375 19.1239709052 0.6441758621 2.4721661373 
1.75125 17.4797929033 0.6519757466 2.5049594475 
1.75875 18.4410748951 0.6794080225 2.4690597116 
1.76625 18.6398401123 0.7259727202 2.3806672985 
1.77375 19.0458203164 0.7976676375 2.5899452433 
1.78125 19.1999534077 0.6945054917 2.5302743937 
1.78875 18.2777138718 0.6057954408 2.8145155495 
1.79625 18.2970425246 0.670307374 2.660594413 
1.80375 19.8814206797 0.7713546866 2.6015479845 
1.81125 20.2910693948 0.8022959832 2.479228795 
1.81875 20.6263301889 0.7710201177 2.6178973597 
1.82625 19.3613380631 0.7035242909 2.5378391126 
1.83375 20.0596945247 0.7887962154 2.7853767575 
1.84125 19.5698989805 0.7823832735 2.4390085855 
1.84875 18.5688724893 0.6805345938 2.4500502137 
1.85625 19.0298806367 0.7934756418 2.6484509048 
1.86375 18.4625016176 0.6989939027 2.4367403543 
1.87125 19.7698644166 0.874036111 2.5589323897 
1.87875 19.5809567149 0.7919255014 2.4363194066 
1.88625 20.2038204679 0.7684366069 2.6198074422 
1.89375 18.9940308072 0.7282264272 2.6997078403 
1.90125 19.3653763973 0.8015149958 2.6410186481 
1.90875 21.1287608423 0.8232296443 2.5377755953 
1.91625 19.81747692 0.7445643415 2.497478192 
1.92375 20.800552486 0.6891512088 2.6405372633 
1.93125 19.3623442803 0.7603955838 2.5636358494 
1.93875 18.888686036 0.8468037257 2.587836757 
1.94625 19.0357977377 0.8726087248 2.6750928939 
1.95375 18.5127120027 0.8873028934 2.4458501443 
1.96125 18.0546461021 0.7850505062 2.622604714 
1.96875 19.5176226791 0.9317382484 2.3350252625 
1.97625 18.462248111 0.856765334 2.5521488542 
1.98375 18.2103278824 0.9539942371 2.5252467591 
1.99125 19.498051503 0.9776959923 2.5707175509 
1.99875 17.5221541557 0.893764109 2.476196984 
2.00625 19.0149559533 0.7552973973 2.7229124822 
2.01375 17.453283009 0.7949646243 2.7212046901 
2.02125 17.9204444698 0.7341403519 2.5575315518 
2.02875 16.6041055469 0.7981244968 2.5715315594 
2.03625 17.3368380711 1.0136939623 2.6831551992 
2.04375 16.5999273543 0.9134565708 2.6814950841 
2.05125 17.8476032699 0.9940735403 2.4403931174 
2.05875 16.6463725226 1.0831214047 2.5396980026 
2.06625 16.6814056935 0.9510189953 2.5600294457 
2.07375 16.0973589193 0.9678748858 2.6219520899 
2.08125 15.035443259 1.0551188252 2.5371442803 
2.08875 16.0193115747 0.9493469742 2.65334726 
2.09625 15.022683822 0.9750682276 2.4770154273 
2.10375 15.2911579344 1.0326701542 2.6462172702 
2.11125 15.5802937147 0.9292200692 2.6105856027 
2.11875 14.9273725447 1.009009871 2.5720422316 
2.12625 15.0672465171 0.9567733775 2.8066619236 
2.13375 14.4019756723 1.1158714259 2.7308305578 
2.14125 14.3495780452 1.0235167753 2.7117339187 
2.14875 15.0412248023 1.0826702147 2.6081769684 
2.15625 14.8414818603 0.9522772217 2.7711428828 
2.16375 13.5795437133 1.0328471951 2.6492083286 
2.17125 14.4021808935 1.056019789 2.7521205978 
2.17875 15.6565176784 1.0659547686 2.7427070489 
2.18625 13.857631062 0.986084731 2.7144852404 
2.19375 15.7193250552 1.0811048479 2.8396574396 
2.20125 14.2865952461 1.0653288497 2.7241569005 
2.20875 13.0772619376 1.0873819776 2.844362331 
2.21625 13.6654077301 1.1340365717 2.7547447085 
2.22375 14.3349281916 1.0645098813 2.5264194124 
2.23125 13.8827529576 0.9139244841 2.6242164913 
2.23875 11.8672628968 1.2171999041 2.7476450572 
2.24625 13.4125856463 1.1282099994 2.7323071067 
2.25375 13.8031977978 1.048409511 2.6697550523 
2.26125 12.9969537697 1.0494470127 2.8167267029 
2.26875 12.4377562028 1.189186306 2.722193495 
2.27625 12.8476010769 1.0947294726 2.8464624341 
2.28375 13.6128293455 1.2675054173 2.7240248004 
2.29125 11.9626004291 1.2164697642 2.9725472698 
2.29875 13.6243994637 1.374575039 2.9161963054 
2.30625 12.8070718988 1.0204008505 3.0046706484 
2.31375 13.1172832222 1.0519089816 2.9065906071 
2.32125 13.1971057995 1.2306696054 2.9799144842 
2.32875 11.9889147399 1.060975419 2.9385732023 
2.33625 12.3382185616 1.1588441083 2.8591379596 
2.34375 13.1667358287 1.2108685081 2.9859227629 
2.35125 11.9809451595 1.0518388309 3.1164731676 
2.35875 12.2433088503 1.1075034193 2.9264494325 
2.36625 12.8977471842 1.2462547126 2.830060717 
2.37375 13.3471130556 1.158729294 2.8548955303 
2.38125 12.9311016606 1.0758783501 2.9827643046 
2.38875 13.082960232 1.1621011451 2.9930456051 
2.39625 13.3676944426 1.1974782103 3.0790693822 
2.40375 12.9776962039 1.2465166493 2.9740210857 
2.41125 12.3255790352 1.2422836106 2.877975501 
2.41875 12.4196514647 1.1613529992 3.0066322312 
2.42625 12.7569288374 1.1853783433 2.9369946641 
2.43375 11.6686388538 1.2469775158 2.9366882526 
2.44125 12.0430928121 1.2359038148 2.9085813353 
2.44875 11.7847214796 1.2249421766 2.9233853933 
2.45625 12.0983967745 1.2479098662 3.0874689115 
2.46375 11.6599081641 1.1697362774 2.9225715824 
2.47125 13.5479874436 1.2261248412 2.9836349212 
2.47875 12.6549142877 1.2486030291 2.9949694159 
2.48625 13.2774956564 1.1750663817 2.8650494925 
2.49375 12.6634292681 1.1614470992 3.0146511237 
2.50125 12.0564781904 1.2621145149 3.018226796 
2.50875 12.5124509473 1.2610631405 2.8521081662 
2.51625 12.9627812507 1.2600018568 3.0227154518 
2.52375 13.0771389616 1.3005749205 2.8584323571 
2.53125 13.6048016734 1.1432109478 2.97291831 
2.53875 12.2184831342 1.1807853825 3.067342866 
2.54625 12.9153826911 1.2902794599 2.8800230101 
2.55375 13.0943874841 1.2858404257 3.0268048028 
2.56125 13.0178123376 1.2161155153 2.993061796 
2.56875 11.8340394216 1.2615907648 2.8662456849 
2.57625 12.7665338324 1.321887404 3.0217342911 
2.58375 12.8086659015 1.4211960564 3.0064690768 
2.59125 12.3552280507 1.0999981688 2.8480324789 
2.59875 12.6448287948 1.3081601501 2.9941236934 
2.60625 12.2786441593 1.3246723464 2.8352636186 
2.61375 12.7433038363 1.3021482292 2.9950666777 
2.62125 12.0417969612 1.2739208157 2.7372652639 
2.62875 13.0951679323 1.2932353566 2.8195700925 
2.63625 13.1960739307 1.2976307126 2.7537954942 
2.64375 13.5808715891 1.3749350129 2.6586071586 
2.65125 12.873845283 1.2829890261 2.8403586537 
2.65875 12.3782622374 1.2642155903 2.6414540595 
2.66625 12.7605607698 1.2312821795 2.7936857598 
2.67375 12.9524605782 1.3785025565 2.7822408577 
2.68125 12.6952188244 1.3537728556 2.74160289 
2.68875 12.5019256562 1.3208303809 2.8219900557 
2.69625 12.4172348218 1.3555915703 2.686366819 
2.70375 12.9544999298 1.3536635045 2.7701992803 
2.71125 12.5815732419 1.2878963092 2.9778219562 
2.71875 13.1715817807 1.2338746001 2.7925983236 
2.72625 11.9219209418 1.2902342072 2.7408446708 
2.73375 13.0274343183 1.4087507562 2.6171956623 
2.74125 12.3224367828 1.4146287757 2.7709518094 
2.74875 13.2228071821 1.3097044691 2.7658002137 
2.75625 11.8679253231 1.3589871814 2.5508927268 
2.76375 12.1081161792 1.4077163752 2.7299547162 
2.77125 12.6339836487 1.3522856207 2.9638140849 
2.77875 12.6662883373 1.4321958023 2.7901254794 
2.78625 12.2415030263 1.3377645468 2.6918517299 
2.79375 11.8778544138 1.3854882687 2.7949164539 
2.80125 12.2801348459 1.3390770151 2.7244093221 
2.80875 11.4564908211 1.3112450311 2.8032575699 
2.81625 11.9262274085 1.3840186251 2.7314803113 
2.82375 11.7379389779 1.4432071967 2.6283717479 
2.83125 11.8001916173 1.4050271296 2.5863323573 
2.83875 12.4388982057 1.3925489413 2.6622337559 
2.84625 11.6898155287 1.4204798925 2.6036829086 
2.85375 12.1180708325 1.3654214728 2.813387981 
2.86125 11.8516857561 1.3308580076 2.7215298582 
2.86875 12.0185946329 1.3834098732 2.5776154154 
2.87625 11.514174936 1.3244119824 2.5805459384 
2.88375 11.9205270369 1.4917307577 2.5761797625 
2.89125 11.3950122866 1.435185758 2.6617480224 
2.89875 11.7052065552 1.4447660414 2.6247328579 
2.90625 12.0776191414 1.3551863069 2.6361227964 
2.91375 11.950292695 1.5260586942 2.6792354133 
2.92125 11.343880031 1.4943235919 2.5404130252 
2.92875 10.8080787175 1.4843013217 2.7394974293 
2.93625 11.3952853743 1.3607673302 2.6610007544 
2.94375 11.9763750726 1.4480226559 2.6405191915 
2.95125 11.2543111611 1.4055339541 2.5943197774 
2.95875 11.3238509029 1.5266055981 2.5691625268 
2.96625 10.7127682008 1.4052681894 2.5220133633 
2.97375 10.8592001742 1.5366232991 2.6147125712 
2.98125 10.754783087 1.5610406627 2.7555025816 
2.98875 10.6264767759 1.5714890423 2.6120956175 
2.99625 11.5480168668 1.4727227988 2.6844416058 
