# Radial distribution function (200 data points):
# "Pair separation distance" 0-0 0-1 1-1
0.00625 0.0 0.0 0.0 
0.01875 0.0 0.0 0.0 
0.03125 0.0 0.0 0.0 
0.04375 0.0 0.0 0.0 
0.05625 0.0 0.0 0.0 
0.06875 0.0 0.0 0.0 
0.08125 0.0 0.0 0.0 
0.09375 0.0 0.0 0.0 
0.10625 0.0 0.0 0.0 
0.11875 0.0 0.0 0.0 
0.13125 0.0 0.0 0.0 
0.14375 0.0 0.0 0.0 
0.15625 0.0 0.0 0.0 
0.16875 0.0 0.0 0.0 
0.18125 0.0 0.0 0.0 
0.19375 0.0 0.0 0.0 
0.20625 0.0 0.0 0.0 
0.21875 0.0 0.0 0.0 
0.23125 0.0 0.0 0.0 
0.24375 0.0 0.0 0.0 
0.25625 0.0 0.0 0.0 
0.26875 0.0 0.0 0.0 
0.28125 0.0 0.0 0.0 
0.29375 0.0 0.0 0.0 
0.30625 0.0 0.0 0.0 
0.31875 0.0 0.0 0.0 
0.33125 0.0 0.0 0.0 
0.34375 0.0 0.0 0.0 
0.35625 0.0 0.0 0.0 
0.36875 0.0 0.0 0.0 
0.38125 0.0 0.0 0.0 
0.39375 0.0 0.0 0.0 
0.40625 0.0 0.0 0.0 
0.41875 0.0 0.0 0.0 
0.43125 0.0 0.0 0.0 
0.44375 0.0 0.0 0.0 
0.45625 0.0 0.0 0.0 
0.46875 0.0 0.0 0.0 
0.48125 0.0 0.0 0.0 
0.49375 0.0 0.0 0.0 
0.50625 0.0 0.0 0.0 
0.51875 0.0 0.0 0.0 
0.53125 0.0 0.0 0.0 
0.54375 0.0 0.0 0.0 
0.55625 0.0 0.0 0.0 
0.56875 0.0 0.0 0.0 
0.58125 0.0 0.0 0.0 
0.59375 0.0 0.0 0.0 
0.60625 0.0 0.0 0.0 
0.61875 0.0 0.0 0.0 
0.63125 0.0 0.0 0.0 
0.64375 0.0 0.0 0.0 
0.65625 0.0 0.0 0.0 
0.66875 0.0 0.0 0.0 
0.68125 0.0 0.0 0.0 
0.69375 0.0 0.0 0.0 
0.70625 0.0 0.0 0.0 
0.71875 0.0 0.0 0.0 
0.73125 0.0 0.0 0.0 
0.74375 0.0 0.0 0.0 
0.75625 0.0 0.0 0.0 
0.76875 0.0 0.0 0.0 
0.78125 0.0 0.0 0.0 
0.79375 0.0 0.0 0.0 
0.80625 0.055806115 0.0 0.0 
0.81875 0.2705757599 0.0 0.0 
0.83125 1.3124974016 0.0 0.0 
0.84375 4.8917658659 0.0 0.0 
0.85625 8.1145587734 0.0 0.0 
0.86875 14.9964136201 0.0 0.0 
0.88125 20.7399341257 0.0 0.0 
0.89375 30.9724192841 0.0 0.0 
0.90625 34.6292497246 0.0 0.0 
0.91875 43.9647061048 0.0 0.0 
0.93125 45.5113530544 0.0 0.0 
0.94375 48.0608749691 0.0 0.0 
0.95625 47.2886721136 0.0 0.0 
0.96875 45.8829366609 0.0 0.0 
0.98125 44.8721101411 0.0 0.0 
0.99375 42.2810007561 0.0 0.0 
1.00625 41.093770426 0.0 0.0 
1.01875 38.3788177307 0.0 0.0 
1.03125 35.1345122037 0.0 0.0 
1.04375 33.3989419811 0.0 0.0 
1.05625 30.3695465696 0.0 0.0 
1.06875 28.2023763393 0.0 0.0043108371 
1.08125 23.3651106676 0.0 0.0084234837 
1.09375 22.2276249177 0.0 0.0576243446 
1.10625 22.2617188115 0.0054605099 0.1609413446 
1.11875 19.7091657575 0.037374192 0.2911252853 
1.13125 18.7657674551 0.0365528146 0.8195525811 
1.14375 16.2502865366 0.122599611 1.4416208646 
1.15625 15.8736970984 0.1699478142 2.3792693986 
1.16875 14.075324824 0.3962616274 3.7489079237 
1.18125 13.0770635247 0.4501782881 4.922722266 
1.19375 11.6081777421 0.6424424316 6.7033178802 
1.20625 12.1666559428 0.7623842863 7.6581670765 
1.21875 10.9414503395 1.030259921 8.7682199202 
1.23125 11.4383037024 0.9477343686 9.7571399285 
1.24375 11.1626434673 1.1318160172 10.0585658097 
1.25625 9.5394274195 1.3804041453 10.0965175006 
1.26875 7.9551619611 1.2869167628 10.195264853 
1.28125 9.0603004421 1.2497166656 9.7183521261 
1.29375 8.8427226372 1.2376617726 9.4402704239 
1.30625 7.9939581062 1.1984223309 8.7323638846 
1.31875 7.9682896063 1.2872443598 8.3326067733 
1.33125 7.4713722687 1.2103946278 7.4711454596 
1.34375 7.8352789873 1.0251421023 7.0491910855 
1.35625 7.7901256567 1.1189547579 6.68963622 
1.36875 7.3580419227 1.0272723349 5.9109460411 
1.38125 8.1761877113 0.9387104129 5.4198912291 
1.39375 8.403685403 0.9288283866 5.2039737795 
1.40625 7.099258312 0.9123893791 4.7109882797 
1.41875 7.677591212 0.8532237825 4.5280444601 
1.43125 7.9159621192 0.8318610846 4.0695090665 
1.44375 8.1797700431 0.8784321916 3.845798408 
1.45625 8.3820738099 0.8571143144 3.6639646737 
1.46875 8.3072735653 0.7930233448 3.385022756 
1.48125 8.6471367843 0.7218275096 3.3640399991 
1.49375 8.7143773695 0.7277668846 3.1358445749 
1.50625 9.4657501817 0.6450477875 3.0362667548 
1.51875 9.6408513155 0.6605477247 2.9160467884 
1.53125 9.8244682661 0.6469573176 2.7237308077 
1.54375 10.6858910545 0.6505430751 2.6384775629 
1.55625 10.5448775128 0.6318570071 2.4925749642 
1.56875 10.9671328451 0.6462663879 2.4410061712 
1.58125 11.1716502429 0.6253986021 2.3336398581 
1.59375 12.0682425781 0.5524857238 2.3029931222 
1.60625 13.5684045626 0.6268033087 2.3092753477 
1.61875 13.1243124319 0.6477633662 2.1422095575 
1.63125 12.7603509289 0.6102495763 2.1169064791 
1.64375 14.137893006 0.640575799 2.1723082571 
1.65625 13.3037501715 0.5578610318 2.1342575812 
1.66875 13.9780013446 0.6479232487 1.9132049456 
1.68125 14.1431107848 0.659602048 2.005060819 
1.69375 14.0868713142 0.5683732449 1.7953532784 
1.70625 14.2425877304 0.507281927 1.8063537445 
1.71875 15.2150685659 0.6198228943 1.833513748 
1.73125 14.512013296 0.5774610444 1.8597038472 
1.74375 14.5910350294 0.6417367905 1.896292888 
1.75625 15.2896938142 0.6001359576 1.8709919803 
1.76875 14.8308408749 0.5318743189 1.6762304152 
1.78125 14.3147159927 0.6255316662 1.7552132557 
1.79375 15.3335695265 0.6209976977 1.8303090038 
1.80625 15.4111738922 0.6308667675 1.7280919828 
1.81875 15.0684629486 0.6646493176 1.7728943724 
1.83125 15.0257178025 0.607781204 1.7634569739 
1.84375 14.9187138954 0.6605077758 1.7164511279 
1.85625 14.560542277 0.6826726067 1.777725197 
1.86875 15.1974330749 0.6888788601 1.8019620709 
1.88125 14.1351228229 0.6608726941 1.7725301311 
1.89375 14.495368684 0.7472086513 1.7066445661 
1.90625 13.6370167462 0.7870945167 1.783254965 
1.91875 13.1347488133 0.8022843769 1.888492208 
1.93125 12.790195629 0.7310145831 1.9076915655 
1.94375 12.9622801371 0.8578351085 1.9953160841 
1.95625 12.9393484389 0.8346840154 1.9557449732 
1.96875 12.1204044232 0.8568763867 1.8776327643 
1.98125 11.4042073239 0.8699319628 1.9154810485 
1.99375 12.3567933847 0.877550397 2.0884956212 
2.00625 11.8608094526 0.971244895 2.1016988047 
2.01875 11.6253665201 0.9625338726 2.0817934256 
2.03125 10.7090046005 0.9442452635 2.1493364696 
2.04375 10.9258111935 0.9295304603 2.2858079423 
2.05625 10.5960435262 1.0510245603 2.2324809774 
2.06875 10.1547542688 1.1070654037 2.4667563771 
2.08125 9.5557720505 1.1154057463 2.3610517792 
2.09375 9.6406192426 1.1219442136 2.4306651814 
2.10625 9.4774667375 1.0936035139 2.4651665697 
2.11875 8.2669419294 1.1596345717 2.5392714323 
2.13125 8.897030866 1.1754959282 2.6017168295 
2.14375 8.6751727398 1.1487406075 2.5575358842 
2.15625 8.8401658488 1.1828911473 2.7482532059 
2.16875 7.8747268717 1.2161803035 2.7061955966 
2.18125 8.1888355247 1.2598671533 2.8263662934 
2.19375 8.110857526 1.2719335369 2.8034572785 
2.20625 8.7421317825 1.2465784899 2.9083459436 
2.21875 8.1354415265 1.2149251803 2.935682191 
2.23125 7.8550888562 1.1355784642 2.923651808 
2.24375 8.1353048352 1.2941927066 2.958653772 
2.25625 8.1024220096 1.2037551933 3.0546073928 
2.26875 8.4080639139 1.2216860855 3.1444460139 
2.28125 8.3161734247 1.2468573426 3.0447946771 
2.29375 8.2602563234 1.2434657891 3.1062244695 
2.30625 8.7984429859 1.2048948952 3.2189162895 
2.31875 8.4946750144 1.2354405909 3.2502436302 
2.33125 8.2502987688 1.2529675762 3.2716555367 
2.34375 8.2615903009 1.3041140481 3.3040799949 
2.35625 8.2003033099 1.274666564 3.3187829608 
2.36875 8.9803389196 1.2398114832 3.339135331 
2.38125 9.2125838315 1.3140390498 3.2902768674 
2.39375 8.9013667543 1.2945200958 3.387481036 
2.40625 9.1349252444 1.2891845442 3.4561298509 
2.41875 8.829924741 1.2267773175 3.4550079602 
2.43125 9.794959329 1.2763745478 3.429568607 
2.44375 9.6342659491 1.2588744334 3.4547637081 
2.45625 9.6687407535 1.271569794 3.3935733014 
2.46875 9.5472688894 1.2335073911 3.3819165918 
2.48125 9.7871807683 1.3426787647 3.4654971377 
2.49375 9.5726413904 1.2400621757 3.3199913271 
