# Radial distribution function (400 data points):
# "Pair separation distance" 0-0 0-1 1-1
0.00375 0.0 0.0 0.0 
0.01125 0.0 0.0 0.0 
0.01875 0.0 0.0 0.0 
0.02625 0.0 0.0 0.0 
0.03375 0.0 0.0 0.0 
0.04125 0.0 0.0 0.0 
0.04875 0.0 0.0 0.0 
0.05625 0.0 0.0 0.0 
0.06375 0.0 0.0 0.0 
0.07125 0.0 0.0 0.0 
0.07875 0.0 0.0 0.0 
0.08625 0.0 0.0 0.0 
0.09375 0.0 0.0 0.0 
0.10125 0.0 0.0 0.0 
0.10875 0.0 0.0 0.0 
0.11625 0.0 0.0 0.0 
0.12375 0.0 0.0 0.0 
0.13125 0.0 0.0 0.0 
0.13875 0.0 0.0 0.0 
0.14625 0.0 0.0 0.0 
0.15375 0.0 0.0 0.0 
0.16125 0.0 0.0 0.0 
0.16875 0.0 0.0 0.0 
0.17625 0.0 0.0 0.0 
0.18375 0.0 0.0 0.0 
0.19125 0.0 0.0 0.0 
0.19875 0.0 0.0 0.0 
0.20625 0.0 0.0 0.0 
0.21375 0.0 0.0 0.0 
0.22125 0.0 0.0 0.0 
0.22875 0.0 0.0 0.0 
0.23625 0.0 0.0 0.0 
0.24375 0.0 0.0 0.0 
0.25125 0.0 0.0 0.0 
0.25875 0.0 0.0 0.0 
0.26625 0.0 0.0 0.0 
0.27375 0.0 0.0 0.0 
0.28125 0.0 0.0 0.0 
0.28875 0.0 0.0 0.0 
0.29625 0.0 0.0 0.0 
0.30375 0.0 0.0 0.0 
0.31125 0.0 0.0 0.0 
0.31875 0.0 0.0 0.0 
0.32625 0.0 0.0 0.0 
0.33375 0.0 0.0 0.0 
0.34125 0.0 0.0 0.0 
0.34875 0.0 0.0 0.0 
0.35625 0.0 0.0 0.0 
0.36375 0.0 0.0 0.0 
0.37125 0.0 0.0 0.0 
0.37875 0.0 0.0 0.0 
0.38625 0.0 0.0 0.0 
0.39375 0.0 0.0 0.0 
0.40125 0.0 0.0 0.0 
0.40875 0.0 0.0 0.0 
0.41625 0.0 0.0 0.0 
0.42375 0.0 0.0 0.0 
0.43125 0.0 0.0 0.0 
0.43875 0.0 0.0 0.0 
0.44625 0.0 0.0 0.0 
0.45375 0.0 0.0 0.0 
0.46125 0.0 0.0 0.0 
0.46875 0.0 0.0 0.0 
0.47625 0.0 0.0 0.0 
0.48375 0.0 0.0 0.0 
0.49125 0.0 0.0 0.0 
0.49875 0.0 0.0 0.0 
0.50625 0.0 0.0 0.0 
0.51375 0.0 0.0 0.0 
0.52125 0.0 0.0 0.0 
0.52875 0.0 0.0 0.0 
0.53625 0.0 0.0 0.0 
0.54375 0.0 0.0 0.0 
0.55125 0.0 0.0 0.0 
0.55875 0.0 0.0 0.0 
0.56625 0.0 0.0 0.0 
0.57375 0.0 0.0 0.0 
0.58125 0.0 0.0 0.0 
0.58875 0.0 0.0 0.0 
0.59625 0.0 0.0 0.0 
0.60375 0.0 0.0 0.0 
0.61125 0.0 0.0 0.0 
0.61875 0.0 0.0 0.0 
0.62625 0.0 0.0 0.0 
0.63375 0.0 0.0 0.0 
0.64125 0.0 0.0 0.0 
0.64875 0.0 0.0 0.0 
0.65625 0.0 0.0 0.0 
0.66375 0.0 0.0 0.0 
0.67125 0.0 0.0 0.0 
0.67875 0.0 0.0 0.0 
0.68625 0.0 0.0 0.0 
0.69375 0.0 0.0 0.0 
0.70125 0.0 0.0 0.0 
0.70875 0.0 0.0 0.0 
0.71625 0.0 0.0 0.0 
0.72375 0.0 0.0 0.0 
0.73125 0.0 0.0 0.0 
0.73875 0.0 0.0 0.0 
0.74625 0.0 0.0 0.0 
0.75375 0.0 0.0 0.0 
0.76125 0.0 0.0 0.0 
0.76875 0.0 0.0 0.0 
0.77625 0.0 0.0 0.0 
0.78375 0.0 0.0 0.0 
0.79125 0.0 0.0 0.0 
0.79875 0.1556945357 0.0 0.0 
0.80625 0.22921708 0.0 0.0 
0.81375 0.2250113811 0.0 0.0 
0.82125 1.2518821467 0.0 0.0 
0.82875 1.8078328345 0.0 0.0 
0.83625 4.4033664077 0.0 0.0 
0.84375 6.5579142022 0.0 0.0 
0.85125 9.6642990792 0.0 0.0 
0.85875 12.5942889756 0.0 0.0 
0.86625 18.9297610993 0.0 0.0 
0.87375 24.7865589871 0.0 0.0 
0.88125 29.5467285509 0.0 0.0 
0.88875 31.2509261099 0.0 0.0 
0.89625 36.5422191026 0.0 0.0 
0.90375 44.2690879263 0.0 0.0 
0.91125 44.3209419452 0.0 0.0 
0.91875 46.8953210631 0.0 0.0 
0.92625 50.1334261145 0.0 0.0 
0.93375 50.2427414989 0.0 0.0 
0.94125 50.6785828882 0.0 0.0 
0.94875 49.1080257941 0.0 0.0 
0.95625 47.7432589451 0.0 0.0 
0.96375 49.302422063 0.0 0.0 
0.97125 45.8587530288 0.0 0.0 
0.97875 42.4625953016 0.0 0.0 
0.98625 39.623597554 0.0 0.0 
0.99375 39.5809939265 0.0 0.0 
1.00125 37.5535004513 0.0 0.0 
1.00875 36.6555000968 0.0 0.0 
1.01625 34.1447210013 0.0 0.0 
1.02375 32.7932628905 0.0 0.0 
1.03125 30.0762951505 0.0 0.0 
1.03875 27.9404269952 0.0 0.0 
1.04625 25.4087636409 0.0 0.0 
1.05375 25.7192999925 0.0 0.0 
1.06125 20.8589399946 0.0 0.0 
1.06875 20.6976587863 0.0 0.0059020536 
1.07625 19.6812603866 0.0 0.0116401639 
1.08375 18.3526204617 0.007789737 0.0344388374 
1.09125 17.3087689956 0.0 0.0849176999 
1.09875 15.0573980391 0.0 0.1954455417 
1.10625 14.7321693391 0.01495218 0.2974696861 
1.11375 14.4143058731 0.0368787065 0.5489104322 
1.12125 13.1949650282 0.1091609934 0.7936195729 
1.12875 13.6439220001 0.1508012432 1.3069441074 
1.13625 10.1175343445 0.2055092527 1.6761498763 
1.14375 10.668684144 0.2657679324 2.5973109849 
1.15125 10.9048695498 0.490117577 3.6571708895 
1.15875 10.2832902361 0.6541434152 4.4082954277 
1.16625 9.3115864201 0.6726636217 5.7544602667 
1.17375 9.0127148031 0.9430145805 6.3270755876 
1.18125 8.2579298823 1.0556586862 7.8171888065 
1.18875 8.5406727442 1.2495612819 8.5012421221 
1.19625 8.711575511 1.3106637511 9.1958456972 
1.20375 7.7121740276 1.6479698185 10.3610411378 
1.21125 7.4476973701 1.6775136541 10.3755745709 
1.21875 8.125385106 1.9833894335 10.8791406684 
1.22625 7.2996357108 1.7949211411 11.634163257 
1.23375 6.8522300328 2.0436475537 12.1264857626 
1.24125 7.0920394801 1.8705678294 11.9060001491 
1.24875 6.2426943444 2.0417834886 11.7590918399 
1.25625 6.2627913779 2.1682078587 11.5892022078 
1.26375 5.97098424 1.9420429827 10.8779734092 
1.27125 5.9007381816 2.3041670887 10.8417721054 
1.27875 5.8620980564 1.986271294 10.818037399 
1.28625 5.5537717934 2.0129460213 10.3377410041 
1.29375 5.9643404256 2.1427271704 9.4368604518 
1.30125 5.338472486 1.9884189017 8.9979367918 
1.30875 5.1324768188 2.056500896 8.2102600366 
1.31625 5.8481773184 1.7638078651 8.0508128934 
1.32375 4.3649163068 1.8013111553 7.2827380989 
1.33125 5.4649038983 1.6158710447 7.1362429994 
1.33875 5.7086763929 1.4957198878 6.7142159146 
1.34625 4.9601444823 1.5346303371 6.0072700695 
1.35375 5.2034512089 1.5675967321 6.1726420432 
1.36125 6.4328387563 1.3874335344 5.2534849843 
1.36875 5.9648767605 1.3283187546 5.1348978482 
1.37625 4.9298126918 1.2704066581 4.4668891301 
1.38375 6.2253420527 1.1849993206 4.3024126435 
1.39125 5.8761433771 1.299882326 4.2491847135 
1.39875 6.1433100495 1.2018067398 3.9315299736 
1.40625 5.3496061709 1.045598834 3.661300435 
1.41375 7.2312777458 1.0803102583 3.4134334833 
1.42125 6.0241035605 1.1323502933 3.1705808213 
1.42875 6.3503159188 1.0532637312 3.1737089004 
1.43625 6.187858317 0.9580218898 2.9184185345 
1.44375 6.6241191078 0.8866437352 2.7264641382 
1.45125 7.3576219653 1.0512661614 2.5383116406 
1.45875 6.535271652 0.9071988938 2.5946476718 
1.46625 7.0692401828 0.9021974915 2.4929141213 
1.47375 7.5920282996 0.9351626488 2.4551899415 
1.48125 7.1305200817 0.7464111664 2.2153114714 
1.48875 7.731129281 0.6728618238 2.2660474078 
1.49625 8.2528131376 0.8336882541 1.918171272 
1.50375 8.69783797 0.7687483054 2.0302621451 
1.51125 8.763948869 0.82923873 1.8360058126 
1.51875 8.9359954778 0.7734707563 1.8792938592 
1.52625 9.5946380069 0.7226838452 1.8695516865 
1.53375 10.1133212915 0.7545264429 1.6764979836 
1.54125 10.1196765947 0.6316544547 1.7141431543 
1.54875 10.7259206646 0.6598806099 1.8128146964 
1.55625 10.5407583626 0.6762016295 1.558782939 
1.56375 10.7851788466 0.6585063108 1.6513857423 
1.57125 11.8694040418 0.6929995491 1.4363210469 
1.57875 11.6373370072 0.6276988283 1.4551639196 
1.58625 11.823636001 0.5890520703 1.5164550375 
1.59375 11.7908312334 0.6267448914 1.4730211151 
1.60125 11.8549752258 0.5780676774 1.4277032111 
1.60875 12.3587989991 0.6893494865 1.3571161011 
1.61625 12.9098211972 0.5848996581 1.3419695907 
1.62375 13.5255100687 0.6940226542 1.3756259556 
1.63125 12.8414756295 0.6842172411 1.3174032043 
1.63875 12.7981806209 0.6507137013 1.338006514 
1.64625 12.9933822825 0.698812669 1.315892862 
1.65375 12.9121169227 0.6188907919 1.2990544132 
1.66125 13.0837426551 0.6895652395 1.3850629734 
1.66875 12.7523745944 0.6505259915 1.3266441803 
1.67625 13.2395071821 0.5893632071 1.2020335954 
1.68375 13.962741377 0.6518958036 1.2817107175 
1.69125 13.0404300578 0.6301336131 1.1690215894 
1.69875 12.8050594377 0.7672527832 1.170402571 
1.70625 13.8357636405 0.7259533327 1.2990743848 
1.71375 13.5289055963 0.6479633733 1.2441159101 
1.72125 13.3609714446 0.6454170648 1.1627584189 
1.72875 12.7965814658 0.6918725864 1.1391567736 
1.73625 12.9334018619 0.7162581252 1.2389157046 
1.74375 13.2634109705 0.761262018 1.1795047869 
1.75125 13.1338545348 0.7577387683 1.3167006447 
1.75875 13.1826458863 0.7335429598 1.2401110394 
1.76625 12.9435632834 0.7390576045 1.3095582114 
1.77375 13.0553450205 0.6659364242 1.2792223934 
1.78125 12.9456368872 0.8650746981 1.2557242197 
1.78875 13.6600110431 0.7720520596 1.2178255879 
1.79625 13.007409825 0.8365089159 1.2014088801 
1.80375 12.4414959608 0.9167418076 1.3281951859 
1.81125 12.3689532231 0.8338664915 1.3316030296 
1.81875 11.7716608878 0.9044485692 1.3247194559 
1.82625 12.5388968959 0.842170566 1.2410934657 
1.83375 12.8796462193 0.9441290641 1.4214204596 
1.84125 12.5551819186 0.9661390987 1.3800363838 
1.84875 11.9885121289 0.9717004568 1.4536762814 
1.85625 11.8774167649 0.987761665 1.3871706688 
1.86375 11.1671781105 1.0219710138 1.4788913152 
1.87125 11.7303132428 0.982440796 1.4920888349 
1.87875 10.9332873626 1.0575583793 1.4878394846 
1.88625 10.3160554707 1.128881079 1.5309798305 
1.89375 10.2483551801 1.0816898355 1.5527136616 
1.90125 10.3737611026 1.209850284 1.6094925272 
1.90875 10.4150895344 1.1626930691 1.6061209702 
1.91625 10.3201962487 1.2856642357 1.4907620391 
1.92375 10.3740893993 1.1693541908 1.7651562204 
1.93125 10.1871383403 1.3418146785 1.7605104355 
1.93875 9.9763366623 1.3387555298 1.743328732 
1.94625 9.6504670852 1.2632422768 1.7779718712 
1.95375 8.6266727018 1.4189462442 1.8420566374 
1.96125 9.103134984 1.324864625 1.9769689273 
1.96875 8.5597898607 1.380883213 1.9723708403 
1.97625 8.7874338411 1.3891628408 1.9056448804 
1.98375 8.0143376666 1.4344767668 2.110539561 
1.99125 8.5052286083 1.4075391891 2.1405768548 
1.99875 7.7577438317 1.4427990173 2.06210573 
2.00625 8.1810911464 1.5070431059 2.1957822629 
2.01375 7.6793460791 1.579316536 2.2226802196 
2.02125 7.1969659947 1.5340261355 2.3844294062 
2.02875 7.300727227 1.5026986185 2.4126947142 
2.03625 7.2111098883 1.5137152336 2.5087675676 
2.04375 6.9442464872 1.5792903758 2.5097562948 
2.05125 6.8699507044 1.6286467509 2.597182866 
2.05875 6.3043872069 1.5390919854 2.6769089363 
2.06625 7.0613996087 1.6008002494 2.8580482154 
2.07375 5.9247823609 1.6530671623 2.812330478 
2.08125 6.5815961279 1.7024282667 2.7858725587 
2.08875 6.1473604046 1.6419923186 2.7736282158 
2.09625 6.4086234186 1.7780910979 3.0437728545 
2.10375 6.1048990913 1.6703419727 2.9870745518 
2.11125 5.771893192 1.6831267487 3.2093921343 
2.11875 6.3949368755 1.7058794006 3.1071183246 
2.12625 5.4820090752 1.8254089917 3.0658520491 
2.13375 5.9562570962 1.7362368864 3.0976429049 
2.14125 5.8604420685 1.6342987829 3.2921232343 
2.14875 5.2279612155 1.767564968 3.2297587874 
2.15625 6.1423914475 1.6923202066 3.2174797759 
2.16375 5.6649354881 1.7705017182 3.3132881579 
2.17125 5.3519484989 1.7272399062 3.3647981661 
2.17875 5.5034981286 1.7076593653 3.3288909191 
2.18625 5.5904982112 1.7667877589 3.4104635464 
2.19375 5.9961121863 1.7566289347 3.388584843 
2.20125 5.483816728 1.6748164321 3.2764906999 
2.20875 5.5688060438 1.7215985585 3.4062817484 
2.21625 5.450284361 1.6913390977 3.5342438251 
2.22375 5.7048510523 1.8483146501 3.4600029582 
2.23125 5.9159722149 1.7219695464 3.394803524 
2.23875 5.7475756706 1.7305314043 3.3519198108 
2.24625 5.8667554319 1.7443805669 3.4003873289 
2.25375 6.1308962755 1.8480692122 3.4202647501 
2.26125 6.0708676857 1.7195253441 3.3659715673 
2.26875 5.8281613489 1.7721653039 3.4694885952 
2.27625 6.0582204947 1.6810451939 3.4961056006 
2.28375 6.4851183918 1.7594874499 3.2779998122 
2.29125 6.6887101747 1.6800199605 3.3914095883 
2.29875 6.2691732561 1.7504513191 3.3425245657 
2.30625 6.4805912305 1.6169532192 3.4716510718 
2.31375 6.2716492261 1.6560493888 3.3219931578 
2.32125 6.0191792682 1.6453652364 3.4094119694 
2.32875 6.5940873119 1.5909199688 3.5105548856 
2.33625 6.6792141212 1.6310098731 3.4522321812 
2.34375 6.5099531599 1.6372437022 3.415446224 
2.35125 7.1872095897 1.6152307867 3.3790586249 
2.35875 7.1683575792 1.7858640072 3.3891084034 
2.36625 6.6439829342 1.6814211607 3.5217736448 
2.37375 6.7607263132 1.6383383638 3.4205900239 
2.38125 7.5678358858 1.7748640449 3.2647307819 
2.38875 7.0590686488 1.6771529835 3.446290306 
2.39625 7.603132812 1.6634840605 3.3167369729 
2.40375 7.0657973705 1.7861293391 3.529422243 
2.41125 7.1585900964 1.6774714012 3.4228566243 
2.41875 7.4878059427 1.6092214526 3.4166427547 
2.42625 7.2981531539 1.6567940017 3.3451631235 
2.43375 7.2951678363 1.688303966 3.2949853008 
2.44125 7.500426565 1.6257503546 3.2804266386 
2.44875 7.8272801669 1.6325906001 3.3221973992 
2.45625 7.581977048 1.6089874717 3.3343449883 
2.46375 7.7322610277 1.6142790567 3.2874207139 
2.47125 7.8236548383 1.5760311366 3.1560047165 
2.47875 7.9218861754 1.6230932202 3.232392891 
2.48625 7.6893623035 1.5467108082 3.0547830587 
2.49375 7.443514985 1.6095108921 3.086302566 
2.50125 7.5735963376 1.6554445928 3.0053231156 
2.50875 7.7809052811 1.6964400353 3.0152303157 
2.51625 7.711057269 1.5057142935 2.8993251994 
2.52375 6.9400936549 1.561418469 2.9636180692 
2.53125 7.3563794353 1.5864500823 2.7514300779 
2.53875 7.0817995642 1.5557976707 2.8209665987 
2.54625 6.8716076279 1.6087375717 2.7336655155 
2.55375 7.158781222 1.6077195678 2.7393403126 
2.56125 6.7989272099 1.5718185664 2.6123326549 
2.56875 6.8721890574 1.5626534696 2.5664501573 
2.57625 6.7648850633 1.5783812815 2.5241041041 
2.58375 6.8372669293 1.6171990389 2.5468360243 
2.59125 7.21197131 1.598312994 2.4728778507 
2.59875 7.0527357014 1.6459995922 2.4296765044 
2.60625 6.9244589139 1.5799681027 2.2509600752 
2.61375 6.5503530688 1.5414508638 2.265691004 
2.62125 7.0839779472 1.6271844082 2.1909311296 
2.62875 6.4758120127 1.5477413897 2.2760041993 
2.63625 6.1317172126 1.6547963364 2.2048707875 
2.64375 6.5375507721 1.5838974554 2.0708477474 
2.65125 6.507681442 1.6087907834 2.1147748034 
2.65875 6.4148099151 1.5608988673 2.073296584 
2.66625 6.1132807044 1.6422202482 2.104323306 
2.67375 5.87755621 1.6739736425 2.018036791 
2.68125 5.9967111611 1.6493500986 1.9580004095 
2.68875 6.2037591678 1.637630429 2.0216935973 
2.69625 5.9028460175 1.7115952146 2.0058253208 
2.70375 5.8905257956 1.640786597 1.8517721633 
2.71125 5.4728547233 1.6553696385 1.857132143 
2.71875 5.6308440923 1.6165424159 1.8031216647 
2.72625 5.6667301141 1.747992097 1.8213326105 
2.73375 5.3964290663 1.7359656116 1.9268174467 
2.74125 5.9221411933 1.7021285749 1.8023517919 
2.74875 5.2653842495 1.7739836875 1.7675467429 
2.75625 5.3152215561 1.6944913933 1.779238148 
2.76375 5.2994175435 1.7176478302 1.8172545091 
2.77125 5.2513704981 1.6940673431 1.8820462421 
2.77875 5.3838698292 1.806980143 1.7374449278 
2.78625 5.3229355669 1.8290856528 1.7888914212 
2.79375 5.0653100518 1.7477731093 1.7067455715 
2.80125 5.3040587785 1.7652435289 1.7233921736 
2.80875 5.0931961344 1.7743845748 1.7133462337 
2.81625 4.8719771071 1.7338002687 1.6889328667 
2.82375 4.7464677702 1.8875388995 1.7205561749 
2.83125 4.8700583135 1.8513004584 1.7375239944 
2.83875 4.7519092606 1.8142827834 1.6940556258 
2.84625 4.6655905892 1.8724961747 1.6468598506 
2.85375 4.7935664838 1.867160589 1.7863910227 
2.86125 4.7624025797 1.9009697458 1.7128079147 
2.86875 4.224552338 1.9010485521 1.6923954546 
2.87625 4.4967279769 1.8535455212 1.7805538718 
2.88375 4.4435061313 1.8824233494 1.7502269575 
2.89125 4.2541205779 1.9142604468 1.7734170538 
2.89875 4.3799056022 1.8390377134 1.7626475333 
2.90625 4.5572602362 1.8804694869 1.7431856364 
2.91375 4.3934271776 1.9333050143 1.8739775178 
2.92125 4.5280395936 2.0070163318 1.8138082819 
2.92875 4.2501037072 1.9306185993 1.8909844983 
2.93625 4.0498350748 1.9324417047 1.8594424472 
2.94375 4.2814100682 1.9141610363 1.8982129358 
2.95125 4.1285223533 1.9391089652 1.8831593081 
2.95875 3.9601073263 2.0170807562 1.8628431113 
2.96625 4.3183119234 2.0256106429 1.9315871077 
2.97375 4.077517076 1.9543645171 1.9249055662 
2.98125 3.9229104859 1.9599846662 1.9918420021 
2.98875 4.0478115123 2.0935543348 2.0029896195 
2.99625 4.1326877133 1.9842316933 2.0012349492 
