# Radial distribution function (400 data points):
# "Pair separation distance" 0-0 0-1 1-1
0.00375 0.0 0.0 0.0 
0.01125 0.0 0.0 0.0 
0.01875 0.0 0.0 0.0 
0.02625 0.0 0.0 0.0 
0.03375 0.0 0.0 0.0 
0.04125 0.0 0.0 0.0 
0.04875 0.0 0.0 0.0 
0.05625 0.0 0.0 0.0 
0.06375 0.0 0.0 0.0 
0.07125 0.0 0.0 0.0 
0.07875 0.0 0.0 0.0 
0.08625 0.0 0.0 0.0 
0.09375 0.0 0.0 0.0 
0.10125 0.0 0.0 0.0 
0.10875 0.0 0.0 0.0 
0.11625 0.0 0.0 0.0 
0.12375 0.0 0.0 0.0 
0.13125 0.0 0.0 0.0 
0.13875 0.0 0.0 0.0 
0.14625 0.0 0.0 0.0 
0.15375 0.0 0.0 0.0 
0.16125 0.0 0.0 0.0 
0.16875 0.0 0.0 0.0 
0.17625 0.0 0.0 0.0 
0.18375 0.0 0.0 0.0 
0.19125 0.0 0.0 0.0 
0.19875 0.0 0.0 0.0 
0.20625 0.0 0.0 0.0 
0.21375 0.0 0.0 0.0 
0.22125 0.0 0.0 0.0 
0.22875 0.0 0.0 0.0 
0.23625 0.0 0.0 0.0 
0.24375 0.0 0.0 0.0 
0.25125 0.0 0.0 0.0 
0.25875 0.0 0.0 0.0 
0.26625 0.0 0.0 0.0 
0.27375 0.0 0.0 0.0 
0.28125 0.0 0.0 0.0 
0.28875 0.0 0.0 0.0 
0.29625 0.0 0.0 0.0 
0.30375 0.0 0.0 0.0 
0.31125 0.0 0.0 0.0 
0.31875 0.0 0.0 0.0 
0.32625 0.0 0.0 0.0 
0.33375 0.0 0.0 0.0 
0.34125 0.0 0.0 0.0 
0.34875 0.0 0.0 0.0 
0.35625 0.0 0.0 0.0 
0.36375 0.0 0.0 0.0 
0.37125 0.0 0.0 0.0 
0.37875 0.0 0.0 0.0 
0.38625 0.0 0.0 0.0 
0.39375 0.0 0.0 0.0 
0.40125 0.0 0.0 0.0 
0.40875 0.0 0.0 0.0 
0.41625 0.0 0.0 0.0 
0.42375 0.0 0.0 0.0 
0.43125 0.0 0.0 0.0 
0.43875 0.0 0.0 0.0 
0.44625 0.0 0.0 0.0 
0.45375 0.0 0.0 0.0 
0.46125 0.0 0.0 0.0 
0.46875 0.0 0.0 0.0 
0.47625 0.0 0.0 0.0 
0.48375 0.0 0.0 0.0 
0.49125 0.0 0.0 0.0 
0.49875 0.0 0.0 0.0 
0.50625 0.0 0.0 0.0 
0.51375 0.0 0.0 0.0 
0.52125 0.0 0.0 0.0 
0.52875 0.0 0.0 0.0 
0.53625 0.0 0.0 0.0 
0.54375 0.0 0.0 0.0 
0.55125 0.0 0.0 0.0 
0.55875 0.0 0.0 0.0 
0.56625 0.0 0.0 0.0 
0.57375 0.0 0.0 0.0 
0.58125 0.0 0.0 0.0 
0.58875 0.0 0.0 0.0 
0.59625 0.0 0.0 0.0 
0.60375 0.0 0.0 0.0 
0.61125 0.0 0.0 0.0 
0.61875 0.0 0.0 0.0 
0.62625 0.0 0.0 0.0 
0.63375 0.0 0.0 0.0 
0.64125 0.0 0.0 0.0 
0.64875 0.0 0.0 0.0 
0.65625 0.0 0.0 0.0 
0.66375 0.0 0.0 0.0 
0.67125 0.0 0.0 0.0 
0.67875 0.0 0.0 0.0 
0.68625 0.0 0.0 0.0 
0.69375 0.0 0.0 0.0 
0.70125 0.0 0.0 0.0 
0.70875 0.0 0.0 0.0 
0.71625 0.0 0.0 0.0 
0.72375 0.0 0.0 0.0 
0.73125 0.0 0.0 0.0 
0.73875 0.0 0.0 0.0 
0.74625 0.0 0.0 0.0 
0.75375 0.0 0.0 0.0 
0.76125 0.0 0.0 0.0 
0.76875 0.0 0.0 0.0 
0.77625 0.0 0.0 0.0 
0.78375 0.0 0.0 0.0 
0.79125 0.0 0.0 0.0 
0.79875 0.0 0.0 0.0 
0.80625 0.0 0.0 0.0 
0.81375 0.1578385724 0.0 0.0 
0.82125 0.7748443 0.0 0.0 
0.82875 1.0652369315 0.0 0.0 
0.83625 2.092430707 0.0 0.0 
0.84375 2.78946805 0.0 0.0 
0.85125 7.5004013988 0.0 0.0 
0.85875 8.3620733493 0.0 0.0 
0.86625 11.0036331964 0.0 0.0 
0.87375 12.7322197665 0.0 0.0 
0.88125 22.4757302705 0.0 0.0 
0.88875 22.8919358428 0.0 0.0 
0.89625 26.023598248 0.0 0.0 
0.90375 33.5274404635 0.0 0.0 
0.91125 40.278256736 0.0 0.0 
0.91875 39.4995173416 0.0 0.0 
0.92625 46.050166709 0.0 0.0 
0.93375 50.8277065394 0.0 0.0 
0.94125 49.1951173044 0.0 0.0 
0.94875 54.1100953199 0.0 0.0 
0.95625 58.7511291893 0.0 0.0 
0.96375 55.1395640173 0.0 0.0 
0.97125 58.3908255182 0.0 0.0 
0.97875 60.2270545539 0.0 0.0 
0.98625 61.3561647089 0.0 0.0 
0.99375 60.0101808873 0.0 0.0 
1.00125 59.5315569717 0.0 0.0 
1.00875 54.6437829957 0.0 0.0 
1.01625 54.0426193549 0.0 0.0 
1.02375 55.5473883845 0.0 0.0 
1.03125 53.5629991744 0.0 0.0 
1.03875 47.9489896439 0.0 0.0 
1.04625 50.0330187571 0.0 0.0 
1.05375 46.0288444617 0.0 0.0 
1.06125 42.3180697787 0.0 0.0 
1.06875 44.2883545946 0.0 0.0 
1.07625 42.8611426548 0.0 0.0244956523 
1.08375 39.8672501795 0.0 0.0 
1.09125 36.4247093893 0.0 0.0357402949 
1.09875 40.0848026998 0.0159482562 0.0352540399 
1.10625 35.9560591889 0.0157327425 0.0695552826 
1.11375 34.9678751761 0.0 0.1601172271 
1.12125 33.6702788832 0.0153146168 0.2482579983 
1.12875 31.5015788918 0.0755588858 0.3229148171 
1.13625 28.3345876519 0.0596517635 0.6593089648 
1.14375 28.2837971219 0.0883080196 0.9543463166 
1.15125 27.4433195951 0.0726343153 1.3272965411 
1.15875 27.3227449248 0.100375956 1.8490307687 
1.16625 25.0513428991 0.1557114468 2.5658862338 
1.17375 24.9598189887 0.4332331403 3.532063735 
1.18125 26.2917949289 0.3449590728 3.5178563126 
1.18875 24.6297472273 0.4223688279 4.7184836802 
1.19625 22.4228738205 0.443998273 5.6013179254 
1.20375 20.7738362658 0.62450586 6.1485504152 
1.21125 19.0213140228 0.6955359257 6.7495303538 
1.21875 21.1803966684 0.5573788597 7.3543991524 
1.22625 19.809964037 0.7426450045 8.4817876833 
1.23375 18.4025220582 0.8221865216 8.2391744064 
1.24125 17.6380969479 0.7747908983 8.6647668034 
1.24875 17.761996809 0.740818139 9.7346102827 
1.25625 17.7492324158 0.9149987253 9.1153136169 
1.26375 19.4370816561 0.9885597085 9.4427121839 
1.27125 17.5915429993 1.0364986152 9.1911655786 
1.27875 17.5775514241 1.1185714543 9.5868700263 
1.28625 16.6150619229 1.0473773275 10.2900228671 
1.29375 15.1740864313 1.2883348237 9.3658551329 
1.30125 16.0490334559 1.0006279968 8.8644150056 
1.30875 15.3774450789 1.0341556632 8.8956318947 
1.31625 14.1167958991 0.933499324 8.0821388838 
1.32375 14.1362253492 1.0328265911 8.2336982109 
1.33125 14.3312510885 0.9886297318 7.9010327553 
1.33875 15.5124271447 1.106495842 7.3061519013 
1.34625 14.6480354551 0.9348518276 7.138868502 
1.35375 12.3189565315 1.0400873387 7.3541529001 
1.36125 15.0602644858 0.9559245347 6.6302225735 
1.36875 13.8356813614 0.9454773766 6.7016388419 
1.37625 14.0163908563 0.8843744334 6.3966005602 
1.38375 13.5919334007 0.9753670238 6.0162627924 
1.39125 12.6897970836 0.9847737266 5.5924258097 
1.39875 14.2635701874 0.954559842 5.4383496155 
1.40625 13.8475650099 0.7983630289 5.1867975472 
1.41375 12.1322109266 0.8766127904 4.9189689373 
1.42125 13.9707596971 0.962702447 4.7056534406 
1.42875 13.5684616529 0.8677347869 4.8648746636 
1.43625 14.1364823318 0.7933604025 4.5184699581 
1.44375 12.6862647884 0.877508434 4.2878805472 
1.45125 12.8532381301 0.7679032738 4.3379798975 
1.45875 13.6055247286 0.7509794668 4.1001478814 
1.46625 10.3066394929 0.9492957428 4.3156662467 
1.47375 13.3781001911 0.8332818938 3.8864715426 
1.48125 12.2902374365 0.6844624276 4.1769758403 
1.48875 13.1098749806 0.703644369 4.1477983856 
1.49625 13.492326072 0.8858101528 3.846507245 
1.50375 12.6647494829 0.6471039882 3.7956861356 
1.51125 12.7224132589 0.7924411136 3.602811782 
1.51875 13.6392739632 0.6427320044 3.444305478 
1.52625 13.7747704215 0.6777574337 3.7455016075 
1.53375 13.6848147051 0.662960521 3.4496347318 
1.54125 14.5199501519 0.8753654159 3.2907255448 
1.54875 14.2053629433 0.6582078083 3.2352730399 
1.55625 13.6372164886 0.6995773948 3.3798960498 
1.56375 13.0792900311 0.7086302648 3.2547263743 
1.57125 14.8598331205 0.7018814564 3.2697003988 
1.57875 14.6351138341 0.7029533639 3.4379257636 
1.58625 14.9539747578 0.7269293285 3.4280456755 
1.59375 14.4432238136 0.7580039488 3.1277636626 
1.60125 14.8381762673 0.713373859 3.4692497143 
1.60875 14.9828428691 0.6844198331 3.3766800006 
1.61625 15.4842912545 0.7960100767 3.1933503663 
1.62375 14.1523101473 0.9347243028 3.0778257471 
1.63125 16.4970274758 0.8755001424 2.7936794451 
1.63875 15.6847319267 0.7456239286 2.9689114728 
1.64625 17.0076568202 0.7530541449 2.8319921021 
1.65375 16.509788502 0.703999266 3.1176051708 
1.66125 17.4214912787 0.6627741247 2.9301592883 
1.66875 17.753176631 0.8158520027 3.0821884314 
1.67625 16.2555381798 0.8770903414 3.1506008316 
1.68375 18.1756187943 0.6587618854 3.0625457592 
1.69125 16.7358343578 0.700050989 3.1842400248 
1.69875 17.0230131539 0.7472588081 2.8022205304 
1.70625 18.4892554489 0.7539308047 2.8312433821 
1.71375 17.7227836439 0.7801246447 3.072193647 
1.72125 17.8156226824 0.7993356503 3.0359021105 
1.72875 18.605647414 0.7473182479 2.8956886739 
1.73625 18.0291965182 0.7600364727 2.7954282648 
1.74375 20.1774933212 0.8738213283 2.7807647456 
1.75125 18.6418319093 0.8726307345 2.8402627012 
1.75875 18.212858266 0.6660204492 3.0408272552 
1.76625 20.2697594193 0.8949023841 2.8149633614 
1.77375 17.4742482749 0.7160000669 2.7641532047 
1.78125 17.8544761261 0.7767338614 2.6604412275 
1.78875 19.7957023962 0.7702340345 2.9263825983 
1.79625 18.5941324794 0.8055866126 2.8888053264 
1.80375 20.3352079466 0.7633945612 2.8866343507 
1.81125 21.0592191342 0.7922988328 2.6292583488 
1.81875 18.8952558846 0.7683161608 2.8778157952 
1.82625 19.6491919074 0.8312929339 2.692586981 
1.83375 21.3537473343 0.8474098766 2.7929568763 
1.84125 20.686862209 0.7723701005 2.8748667286 
1.84875 21.222704278 0.8675138485 2.7312158483 
1.85625 20.4752149836 0.877281141 2.6227265221 
1.86375 19.9797662104 0.8813205371 2.7650301392 
1.87125 19.7602303555 0.8192844753 2.836096029 
1.87875 19.8396707482 0.9163964179 2.9220184027 
1.88625 19.4765788033 0.8604204258 2.8549666827 
1.89375 19.9637872889 0.9556234715 2.7414130455 
1.90125 20.6740349548 0.9427725178 2.821869808 
1.90875 19.1348647448 0.893101278 2.7101771576 
1.91625 19.8962169261 0.891367297 2.8705890474 
1.92375 19.3177485021 0.8948356878 2.6297435573 
1.93125 19.0839290943 0.9137100297 2.7158624611 
1.93875 19.8541944159 0.8605533183 2.6646958015 
1.94625 19.2599810622 0.8844313427 2.5842730703 
1.95375 18.455235987 0.8524341782 2.7688846088 
1.96125 19.4284351067 1.011108106 2.7256186725 
1.96875 18.0132889976 0.9040706816 2.7634549176 
1.97625 19.3754813588 0.9760983267 2.5427335463 
1.98375 18.2996610956 0.8855576582 2.7506620836 
1.99125 18.5574709693 1.1119776452 2.7299805116 
1.99875 17.5289362408 0.9687043712 2.6882243849 
2.00625 18.0732749696 1.1145459572 2.6611137943 
2.01375 18.7379046093 1.0018057304 2.6623193444 
2.02125 17.1920209083 1.0462249566 2.6807964274 
2.02875 18.4110546873 0.9870463802 2.6679058557 
2.03625 17.1161195177 0.9983629127 2.9049061397 
2.04375 16.2900787166 1.0325347008 2.8089019656 
2.05125 17.760966355 1.0387256363 3.0884807697 
2.05875 15.954926128 1.0311713015 2.7547312162 
2.06625 15.570018457 1.0417378287 2.85439488 
2.07375 16.1867321188 1.0118306548 2.8337856206 
2.08125 14.4294718092 1.1201191811 2.8101235596 
2.08875 15.3322115637 1.1650463392 2.7704690459 
2.09625 15.2226962342 1.1129092888 2.9799034045 
2.10375 15.7047544016 1.0179813102 2.8144458537 
2.11125 14.5616316184 0.9373302156 2.9122483779 
2.11875 15.9488329287 1.1365764534 2.986475964 
2.12625 14.1719493891 1.09876108 2.8650273611 
2.13375 14.8989410961 1.1164237753 2.8324579274 
2.14125 13.9968850808 1.1716062302 2.80027371 
2.14875 15.0312147918 1.2510126452 2.8852302164 
2.15625 14.61210942 1.2050553396 2.6393959419 
2.16375 14.1761190075 1.270739553 2.6847646764 
2.17125 14.0118411542 1.1435380023 2.7956494845 
2.17875 15.1045262523 1.2208545655 2.9497759025 
2.18625 13.1860726127 1.2568029408 2.8969222982 
2.19375 12.6617019389 1.2242198047 2.9685329905 
2.20125 13.7835130512 1.2596003402 2.8282973602 
2.20875 13.4329754254 1.0892515958 2.9836021972 
2.21625 13.2783740875 1.1367703862 2.9605544541 
2.22375 13.3369108179 1.1407958999 2.9779137807 
2.23125 12.3866354912 1.2607628096 3.0605149508 
2.23875 13.0962290317 1.2484881431 2.9494647825 
2.24625 12.5739094677 1.2020059991 3.1041277732 
2.25375 12.8195974525 1.1409517543 3.2091886554 
2.26125 13.1639593101 1.2237662402 2.9770714916 
2.26875 12.2648285076 1.3952364601 3.0345950045 
2.27625 13.0515530174 1.3972052201 2.9023691862 
2.28375 13.1864108903 1.1554721749 3.0111834145 
2.29125 12.4233141577 1.305621579 3.0482519183 
2.29875 12.4412780842 1.2934723471 3.044502147 
2.30625 13.0089744706 1.2778333565 3.083413604 
2.31375 11.6947731055 1.3990364277 3.0157554276 
2.32125 12.065474194 1.3221178779 3.1858715294 
2.32875 12.8359004345 1.3526689766 3.0712069759 
2.33625 13.002563825 1.4039664684 3.1840815832 
2.34375 12.1203375017 1.3143801513 3.3135293021 
2.35125 12.6103189228 1.3373525315 3.043503486 
2.35875 12.1921059003 1.3427037396 3.2689699834 
2.36625 11.6482636999 1.292941551 3.167200048 
2.37375 12.0385062273 1.4043784939 3.295766459 
2.38125 12.1286864901 1.1510707503 3.1774628071 
2.38875 12.2724498911 1.2821962573 3.2172115508 
2.39625 12.5780020968 1.3445979087 3.3206397492 
2.40375 11.5589965222 1.4461836519 3.3048611127 
2.41125 12.1163911982 1.2583789078 3.2794539515 
2.41875 12.666660901 1.2834973001 3.1791240818 
2.42625 12.3398983924 1.3704249142 3.2390296679 
2.43375 12.5462965846 1.3587409803 3.3149037062 
2.44125 11.8730428787 1.3859421505 3.2993278725 
2.44875 12.8462530333 1.4545264718 3.2412940314 
2.45625 12.4560871814 1.4424661387 3.3931882783 
2.46375 13.0002457901 1.3321966756 3.4426766722 
2.47125 12.8187695907 1.475451099 3.4450422534 
2.47875 12.945448244 1.3599927991 3.3526477833 
2.48625 13.3916312368 1.3736033236 3.5458932916 
2.49375 13.328008334 1.3560653598 3.4128133737 
2.50125 12.8639522167 1.3725652365 3.3152779397 
2.50875 12.7705460389 1.3704890965 3.5118783098 
2.51625 13.0742114933 1.3714542027 3.2243338041 
2.52375 12.1925361513 1.469115534 3.5148040261 
2.53125 11.6962590507 1.4123428128 3.2438019138 
2.53875 12.7299790754 1.4757045807 3.2686872185 
2.54625 13.6707290556 1.4610846223 3.2275778187 
2.55375 13.0937247401 1.3875653674 3.2565055956 
2.56125 13.3676765737 1.4205410022 3.2720638874 
2.56875 12.497732878 1.4122579878 3.263734967 
2.57625 12.7242814337 1.4214527527 3.255447432 
2.58375 12.4939518776 1.3959078275 3.236575326 
2.59125 12.6863560826 1.3390926068 3.1967383747 
2.59875 12.4739488081 1.4625163305 3.1299980152 
2.60625 12.940819307 1.383247974 3.2707429445 
2.61375 13.0349517178 1.431686691 3.3454477444 
2.62125 12.3063584325 1.3702642936 3.1673443084 
2.62875 12.9168681478 1.3763875895 3.2006217269 
2.63625 13.640554665 1.5292492087 3.1620231063 
2.64375 13.0099735508 1.4627365907 3.3267869769 
2.65125 12.7134284668 1.4216031277 3.190930294 
2.65875 13.1297329735 1.4844100075 3.1809809818 
2.66625 13.8205094436 1.4408616228 3.1810712283 
2.67375 13.3921965769 1.4408692306 3.2227843412 
2.68125 12.1542900723 1.601544266 3.1021638978 
2.68875 12.7805445451 1.5100613628 3.1731893745 
2.69625 11.6743754105 1.3904371802 3.085306922 
2.70375 13.0823562815 1.430141968 3.0953833619 
2.71125 12.8394542772 1.4562906116 3.0512624382 
2.71875 12.1182587022 1.4586861792 3.0325317937 
2.72625 12.7688692279 1.5413384052 2.9547886703 
2.73375 12.391220325 1.5354690268 3.0657854731 
2.74125 12.5182370392 1.4322766531 3.0414808053 
2.74875 12.2286842809 1.4856293329 2.906613605 
2.75625 12.3823549591 1.4623488795 2.939370602 
2.76375 12.6846993515 1.4695468703 2.9531563901 
2.77125 12.697791399 1.4139696633 3.0849767384 
2.77875 12.3450781907 1.5509715617 2.9213595332 
2.78625 12.0229005678 1.5699143165 3.0920537398 
2.79375 12.2530434632 1.5244942773 2.9954975273 
2.80125 12.2141587097 1.5531463365 2.9360883934 
2.80875 12.1357680296 1.6790927037 3.0049491058 
2.81625 11.9262562045 1.5512109335 3.071246884 
2.82375 12.3611014646 1.564713854 3.026486007 
2.83125 11.6176752675 1.5708463989 3.047639223 
2.83875 11.9714119512 1.4717662181 2.9312090349 
2.84625 12.5663988564 1.5329431221 2.9017718929 
2.85375 11.9742347071 1.539081276 2.9231221066 
2.86125 12.5498888526 1.4604692092 2.8800913264 
2.86875 11.5572354468 1.5815164296 2.9943410568 
2.87625 11.4970416486 1.6012074199 2.9478777361 
2.88375 11.1356733692 1.6507706364 3.1048671894 
2.89125 11.7406537143 1.5155386752 2.9020953355 
2.89875 12.0531408934 1.5535333953 2.9681387924 
2.90625 11.1247877025 1.6412660272 2.875574864 
2.91375 11.4984760539 1.7099334107 2.8607904501 
2.92125 11.5374925915 1.5590247979 2.8693941059 
2.92875 10.9057720645 1.5577842014 2.7869049985 
2.93625 11.298683372 1.5051724686 2.8779988339 
2.94375 10.5778092529 1.6752588741 2.9141038072 
2.95125 11.1601218494 1.4832793528 2.8032106616 
2.95875 11.0797362823 1.6275247829 2.8878725663 
2.96625 11.1900851353 1.5930459786 2.8345899093 
2.97375 10.5191122151 1.5610710883 2.786620181 
2.98125 10.654409814 1.6203813694 2.9912978897 
2.98875 10.4371919337 1.6101037474 2.8317769141 
2.99625 10.687708054 1.7178643234 2.7923337692 
