# Radial distribution function (180 data points):
# "Pair separation distance" 0-0 0-1 1-1
0.0080555556 0.0 0.0 0.0 
0.0241666667 0.0 0.0 0.0 
0.0402777778 0.0 0.0 0.0 
0.0563888889 0.0 0.0 0.0 
0.0725 0.0 0.0 0.0 
0.0886111111 0.0 0.0 0.0 
0.1047222222 0.0 0.0 0.0 
0.1208333333 0.0 0.0 0.0 
0.1369444444 0.0 0.0 0.0 
0.1530555556 0.0 0.0 0.0 
0.1691666667 0.0 0.0 0.0 
0.1852777778 0.0 0.0 0.0 
0.2013888889 0.0 0.0 0.0 
0.2175 0.0 0.0 0.0 
0.2336111111 0.0 0.0 0.0 
0.2497222222 0.0 0.0 0.0 
0.2658333333 0.0 0.0 0.0 
0.2819444444 0.0 0.0 0.0 
0.2980555556 0.0 0.0 0.0 
0.3141666667 0.0 0.0 0.0 
0.3302777778 0.0 0.0 0.0 
0.3463888889 0.0 0.0 0.0 
0.3625 0.0 0.0 0.0 
0.3786111111 0.0 0.0 0.0 
0.3947222222 0.0 0.0 0.0 
0.4108333333 0.0 0.0 0.0 
0.4269444444 0.0 0.0 0.0 
0.4430555556 0.0 0.0 0.0 
0.4591666667 0.0 0.0 0.0 
0.4752777778 0.0 0.0 0.0 
0.4913888889 0.0 0.0 0.0 
0.5075 0.0 0.0 0.0 
0.5236111111 0.0 0.0 0.0 
0.5397222222 0.0 0.0 0.0 
0.5558333333 0.0 0.0 0.0 
0.5719444444 0.0 0.0 0.0 
0.5880555556 0.0 0.0 0.0 
0.6041666667 0.0 0.0 0.0 
0.6202777778 0.0 0.0 0.0 
0.6363888889 0.0 0.0 0.0 
0.6525 0.0 0.0 0.0 
0.6686111111 0.0 0.0 0.0 
0.6847222222 0.0 0.0 0.0 
0.7008333333 0.0 0.0 0.0 
0.7169444444 0.0 0.0 0.0 
0.7330555556 0.0 0.0 0.0 
0.7491666667 0.0 0.0 0.0 
0.7652777778 0.0 0.0 0.0 
0.7813888889 0.0 0.0 0.0 
0.7975 0.0549476883 0.0 0.0 
0.8136111111 0.7127076409 0.0 0.0 
0.8297222222 3.8833624368 0.0 0.0 
0.8458333333 10.3801060552 0.0 0.0 
0.8619444444 19.4974996099 0.0 0.0 
0.8780555556 32.1604268621 0.0 0.0 
0.8941666667 44.1904102752 0.0 0.0 
0.9102777778 49.7467033774 0.0 0.0 
0.9263888889 53.4678454648 0.0 0.0 
0.9425 50.396620684 0.0 0.0 
0.9586111111 44.6666581267 0.0 0.0 
0.9747222222 41.6390088853 0.0 0.0 
0.9908333333 34.8317763746 0.0 0.0 
1.0069444444 30.4000206917 0.0 0.0 
1.0230555556 26.044304864 0.0 0.0 
1.0391666667 21.3432850695 0.0 0.0 
1.0552777778 18.1546098974 0.0028243991 0.0 
1.0713888889 15.3293095473 0.0137004753 0.0394573688 
1.0875 12.4701465047 0.0239355893 0.1455283827 
1.1036111111 10.8748918768 0.0748904164 0.5652418735 
1.1197222222 9.7419225373 0.233304411 1.6671481652 
1.1358333333 8.1808046283 0.6314389268 3.5598527541 
1.1519444444 7.5190252516 1.1021758556 5.9594292972 
1.1680555556 6.7623185029 1.6552311426 8.8436371868 
1.1841666667 6.2555707126 2.3955595892 11.2305986855 
1.2002777778 5.05779924 2.9866486448 12.6240922453 
1.2163888889 4.830228251 3.2290489203 13.3586965522 
1.2325 4.6932718057 3.5634356372 13.0460256756 
1.2486111111 4.5505218178 3.6697828906 12.2176534376 
1.2647222222 4.533644977 3.4864276095 11.1240047626 
1.2808333333 4.2179341994 3.2554783048 9.5414272972 
1.2969444444 3.9164140743 2.9226629593 8.2947530867 
1.3130555556 4.1857567237 2.6233444803 7.0797463554 
1.3291666667 4.2530436413 2.4479727935 5.9939192462 
1.3452777778 4.4124790492 2.0386232526 4.9077117525 
1.3613888889 3.8466819052 1.7836158893 4.1470851345 
1.3775 4.4294774405 1.7255623343 3.5947391937 
1.3936111111 4.4986017768 1.5660532505 3.0806712878 
1.4097222222 4.9415145731 1.3816896797 2.6847512458 
1.4258333333 5.3375878492 1.2268716418 2.4094335689 
1.4419444444 5.891312053 1.1103568451 2.0465661698 
1.4580555556 6.0741772258 0.9394837035 1.7714963894 
1.4741666667 7.1241295599 0.9668231809 1.7475763197 
1.4902777778 7.5138111301 0.8907996818 1.5815164081 
1.5063888889 7.931484158 0.8912524043 1.4460743521 
1.5225 8.5258862326 0.8548501315 1.3150037452 
1.5386111111 9.4259424498 0.8436845905 1.2876088351 
1.5547222222 10.1930744788 0.7690349383 1.2179639633 
1.5708333333 10.6365672957 0.7750106024 1.216970596 
1.5869444444 10.9975937625 0.7231351558 1.1384320504 
1.6030555556 11.2196349104 0.7808865898 1.175589266 
1.6191666667 11.5573425181 0.7498275855 1.1307160045 
1.6352777778 11.7554745032 0.7480637694 1.0704369108 
1.6513888889 11.661779094 0.7635261521 1.0513132299 
1.6675 11.1170191252 0.8823230555 1.0954380089 
1.6836111111 11.0470598845 0.8666270528 1.1568638926 
1.6997222222 10.5120205011 0.8012845086 1.0895727394 
1.7158333333 10.8556516095 0.9155783583 1.0807457027 
1.7319444444 9.9788823113 0.9038665379 1.1513288383 
1.7480555556 10.2075206636 0.9871272924 1.1665188925 
1.7641666667 9.9040294261 1.0389124745 1.2188019886 
1.7802777778 9.4995351787 1.1273737396 1.2404286836 
1.7963888889 9.6168958689 1.2232301671 1.2814383787 
1.8125 9.0690349765 1.3107282105 1.2987411271 
1.8286111111 9.5945087307 1.3883818516 1.3849955544 
1.8447222222 9.0836145439 1.4381790624 1.4227990498 
1.8608333333 8.7604746532 1.6114025151 1.4878677113 
1.8769444444 8.1196771253 1.6624257699 1.6025712996 
1.8930555556 8.0356951162 1.735183534 1.6758871255 
1.9091666667 7.0952391029 1.8182029609 1.7701202514 
1.9252777778 7.0854140411 1.9516709335 1.9801144159 
1.9413888889 6.7086717513 2.0112106466 2.0675579258 
1.9575 5.978500669 2.1062928215 2.1211337312 
1.9736111111 5.8274581041 2.1947849137 2.3599025072 
1.9897222222 5.5525049071 2.2300943 2.5243364535 
2.0058333333 4.7731079064 2.2444465003 2.6984016358 
2.0219444444 4.6930716922 2.2203614596 2.9613436249 
2.0380555556 4.3962013547 2.3315432677 2.9392438534 
2.0541666667 4.2902416777 2.2630610734 3.1697166876 
2.0702777778 4.2930359178 2.291820713 3.3197716519 
2.0863888889 3.9941648352 2.3895141305 3.4429813278 
2.1025 3.8699391943 2.3750911803 3.5451331026 
2.1186111111 3.9125244194 2.4245972223 3.7002997516 
2.1347222222 3.8345179929 2.4502569974 3.5716050336 
2.1508333333 3.9963701236 2.3613334774 3.5912394244 
2.1669444444 3.5948034937 2.3719004667 3.6846512531 
2.1830555556 3.8609342652 2.3825594354 3.5800958466 
2.1991666667 3.9996774886 2.3139597568 3.5465628057 
2.2152777778 4.1339908126 2.3009344213 3.4836275324 
2.2313888889 4.0990763463 2.2412963337 3.5067317384 
2.2475 4.4487222456 2.2740373681 3.436461508 
2.2636111111 4.3617489037 2.238712811 3.3793207212 
2.2797222222 4.5659345373 2.2356267986 3.3626635202 
2.2958333333 4.5584351964 2.1971989169 3.3014554763 
2.3119444444 5.047616302 2.2096398047 3.3589820367 
2.3280555556 4.8200147046 2.1814838458 3.3757461433 
2.3441666667 5.1991776708 2.1149682378 3.2804616955 
2.3602777778 5.4609277842 2.1787878561 3.3516859883 
2.3763888889 5.3530955695 2.1460034112 3.3793789092 
2.3925 5.2201881912 2.1875335989 3.4064200668 
2.4086111111 5.3252849831 2.1263790648 3.3106453369 
2.4247222222 5.4538861634 2.1078452681 3.3180266448 
2.4408333333 5.3967907377 2.0764152363 3.1831398058 
2.4569444444 5.4536122041 2.0878303282 3.1017645197 
2.4730555556 5.2056465223 2.0411734294 3.0011266477 
2.4891666667 5.0397694172 2.001637351 2.8337458674 
2.5052777778 5.0197032214 1.9849961191 2.7256136563 
2.5213888889 5.0739494154 1.9745524274 2.527387527 
2.5375 4.8306105448 1.9393001659 2.4229430647 
2.5536111111 4.7296535979 1.9206949081 2.2993930463 
2.5697222222 4.4376685661 1.9462233017 2.1866290347 
2.5858333333 4.4583293339 1.9018198062 2.0768267419 
2.6019444444 4.3052086416 1.9805508388 1.9461525315 
2.6180555556 4.1606065763 1.9640510456 1.8628014608 
2.6341666667 3.9537334093 1.9845223413 1.813322159 
2.6502777778 3.890883296 1.9918138121 1.731373409 
2.6663888889 3.7284889575 1.984627728 1.7140175879 
2.6825 3.7348326971 2.0391020909 1.6198469652 
2.6986111111 3.5272075872 2.06363239 1.6702206128 
2.7147222222 3.5257740855 2.0622577462 1.6138874031 
2.7308333333 3.3038707257 2.1084318839 1.618891032 
2.7469444444 3.3624915584 2.2063224568 1.5702446529 
2.7630555556 3.2158178607 2.2156870618 1.5979643855 
2.7791666667 3.1854283263 2.2255013101 1.602067739 
2.7952777778 3.0660687745 2.2619134062 1.5975654067 
2.8113888889 3.1106177385 2.3530596189 1.6626855365 
2.8275 2.9747283096 2.3471721066 1.6622038658 
2.8436111111 2.9929798304 2.347101266 1.7422850883 
2.8597222222 2.7499530639 2.3388062352 1.7487393834 
2.8758333333 2.7213404948 2.4024281235 1.8034069918 
2.8919444444 2.747516579 2.3174414363 1.8058442382 
