# Radial distribution function (400 data points):
# "Pair separation distance" 0-0 0-1 1-1
0.00375 0.0 0.0 0.0 
0.01125 0.0 0.0 0.0 
0.01875 0.0 0.0 0.0 
0.02625 0.0 0.0 0.0 
0.03375 0.0 0.0 0.0 
0.04125 0.0 0.0 0.0 
0.04875 0.0 0.0 0.0 
0.05625 0.0 0.0 0.0 
0.06375 0.0 0.0 0.0 
0.07125 0.0 0.0 0.0 
0.07875 0.0 0.0 0.0 
0.08625 0.0 0.0 0.0 
0.09375 0.0 0.0 0.0 
0.10125 0.0 0.0 0.0 
0.10875 0.0 0.0 0.0 
0.11625 0.0 0.0 0.0 
0.12375 0.0 0.0 0.0 
0.13125 0.0 0.0 0.0 
0.13875 0.0 0.0 0.0 
0.14625 0.0 0.0 0.0 
0.15375 0.0 0.0 0.0 
0.16125 0.0 0.0 0.0 
0.16875 0.0 0.0 0.0 
0.17625 0.0 0.0 0.0 
0.18375 0.0 0.0 0.0 
0.19125 0.0 0.0 0.0 
0.19875 0.0 0.0 0.0 
0.20625 0.0 0.0 0.0 
0.21375 0.0 0.0 0.0 
0.22125 0.0 0.0 0.0 
0.22875 0.0 0.0 0.0 
0.23625 0.0 0.0 0.0 
0.24375 0.0 0.0 0.0 
0.25125 0.0 0.0 0.0 
0.25875 0.0 0.0 0.0 
0.26625 0.0 0.0 0.0 
0.27375 0.0 0.0 0.0 
0.28125 0.0 0.0 0.0 
0.28875 0.0 0.0 0.0 
0.29625 0.0 0.0 0.0 
0.30375 0.0 0.0 0.0 
0.31125 0.0 0.0 0.0 
0.31875 0.0 0.0 0.0 
0.32625 0.0 0.0 0.0 
0.33375 0.0 0.0 0.0 
0.34125 0.0 0.0 0.0 
0.34875 0.0 0.0 0.0 
0.35625 0.0 0.0 0.0 
0.36375 0.0 0.0 0.0 
0.37125 0.0 0.0 0.0 
0.37875 0.0 0.0 0.0 
0.38625 0.0 0.0 0.0 
0.39375 0.0 0.0 0.0 
0.40125 0.0 0.0 0.0 
0.40875 0.0 0.0 0.0 
0.41625 0.0 0.0 0.0 
0.42375 0.0 0.0 0.0 
0.43125 0.0 0.0 0.0 
0.43875 0.0 0.0 0.0 
0.44625 0.0 0.0 0.0 
0.45375 0.0 0.0 0.0 
0.46125 0.0 0.0 0.0 
0.46875 0.0 0.0 0.0 
0.47625 0.0 0.0 0.0 
0.48375 0.0 0.0 0.0 
0.49125 0.0 0.0 0.0 
0.49875 0.0 0.0 0.0 
0.50625 0.0 0.0 0.0 
0.51375 0.0 0.0 0.0 
0.52125 0.0 0.0 0.0 
0.52875 0.0 0.0 0.0 
0.53625 0.0 0.0 0.0 
0.54375 0.0 0.0 0.0 
0.55125 0.0 0.0 0.0 
0.55875 0.0 0.0 0.0 
0.56625 0.0 0.0 0.0 
0.57375 0.0 0.0 0.0 
0.58125 0.0 0.0 0.0 
0.58875 0.0 0.0 0.0 
0.59625 0.0 0.0 0.0 
0.60375 0.0 0.0 0.0 
0.61125 0.0 0.0 0.0 
0.61875 0.0 0.0 0.0 
0.62625 0.0 0.0 0.0 
0.63375 0.0 0.0 0.0 
0.64125 0.0 0.0 0.0 
0.64875 0.0 0.0 0.0 
0.65625 0.0 0.0 0.0 
0.66375 0.0 0.0 0.0 
0.67125 0.0 0.0 0.0 
0.67875 0.0 0.0 0.0 
0.68625 0.0 0.0 0.0 
0.69375 0.0 0.0 0.0 
0.70125 0.0 0.0 0.0 
0.70875 0.0 0.0 0.0 
0.71625 0.0 0.0 0.0 
0.72375 0.0 0.0 0.0 
0.73125 0.0 0.0 0.0 
0.73875 0.0 0.0 0.0 
0.74625 0.0 0.0 0.0 
0.75375 0.0 0.0 0.0 
0.76125 0.0 0.0 0.0 
0.76875 0.0 0.0 0.0 
0.77625 0.0 0.0 0.0 
0.78375 0.0 0.0 0.0 
0.79125 0.0 0.0 0.0 
0.79875 0.1090684501 0.0 0.0 
0.80625 0.0535243611 0.0 0.0 
0.81375 0.1050845811 0.0 0.0 
0.82125 0.2063480109 0.0 0.0 
0.82875 0.3039451954 0.0 0.0 
0.83625 1.2935769084 0.0 0.0 
0.84375 2.052640711 0.0 0.0 
0.85125 3.40906568 0.0 0.0 
0.85875 4.5764587549 0.0 0.0 
0.86625 7.7432154256 0.0 0.0 
0.87375 10.8921831658 0.0 0.0 
0.88125 15.1877309803 0.0 0.0 
0.88875 17.4873008245 0.0 0.0 
0.89625 21.1807857134 0.0 0.0 
0.90375 25.4313431019 0.0 0.0 
0.91125 28.2826642293 0.0 0.0 
0.91875 32.7690681655 0.0 0.0 
0.92625 32.7271961152 0.0 0.0 
0.93375 39.0672828019 0.0 0.0 
0.94125 40.9213093967 0.0 0.0 
0.94875 40.0836255114 0.0 0.0 
0.95625 41.4739552156 0.0 0.0 
0.96375 45.5134108102 0.0 0.0 
0.97125 46.5098505448 0.0 0.0 
0.97875 45.5092286735 0.0 0.0 
0.98625 47.3593724289 0.0 0.0 
0.99375 44.0048122778 0.0 0.0 
1.00125 45.7080575115 0.0 0.0 
1.00875 43.7316161507 0.0 0.0 
1.01625 43.6275433873 0.0 0.0 
1.02375 44.2521582227 0.0 0.0 
1.03125 42.1058838963 0.0 0.0 
1.03875 42.0482291343 0.0 0.0 
1.04625 38.65047648 0.0 0.0 
1.05375 37.4442361629 0.0 0.0 
1.06125 37.5965022967 0.0 0.0 
1.06875 35.7913358443 0.0 0.0 
1.07625 37.0063882121 0.0 0.0300376528 
1.08375 33.2077719104 0.0 0.0296233469 
1.09125 32.8697483041 0.0 0.0876526621 
1.09875 30.4627849012 0.0 0.0288200425 
1.10625 31.5295225503 0.0 0.0852917652 
1.11375 29.8721589557 0.0 0.4207346332 
1.12125 28.8926945527 0.0 0.4151249217 
1.12875 27.55421995 0.013654222 0.4915519912 
1.13625 25.9789589503 0.0404236913 0.7815246987 
1.14375 25.9053381472 0.0398952846 1.5160208156 
1.15125 25.2013896776 0.0787543427 1.9163556734 
1.15875 25.1612549604 0.1036508958 2.6430978434 
1.16625 23.4061704245 0.0767415424 3.7603355764 
1.17375 22.5271497071 0.1515279128 4.4700734284 
1.18125 22.1671948132 0.1994798183 5.7350447773 
1.18875 21.789880538 0.2092813385 6.9924588393 
1.19625 19.7912470378 0.3282332125 8.0234785288 
1.20375 19.9776039974 0.2401154327 9.7246750228 
1.21125 18.8297959496 0.3912992861 10.2686418718 
1.21875 19.0438168759 0.304513677 11.1264612744 
1.22625 18.371947126 0.5553233388 12.1245595643 
1.23375 17.829247467 0.4228731771 13.4633676385 
1.24125 17.5692746403 0.5871479957 13.8205605139 
1.24875 17.2249936876 0.5912724517 13.7219833133 
1.25625 16.6892384237 0.6173034027 13.6909076105 
1.26375 15.4895951892 0.5555340047 13.4199587012 
1.27125 15.75948309 0.6566451287 15.092073287 
1.27875 14.8942822878 0.5851325185 14.4687313653 
1.28625 15.2468483117 0.5783287291 13.6695881416 
1.29375 15.0290121132 0.5508559073 14.6964198672 
1.30125 14.0959875486 0.5650723872 13.2740640764 
1.30875 14.3005308853 0.4773614713 12.7770368279 
1.31625 13.5757187346 0.6024727249 13.3146472205 
1.32375 13.7002995158 0.6254484562 12.4494026035 
1.33125 12.6825390085 0.5595237798 11.7205507555 
1.33875 13.3755976835 0.5144460648 11.0460305979 
1.34625 13.534139239 0.4991313762 10.3665747362 
1.35375 13.0428579984 0.5505718806 9.3217514953 
1.36125 13.3689465987 0.5539100065 8.6560173904 
1.36875 12.6842686509 0.5385707041 8.2085603861 
1.37625 12.6749843279 0.4959776476 8.3765113819 
1.38375 12.8650359985 0.4451883926 7.5227752873 
1.39125 12.7626547583 0.4943281773 7.4239104439 
1.39875 12.0748741701 0.444582996 6.5976116599 
1.40625 12.0343899667 0.4574475718 6.5626132421 
1.41375 12.0637147394 0.4264949655 6.0405613486 
1.42125 11.488886784 0.3272696385 5.7530557509 
1.42875 11.7094725283 0.3494092967 5.7098592387 
1.43625 11.9417030205 0.4132368983 5.3467794597 
1.44375 12.1684885065 0.3338405626 5.024300467 
1.45125 11.6630825096 0.3634388317 4.7577447065 
1.45875 11.7887199001 0.3515360303 4.6925972418 
1.46625 12.6718155854 0.339857123 4.207754856 
1.47375 11.7902583053 0.3924746311 4.1329981559 
1.48125 11.9090292383 0.3567951503 3.8375300608 
1.48875 12.6370438341 0.400303873 4.0344351122 
1.49625 12.2153914546 0.3885302625 3.4812311524 
1.50375 12.6016031836 0.3538911761 3.1388608662 
1.51125 13.0557366687 0.3580044477 3.3667652319 
1.51875 12.4142489359 0.2865986996 3.3637636849 
1.52625 12.3522866308 0.3510020989 2.7034629748 
1.53375 12.5571693817 0.3845540682 3.5497298606 
1.54125 13.0211338675 0.3808205631 3.0319175597 
1.54875 12.4456584808 0.3843938808 3.0751510465 
1.55625 12.3259896142 0.3806978144 3.0886803812 
1.56375 13.4459164911 0.3912832841 3.3010080698 
1.57125 13.0923735205 0.4721146533 3.0440825408 
1.57875 12.5634537289 0.446700577 2.7779192134 
1.58625 13.8415293279 0.297295585 2.959128148 
1.59375 13.1499504104 0.3903891528 2.4245221069 
1.60125 12.7013782119 0.3799557585 2.5375616727 
1.60875 13.1881895351 0.430195785 3.1726939147 
1.61625 13.7586728894 0.3729359544 2.5439559747 
1.62375 14.6479873942 0.3826951662 2.6788661631 
1.63125 13.8729125468 0.3268829535 2.9027206271 
1.63875 14.3162801919 0.3498095612 2.6300496642 
1.64625 14.3530287739 0.3594676258 2.7088453232 
1.65375 14.7956256669 0.2926048068 2.3917262471 
1.66125 14.1580391773 0.3214870873 2.9249021275 
1.66875 14.8431894726 0.3873222842 2.6487846534 
1.67625 15.5650690089 0.3095678005 3.0337644448 
1.68375 14.6903551032 0.4847694458 2.5895279255 
1.69125 14.5116966631 0.3953312167 2.5057917122 
1.69875 15.6618689313 0.3375922479 2.6766242515 
1.70625 15.5842405245 0.4182886644 2.5575364051 
1.71375 15.7087625251 0.4087121471 2.4167326962 
1.72125 16.347250613 0.4814922954 3.0181346318 
1.72875 16.6830404206 0.4598605001 2.7358789245 
1.73625 16.5623053536 0.3866461529 2.5737937936 
1.74375 15.8136823675 0.4062125355 2.746225592 
1.75125 16.4726600177 0.4481198834 3.0177187085 
1.75875 16.2312337104 0.3880648392 2.4071268288 
1.76625 17.1420573713 0.4851525671 2.4201863693 
1.77375 17.3402228039 0.4534114381 2.5545863952 
1.78125 17.6002452479 0.49346482 2.9169253807 
1.78875 16.8331388441 0.3534089228 2.903390227 
1.79625 17.5986778008 0.4636906528 2.4370718033 
1.80375 16.9607068608 0.3742905045 2.6200335315 
1.81125 17.0114379542 0.3658943949 2.874126986 
1.81875 17.3973442106 0.3313278976 2.9661735595 
1.82625 16.6705445228 0.511174394 2.8375394932 
1.83375 17.8381775141 0.491481109 2.7212532983 
1.84125 17.918935171 0.4618282261 2.7093922595 
1.84875 18.5984031187 0.4784482466 2.6263754815 
1.85625 17.9940223101 0.4392480194 3.0191990296 
1.86375 17.4688638759 0.5258688953 2.8146506589 
1.87125 17.4086050605 0.457075247 2.6629601348 
1.87875 18.0387568593 0.4140042558 2.9276015231 
1.88625 17.8173607768 0.4596135875 2.6794494253 
1.89375 18.0548794413 0.5190414025 2.9687227883 
1.90125 17.4892018058 0.4957038487 2.5795850765 
1.90875 17.5525786297 0.4536166947 2.9986450978 
1.91625 17.8797354681 0.5258745726 3.0320696077 
1.92375 16.9038624719 0.5593881074 3.0836857012 
1.93125 17.9015862145 0.4524371711 3.0317954767 
1.93875 17.0598516788 0.4443151821 2.7584567554 
1.94625 16.7816569035 0.5740851431 2.948501295 
1.95375 17.3731456238 0.4967662311 2.9259075264 
1.96125 18.0636579724 0.4658379497 2.8040730954 
1.96875 17.6210876384 0.4937136119 2.8186558932 
1.97625 17.2292455932 0.4498846445 2.5300443374 
1.98375 17.2053106391 0.4332272463 2.8380805319 
1.99125 16.8302509192 0.4475197064 3.0361140866 
1.99875 16.63450888 0.6009325197 2.7259692562 
2.00625 16.908003312 0.5359387553 2.7056262969 
2.01375 16.9281522134 0.5877234803 2.599711161 
2.02125 16.3002944033 0.519497366 3.0573697444 
2.02875 16.4420560526 0.6340124442 2.9502712403 
2.03625 16.2624197382 0.5286545116 2.6432725581 
2.04375 15.4185832638 0.5247816022 2.9321130788 
2.05125 15.8600667187 0.5995072143 3.0016706042 
2.05875 15.8103927022 0.5499980847 3.2261081682 
2.06625 16.249987193 0.5663862136 2.9745463016 
2.07375 15.4692299589 0.5056625902 3.0177943382 
2.08125 15.8318523763 0.6707050601 3.060342849 
2.08875 14.54606489 0.6060860371 3.0304301854 
2.09625 15.3527180278 0.5819622357 2.9929486408 
2.10375 14.4494350817 0.6485736639 2.9402006097 
2.11125 14.659187005 0.5307905838 3.036434369 
2.11875 14.5168360437 0.5696676184 3.2087400545 
2.12625 15.2072930755 0.6002878846 2.9552634317 
2.13375 14.0918327598 0.7336312066 3.087364661 
2.14125 14.6762585085 0.6298497705 2.9747121692 
2.14875 14.5815210151 0.5877822425 3.1725169754 
2.15625 13.9339771178 0.688467183 2.9110188501 
2.16375 14.3428940878 0.5982398829 3.0246413957 
2.17125 13.7937797028 0.6679171017 3.1292469738 
2.17875 13.7722732272 0.6779857762 3.1810359663 
2.18625 14.1292641207 0.6296658148 2.8462350702 
2.19375 13.7291722285 0.7410427348 3.1955208662 
2.20125 13.8655529844 0.635474593 3.180963217 
2.20875 13.7073631926 0.7417095588 3.0809473981 
2.21625 13.45890626 0.6800289479 2.9397084726 
2.22375 13.4808491792 0.6860035464 3.25060142 
2.23125 12.5866720323 0.7163430779 3.2986725148 
2.23875 13.5923692052 0.6629577421 3.3876793525 
2.24625 13.6603545318 0.7274949031 2.9996235342 
2.25375 13.2407947304 0.6712870582 2.8495450636 
2.26125 12.8945364894 0.6940594839 3.1436811916 
2.26875 13.1271251095 0.6624398871 3.3662761609 
2.27625 12.9333208392 0.6177910266 3.3038389683 
2.28375 13.4288970031 0.7271484219 3.3288721334 
2.29125 12.7910455159 0.7290233196 3.3203698463 
2.29875 12.7406380702 0.7341504624 3.2526486856 
2.30625 12.5074512043 0.7457371534 3.0418225994 
2.31375 12.5954766744 0.7539088206 3.1456195616 
2.32125 12.3592410084 0.7587308352 3.3513302421 
2.32875 13.1907982564 0.7859303436 3.2784522904 
2.33625 12.4432804828 0.8542006069 3.4423009532 
2.34375 12.2434268925 0.7347322915 3.4836444857 
2.35125 12.6122860148 0.7678138193 3.2726490657 
2.35875 12.5384618751 0.7441780365 3.2080952329 
2.36625 12.7698056548 0.6680068652 3.318285265 
2.37375 12.4360720204 0.8150752268 3.1368046606 
2.38125 12.4867135098 0.7608611672 3.3011557092 
2.38875 13.0425679113 0.7865784294 3.2804588762 
2.39625 11.9430732793 0.7543950397 3.5508071749 
2.40375 12.9706228428 0.824965334 3.5045972584 
2.41125 12.5549425989 0.8377940724 3.4469241835 
2.41875 12.3285235315 0.7196099119 3.4315282574 
2.42625 12.6543343098 0.7979145875 3.4458089223 
2.43375 12.6645733252 0.7636338276 3.4481004369 
2.44125 12.3533540401 0.8640342145 3.2985089946 
2.44875 13.0669198649 0.7659118216 3.527836269 
2.45625 12.9757098076 0.717989276 3.2295099966 
2.46375 12.7936557135 0.7451501984 3.1984139284 
2.47125 12.9610976324 0.7235425931 3.4638889497 
2.47875 12.5373546127 0.7899552703 3.2107859374 
2.48625 13.0922372831 0.8245970602 3.60233528 
2.49375 12.4261469203 0.7804806373 3.3233369071 
2.50125 12.9634866234 0.8286398571 3.3089980871 
2.50875 12.7921145344 0.8236927682 3.0902299156 
2.51625 13.3973802234 0.8517612529 3.39055931 
2.52375 12.5804169041 0.8467063049 3.1792456093 
2.53125 13.0327157119 0.7819629427 3.3776454887 
2.53875 12.7506928337 0.7962435195 3.5304627914 
2.54625 12.7561865766 0.8988898829 3.4667633691 
2.55375 12.9641271304 0.7682445707 3.2063540763 
2.56125 12.9148329022 0.742536594 3.33611084 
2.56875 12.9238944762 0.822573455 3.3113854472 
2.57625 13.1737752929 0.8073065639 3.1610770002 
2.58375 12.7429992718 0.802626539 3.2886840657 
2.59125 13.2237860992 0.8705313733 2.9224981818 
2.59875 13.3072764484 0.8423305069 3.1890066285 
2.60625 13.0361521721 0.8579785811 3.396058503 
2.61375 13.0582118545 0.9014444221 3.1219515861 
2.62125 12.9532108801 0.8659105006 3.0737290869 
2.62875 12.964997771 0.8131445204 3.3432071922 
2.63625 13.2868343062 0.9361861399 3.2541229461 
2.64375 12.9676340462 0.8537233163 3.1659943391 
2.65125 12.9488191711 0.8340504703 3.2124555207 
2.65875 13.2991575181 0.8072027509 3.2140450997 
2.66625 13.1755001815 0.9127900386 3.0736308001 
2.67375 13.0724866641 0.929577421 3.2754220123 
2.68125 13.2995181108 0.9727813465 2.7828322102 
2.68875 13.2302390261 0.8205732099 3.0320300424 
2.69625 12.9509395141 0.8782325945 3.1109056483 
2.70375 13.7073412052 0.9257214807 2.9223289931 
2.71125 13.4564819056 0.8496090405 3.2895726079 
2.71875 13.0057721105 0.8449280108 3.0737492538 
2.72625 13.0092121102 0.8519887024 2.9913229717 
2.73375 12.7423934851 0.8985319483 2.7142182688 
2.74125 13.325616435 0.9075124466 3.1438824042 
2.74875 12.8523682727 0.8081657585 2.8734782523 
2.75625 12.7321396477 0.8953716911 2.9769391263 
2.76375 12.7496775084 0.8244700354 2.8833675823 
2.77125 12.8030829495 0.9672534359 3.0308784477 
2.77875 12.7611000309 0.92373782 2.8748523375 
2.78625 12.8538373709 0.9591078094 2.8907688648 
2.79375 12.9632273999 0.9227606849 3.0937000741 
2.80125 12.5968313302 0.8779206629 2.8332894122 
2.80875 12.8163175712 0.9702649228 3.0563345068 
2.81625 12.3489437414 0.8598198839 3.1234273335 
2.82375 12.9117854529 0.9185301919 3.2377643819 
2.83125 12.4615073757 0.9440535891 2.8820762443 
2.83875 12.6504843101 0.9088487875 2.8884552913 
2.84625 12.695569001 1.0028468747 3.1524180131 
2.85375 12.889536191 0.9334980635 3.0717853899 
2.86125 12.3928084959 0.9562352234 2.9579542912 
2.86875 12.8100567706 1.0040886083 2.9340526069 
2.87625 12.6718406009 0.9694189374 2.8010108995 
2.88375 12.3256934336 0.9622910692 3.0416765534 
2.89125 12.1577749764 0.8927910758 2.9468348796 
2.89875 12.314400604 0.9709909017 2.8363700113 
2.90625 12.2879985352 0.9206730381 2.9453298534 
2.91375 12.3395698785 0.9733137981 2.8687143524 
2.92125 12.3048302023 1.0763668567 2.8295401459 
2.92875 11.9944562042 0.9572849727 3.0219377315 
2.93625 12.2278587084 1.0432018073 2.7199923331 
2.94375 11.7841998935 0.9756594801 2.8145567718 
2.95125 11.752344499 0.992677637 2.8242377841 
2.95875 12.217466807 0.8962390257 2.9530181645 
2.96625 12.5156110946 1.1032718785 2.9222864451 
2.97375 12.0040320528 0.9914834734 2.9941227113 
2.98125 11.8145257359 1.0021599034 2.9046978449 
2.98875 11.6774038864 1.0419297997 3.0848912201 
2.99625 11.9213129612 1.085165029 2.8524337905 
