# Radial distribution function (400 data points):
# "Pair separation distance" 0-0 0-1 1-1
0.00375 0.0 0.0 0.0 
0.01125 0.0 0.0 0.0 
0.01875 0.0 0.0 0.0 
0.02625 0.0 0.0 0.0 
0.03375 0.0 0.0 0.0 
0.04125 0.0 0.0 0.0 
0.04875 0.0 0.0 0.0 
0.05625 0.0 0.0 0.0 
0.06375 0.0 0.0 0.0 
0.07125 0.0 0.0 0.0 
0.07875 0.0 0.0 0.0 
0.08625 0.0 0.0 0.0 
0.09375 0.0 0.0 0.0 
0.10125 0.0 0.0 0.0 
0.10875 0.0 0.0 0.0 
0.11625 0.0 0.0 0.0 
0.12375 0.0 0.0 0.0 
0.13125 0.0 0.0 0.0 
0.13875 0.0 0.0 0.0 
0.14625 0.0 0.0 0.0 
0.15375 0.0 0.0 0.0 
0.16125 0.0 0.0 0.0 
0.16875 0.0 0.0 0.0 
0.17625 0.0 0.0 0.0 
0.18375 0.0 0.0 0.0 
0.19125 0.0 0.0 0.0 
0.19875 0.0 0.0 0.0 
0.20625 0.0 0.0 0.0 
0.21375 0.0 0.0 0.0 
0.22125 0.0 0.0 0.0 
0.22875 0.0 0.0 0.0 
0.23625 0.0 0.0 0.0 
0.24375 0.0 0.0 0.0 
0.25125 0.0 0.0 0.0 
0.25875 0.0 0.0 0.0 
0.26625 0.0 0.0 0.0 
0.27375 0.0 0.0 0.0 
0.28125 0.0 0.0 0.0 
0.28875 0.0 0.0 0.0 
0.29625 0.0 0.0 0.0 
0.30375 0.0 0.0 0.0 
0.31125 0.0 0.0 0.0 
0.31875 0.0 0.0 0.0 
0.32625 0.0 0.0 0.0 
0.33375 0.0 0.0 0.0 
0.34125 0.0 0.0 0.0 
0.34875 0.0 0.0 0.0 
0.35625 0.0 0.0 0.0 
0.36375 0.0 0.0 0.0 
0.37125 0.0 0.0 0.0 
0.37875 0.0 0.0 0.0 
0.38625 0.0 0.0 0.0 
0.39375 0.0 0.0 0.0 
0.40125 0.0 0.0 0.0 
0.40875 0.0 0.0 0.0 
0.41625 0.0 0.0 0.0 
0.42375 0.0 0.0 0.0 
0.43125 0.0 0.0 0.0 
0.43875 0.0 0.0 0.0 
0.44625 0.0 0.0 0.0 
0.45375 0.0 0.0 0.0 
0.46125 0.0 0.0 0.0 
0.46875 0.0 0.0 0.0 
0.47625 0.0 0.0 0.0 
0.48375 0.0 0.0 0.0 
0.49125 0.0 0.0 0.0 
0.49875 0.0 0.0 0.0 
0.50625 0.0 0.0 0.0 
0.51375 0.0 0.0 0.0 
0.52125 0.0 0.0 0.0 
0.52875 0.0 0.0 0.0 
0.53625 0.0 0.0 0.0 
0.54375 0.0 0.0 0.0 
0.55125 0.0 0.0 0.0 
0.55875 0.0 0.0 0.0 
0.56625 0.0 0.0 0.0 
0.57375 0.0 0.0 0.0 
0.58125 0.0 0.0 0.0 
0.58875 0.0 0.0 0.0 
0.59625 0.0 0.0 0.0 
0.60375 0.0 0.0 0.0 
0.61125 0.0 0.0 0.0 
0.61875 0.0 0.0 0.0 
0.62625 0.0 0.0 0.0 
0.63375 0.0 0.0 0.0 
0.64125 0.0 0.0 0.0 
0.64875 0.0 0.0 0.0 
0.65625 0.0 0.0 0.0 
0.66375 0.0 0.0 0.0 
0.67125 0.0 0.0 0.0 
0.67875 0.0 0.0 0.0 
0.68625 0.0 0.0 0.0 
0.69375 0.0 0.0 0.0 
0.70125 0.0 0.0 0.0 
0.70875 0.0 0.0 0.0 
0.71625 0.0 0.0 0.0 
0.72375 0.0 0.0 0.0 
0.73125 0.0 0.0 0.0 
0.73875 0.0 0.0 0.0 
0.74625 0.0 0.0 0.0 
0.75375 0.0 0.0 0.0 
0.76125 0.0 0.0 0.0 
0.76875 0.0 0.0 0.0 
0.77625 0.0 0.0 0.0 
0.78375 0.0 0.0 0.0 
0.79125 0.0176891826 0.0 0.0 
0.79875 0.0520756601 0.0 0.0 
0.80625 0.1874081874 0.0 0.0 
0.81375 0.367939205 0.0 0.0 
0.82125 0.7389196102 0.0 0.0 
0.82875 0.9997239694 0.0 0.0 
0.83625 1.8053779791 0.0 0.0 
0.84375 3.4690686481 0.0 0.0 
0.85125 4.7073026268 0.0 0.0 
0.85875 6.9531755211 0.0 0.0 
0.86625 9.6669740776 0.0 0.0 
0.87375 12.1564127327 0.0 0.0 
0.88125 15.073446649 0.0 0.0 
0.88875 18.1851393567 0.0 0.0 
0.89625 20.7084466343 0.0 0.0 
0.90375 22.9424454536 0.0 0.0 
0.91125 25.0737203144 0.0 0.0 
0.91875 27.0276674461 0.0 0.0 
0.92625 26.7853760777 0.0 0.0 
0.93375 28.0461961268 0.0 0.0 
0.94125 27.3635189874 0.0 0.0 
0.94875 28.3106109353 0.0 0.0 
0.95625 28.5707262792 0.0 0.0 
0.96375 27.4481328839 0.0 0.0 
0.97125 27.2724057974 0.0 0.0 
0.97875 25.7346310898 0.0 0.0 
0.98625 25.7887649119 0.0 0.0 
0.99375 23.4047801768 0.0 0.0 
1.00125 22.149592992 0.0 0.0 
1.00875 20.9398918274 0.0 0.0 
1.01625 20.3638710622 0.0 0.0 
1.02375 19.6756173076 0.0 0.0 
1.03125 17.1723321656 0.0 0.0 
1.03875 17.6129371522 0.0 0.0 
1.04625 16.4102996132 0.0 0.0 
1.05375 14.4420889465 0.0 0.0 
1.06125 14.1796825633 0.0 0.0 
1.06875 12.5560834335 0.0048479087 0.0 
1.07625 12.4581854517 0.0047805777 0.0573669322 
1.08375 12.4655074642 0.0 0.0188585589 
1.09125 11.0857350483 0.0046500566 0.093001133 
1.09875 10.2285451643 0.0 0.2476867439 
1.10625 9.6559420508 0.0316736618 0.3619847067 
1.11375 9.2674177538 0.0446407406 0.5892577763 
1.12125 8.6857804145 0.0440455396 1.065902059 
1.12875 7.7971121466 0.108655409 1.6428697834 
1.13625 7.0940558373 0.1501160546 2.5391058378 
1.14375 7.92411082 0.2497449457 3.3863721453 
1.15125 6.8853314514 0.3760193147 4.7712673043 
1.15875 6.763497037 0.4577732751 5.8644468211 
1.16625 6.4569413151 0.598468079 7.2060442168 
1.17375 6.2541079182 0.7395603194 8.4165179825 
1.18125 5.8733391564 0.8532215666 9.5163968223 
1.18875 5.5251627945 1.0540913417 11.7478284099 
1.19625 5.5799255285 1.1376547194 12.591593391 
1.20375 5.2278191914 1.2458107137 13.2606232413 
1.21125 4.9368194316 1.3323373542 14.5613527272 
1.21875 4.9135258908 1.383094162 15.0164509014 
1.22625 4.7799545193 1.6350537801 15.9528220168 
1.23375 4.5110171988 1.6843556154 16.0941452319 
1.24125 4.1403885728 1.7431323418 16.85626945 
1.24875 4.4174998041 1.7009504873 15.4754534938 
1.25625 4.1964901367 1.6877188593 15.5228029806 
1.26375 3.8971862883 1.8584447069 15.346037822 
1.27125 4.1871303472 1.6960961717 14.548736051 
1.27875 3.7453383291 1.6965773082 14.276985891 
1.28625 4.244003311 1.7203609636 13.1604266711 
1.29375 3.7450097398 1.6773144329 12.7436197152 
1.30125 3.5711526742 1.7888466234 12.551358941 
1.30875 3.8730286238 1.5905927236 11.5608934546 
1.31625 3.8226250616 1.6428338475 10.4450992486 
1.32375 3.9627155129 1.5737099884 10.3270767911 
1.33125 3.6682267466 1.5029106177 9.792353172 
1.33875 3.8620543034 1.4181463402 9.0526552871 
1.34625 3.9169130945 1.3718361774 8.6770929706 
1.35375 3.6439945959 1.2902037251 7.6928774801 
1.36125 3.6756715244 1.2252238415 7.5067372921 
1.36875 3.5409185221 1.2059221678 6.7626223528 
1.37625 3.6953859367 1.1138781977 6.2271930736 
1.38375 3.6727879638 1.084484635 6.0326265295 
1.39125 3.8736084942 1.0899888008 5.8304387822 
1.39875 3.8491615183 1.0924826074 5.5359999484 
1.40625 4.099429697 1.0752602484 5.1970912006 
1.41375 4.1557888274 0.9669135338 4.7653045221 
1.42125 4.101078637 0.9073910621 4.5506621239 
1.42875 4.2751484092 0.8002339979 4.3728040836 
1.43625 4.3540984653 0.907327547 3.9836511236 
1.44375 4.4418078623 0.8819857717 3.7245302769 
1.45125 4.4959259008 0.8597472337 3.8123348282 
1.45875 4.5747213132 0.775464705 3.5182157084 
1.46625 4.7650032125 0.8010356752 3.1165696687 
1.47375 4.8237081654 0.7317147164 3.0033447245 
1.48125 4.9062206106 0.7243237218 3.0487214494 
1.48875 5.2716486144 0.7345330297 3.0430654087 
1.49625 5.2634542694 0.7642891773 2.854335633 
1.50375 5.4853494994 0.6024089182 2.7818558175 
1.51125 5.8674623755 0.6837290867 2.5894420731 
1.51875 5.8384635426 0.6793935783 2.2038279326 
1.52625 5.8953272732 0.6941272435 2.4864969063 
1.53375 6.3133115748 0.6026128871 2.349248677 
1.54125 6.2613421827 0.5921001171 2.3963737021 
1.54875 6.3670643751 0.6002308693 2.3547518719 
1.55625 6.5939272777 0.5830275506 2.2086455445 
1.56375 7.0561927817 0.5751838789 2.042582121 
1.57125 6.9531044652 0.5741918526 2.1711629427 
1.57875 7.1493566458 0.6398429813 2.0039526708 
1.58625 7.3900109016 0.6073981563 1.9234274949 
1.59375 7.5211866166 0.6104151457 1.8748465189 
1.60125 7.558879662 0.5982313333 2.0214603896 
1.60875 7.7281990922 0.639737411 1.9855395231 
1.61625 7.8135058622 0.5299447818 1.9120407726 
1.62375 8.0187244567 0.6111704602 1.890217918 
1.63125 8.3405437539 0.5785107694 1.8562287995 
1.63875 8.1365328091 0.5732276029 1.7073109898 
1.64625 8.3036653606 0.5516706809 1.7490003811 
1.65375 8.5079328955 0.5507276886 1.789864988 
1.66125 8.7683762676 0.5337272511 1.5771038321 
1.66875 8.9204024295 0.5468369746 1.6584074067 
1.67625 8.9865915491 0.5183056091 1.7657864096 
1.68375 8.633259602 0.5547162278 1.6914938496 
1.69125 8.9634072022 0.5885260884 1.7036281508 
1.69875 9.1569165554 0.5296121059 1.6272140065 
1.70625 9.2553861529 0.6181669749 1.6319608136 
1.71375 9.0124057169 0.5882574443 1.8100229055 
1.72125 9.0461801972 0.6055707405 1.5475696701 
1.72875 8.8344526184 0.6040334634 1.815806117 
1.73625 9.2028215246 0.6227058876 1.4915551054 
1.74375 9.1529658086 0.6301086689 1.5734505489 
1.75125 8.6811241095 0.6102786916 1.6502802488 
1.75875 8.8936733538 0.5961339023 1.6147530928 
1.76625 9.6099630027 0.6851580567 1.7785709141 
1.77375 9.1134968675 0.7092968786 1.5629171916 
1.78125 8.9287077073 0.5986213338 1.7312896884 
1.78875 8.8609135145 0.7164879287 1.6268083406 
1.79625 9.4358061213 0.6813414024 1.788306653 
1.80375 9.0273164752 0.7097268043 1.6339034344 
1.81125 9.1248784992 0.7443713315 1.7858160289 
1.81875 8.7651928605 0.696394238 1.8146426778 
1.82625 8.8361334943 0.752117338 1.7665625776 
1.83375 8.8035241886 0.7673853857 1.8245987282 
1.84125 8.7940189586 0.780746854 1.8522320763 
1.84875 8.8265014278 0.793866685 1.9312022214 
1.85625 8.6717526835 0.784250428 1.9381270823 
1.86375 8.6276070262 0.8433119211 1.9257482054 
1.87125 8.1600714236 0.8112629148 1.8375974795 
1.87875 8.3335101544 0.9114776731 1.8951205321 
1.88625 8.3389639828 0.8995746887 2.0575047378 
1.89375 7.9395279055 0.8770229192 2.072121052 
1.90125 8.04858468 0.8823724354 2.0098483251 
1.90875 7.5051762094 0.936247174 2.054880161 
1.91625 7.494798568 0.9289327803 2.2016913298 
1.92375 7.855429841 0.9261925851 2.3012668753 
1.93125 7.4976006624 0.9887924834 2.164653815 
1.93875 7.3100620469 1.0533442893 2.1538312601 
1.94625 7.2801448554 1.0116185221 2.3682398927 
1.95375 7.0328695562 1.1663422284 2.5705950606 
1.96125 6.7661228994 1.0638648559 2.4358042438 
1.96875 6.3746502957 1.0929196495 2.4801418452 
1.97625 6.4964973294 1.2420191315 2.6003003278 
1.98375 6.4727957256 1.1186679569 2.6651032835 
1.99125 6.3822318296 1.245722274 2.7875130704 
1.99875 6.173638792 1.2155997352 2.8026712253 
2.00625 6.3586921918 1.1900192008 2.7955133132 
2.01375 6.112050523 1.1702473857 2.9549770625 
2.02125 5.836358059 1.1900423539 3.0984474043 
2.02875 5.701798411 1.2821646733 2.9679488661 
2.03625 5.5583751709 1.2660595055 2.9621518811 
2.04375 5.5733349773 1.2726930491 3.2002927296 
2.05125 5.158897054 1.333153754 3.3085375494 
2.05875 5.4898036287 1.3731041442 3.3968323262 
2.06625 5.2476895553 1.2671756539 3.4007518571 
2.07375 5.1428428718 1.3378602263 3.5229890078 
2.08125 5.1058441623 1.3371840245 3.6663898492 
2.08875 5.1936263213 1.3682133857 3.6426460269 
2.09625 4.6827131761 1.3483592837 3.881258499 
2.10375 5.0297430784 1.4726387073 3.8060891653 
2.11125 4.8176637984 1.4733752617 4.0250723844 
2.11875 4.8699637211 1.3889511525 3.8880764055 
2.12625 4.808721864 1.4477608872 3.99787778 
2.13375 4.7360567569 1.4947647032 4.069554676 
2.14125 4.6449661183 1.3792385094 4.1836096292 
2.14875 4.6245903802 1.415201413 3.9721585423 
2.15625 4.4995777175 1.3577338798 4.1232234139 
2.16375 4.3951082418 1.5245679558 4.1656542593 
2.17125 4.6584461725 1.4177368962 4.3366069765 
2.17875 4.8060740004 1.4441552458 4.372127513 
2.18625 4.3815716724 1.4736539311 4.4487665844 
2.19375 4.5587759356 1.4313774013 4.2527097067 
2.20125 4.5940462335 1.4696376757 4.3700579097 
2.20875 4.6400836648 1.4608091185 4.3540511101 
2.21625 4.6312794797 1.5163268988 4.3697271819 
2.22375 4.6180091521 1.4557254844 4.4410825163 
2.23125 4.6248332178 1.3825559619 4.3356421075 
2.23875 4.6292526686 1.4672189842 4.3663022784 
2.24625 4.7015530949 1.5243831113 4.370117746 
2.25375 4.9537593948 1.3856135983 4.325818063 
2.26125 4.793164325 1.4251704138 4.3469863535 
2.26875 4.9358072946 1.4082327264 4.3075353983 
2.27625 4.9909708871 1.4171364874 4.2877462953 
2.28375 4.996465331 1.4237696576 4.4188883782 
2.29125 5.0587392818 1.464038808 4.3309390098 
2.29875 5.2940487805 1.4607885986 4.2566164185 
2.30625 5.247178679 1.4773306638 4.2935247762 
2.31375 5.3476843617 1.4057065856 4.3236596967 
2.32125 5.1939706691 1.4747423645 4.3841469874 
2.32875 5.1728220769 1.4489211463 4.2946880489 
2.33625 5.4318507902 1.4102115425 4.3199142071 
2.34375 5.5503674148 1.4203537391 4.401181281 
2.35125 5.3928151276 1.4323413136 4.333082883 
2.35875 5.4979140252 1.4113037813 4.4608346598 
2.36625 5.7360752827 1.4646771541 4.292166677 
2.37375 5.6173355856 1.4053166353 4.329947619 
2.38125 5.6777092493 1.4521420113 4.3749806393 
2.38875 5.8808395949 1.4449785737 4.3960731625 
2.39625 5.6415666889 1.4147313389 4.4283887582 
2.40375 5.8095895681 1.3963332235 4.2877109416 
2.41125 6.0001786946 1.4009941047 4.3715587632 
2.41875 6.0993237416 1.4131425118 4.3369182781 
2.42625 6.2008927885 1.38466538 4.2932152134 
2.43375 6.0505478852 1.4518697258 4.3341069215 
2.44125 5.8666231263 1.3769932647 4.119830051 
2.44875 6.3257176113 1.4618410188 4.3439672473 
2.45625 6.2724609772 1.3501302455 4.1559413674 
2.46375 6.2398041455 1.4367970072 4.0668197194 
2.47125 6.2019872668 1.3836597323 4.0584934219 
2.47875 6.1753280732 1.3599781177 3.9636737983 
2.48625 6.4373297724 1.4350963395 4.013253184 
2.49375 6.3505837476 1.3677084459 4.1084679489 
2.50125 6.3674328158 1.4170503111 3.8165652352 
2.50875 6.2326383069 1.3777966669 3.818414773 
2.51625 6.4264290455 1.2882593881 3.8429136127 
2.52375 6.4108942968 1.3266917137 3.8531439549 
2.53125 6.4248149644 1.3862527849 3.7698470372 
2.53875 6.1996161706 1.3617505031 3.7579158994 
2.54625 6.4484156028 1.2990781632 3.5188705011 
2.55375 6.1830401935 1.3746693317 3.4931375112 
2.56125 6.3309003369 1.3565009122 3.4237509022 
2.56875 6.1865682173 1.4392247006 3.2930132508 
2.57625 6.2857595821 1.4350287339 3.2721992409 
2.58375 6.158077433 1.3636690867 3.2432762343 
2.59125 6.2296911141 1.3087794279 3.1371121257 
2.59875 6.0904734661 1.357811532 3.105911886 
2.60625 5.8891655035 1.3312579274 3.0750183111 
2.61375 6.119656259 1.325250064 2.9325717013 
2.62125 6.092746078 1.3950454314 2.8610117165 
2.62875 6.0996986575 1.3854938228 2.8543256198 
2.63625 5.9168414648 1.3680604357 2.7122176604 
2.64375 5.9641288334 1.3230732136 2.7744924515 
2.65125 5.8327481411 1.3408073118 2.6879168905 
2.65875 5.735653371 1.3277700716 2.6257730265 
2.66625 5.7859987876 1.3724999817 2.5424744269 
2.67375 5.7721742467 1.3346022849 2.5483700043 
2.68125 5.6413351257 1.4003204886 2.4355409158 
2.68875 5.6252264004 1.4063066001 2.4847813784 
2.69625 5.549796225 1.4122045294 2.5303902085 
2.70375 5.5266243793 1.4104405968 2.4572874844 
2.71125 5.5277293004 1.5058504867 2.4904160626 
2.71875 5.5077616896 1.4211403598 2.466206676 
2.72625 5.4730291274 1.4490936091 2.314079563 
2.73375 5.3926552048 1.4878334228 2.374013091 
2.74125 5.3307634416 1.5305495809 2.26229524 
2.74875 5.3999200467 1.4481870266 2.2704875549 
2.75625 5.2612369636 1.4366719389 2.2348230161 
2.76375 5.2588192024 1.5042803757 2.2183604576 
2.77125 5.1323323621 1.4889387929 2.2106955637 
2.77875 5.0602016463 1.4966894609 2.3608537159 
2.78625 5.1556827452 1.4914959353 2.125613528 
2.79375 4.9918204459 1.5352898586 2.1752304558 
2.80125 5.0342823907 1.5299024703 2.2835629123 
2.80875 4.9274150965 1.5456079832 2.1352132085 
2.81625 4.8662966325 1.5750882644 2.1140812343 
2.82375 4.8460365846 1.5333976467 2.1362007071 
2.83125 4.7982906676 1.5750219871 2.2340443448 
2.83875 4.9310152934 1.5323528573 2.1796516877 
2.84625 4.7806588787 1.5632494789 2.2556726194 
2.85375 4.6862088118 1.5972003046 2.220713578 
2.86125 4.6927876424 1.6152171937 2.1428006992 
2.86875 4.6548251385 1.5872698037 2.1558340191 
2.87625 4.6171942605 1.6238494166 2.2704440318 
2.88375 4.5439341061 1.6513711288 2.1933937494 
2.89125 4.5654353814 1.5792219892 2.2495964242 
2.89875 4.4614432146 1.6824319833 2.2037025273 
2.90625 4.3820641021 1.6750708828 2.2303683536 
2.91375 4.5343330596 1.6755899928 2.3741329599 
2.92125 4.4643600734 1.7065795048 2.2944734331 
2.92875 4.4118282824 1.6145716322 2.3589143318 
2.93625 4.2775628566 1.6872609046 2.2813668569 
2.94375 4.1982834045 1.6269146952 2.3643300756 
2.95125 4.2837807929 1.6835042356 2.4426069763 
2.95875 4.3961904318 1.6661245464 2.3745753786 
2.96625 4.3437786626 1.6702968083 2.3210454517 
2.97375 4.3707377482 1.6994530442 2.4821782856 
2.98125 4.1880316283 1.6927821979 2.4236005704 
2.98875 4.3629307813 1.6582608468 2.5007193481 
2.99625 4.2424264048 1.7289213743 2.5116545973 
