# Radial distribution function (200 data points):
# "Pair separation distance" 0-0 0-1 1-1
0.00625 0.0 0.0 0.0 
0.01875 0.0 0.0 0.0 
0.03125 0.0 0.0 0.0 
0.04375 0.0 0.0 0.0 
0.05625 0.0 0.0 0.0 
0.06875 0.0 0.0 0.0 
0.08125 0.0 0.0 0.0 
0.09375 0.0 0.0 0.0 
0.10625 0.0 0.0 0.0 
0.11875 0.0 0.0 0.0 
0.13125 0.0 0.0 0.0 
0.14375 0.0 0.0 0.0 
0.15625 0.0 0.0 0.0 
0.16875 0.0 0.0 0.0 
0.18125 0.0 0.0 0.0 
0.19375 0.0 0.0 0.0 
0.20625 0.0 0.0 0.0 
0.21875 0.0 0.0 0.0 
0.23125 0.0 0.0 0.0 
0.24375 0.0 0.0 0.0 
0.25625 0.0 0.0 0.0 
0.26875 0.0 0.0 0.0 
0.28125 0.0 0.0 0.0 
0.29375 0.0 0.0 0.0 
0.30625 0.0 0.0 0.0 
0.31875 0.0 0.0 0.0 
0.33125 0.0 0.0 0.0 
0.34375 0.0 0.0 0.0 
0.35625 0.0 0.0 0.0 
0.36875 0.0 0.0 0.0 
0.38125 0.0 0.0 0.0 
0.39375 0.0 0.0 0.0 
0.40625 0.0 0.0 0.0 
0.41875 0.0 0.0 0.0 
0.43125 0.0 0.0 0.0 
0.44375 0.0 0.0 0.0 
0.45625 0.0 0.0 0.0 
0.46875 0.0 0.0 0.0 
0.48125 0.0 0.0 0.0 
0.49375 0.0 0.0 0.0 
0.50625 0.0 0.0 0.0 
0.51875 0.0 0.0 0.0 
0.53125 0.0 0.0 0.0 
0.54375 0.0 0.0 0.0 
0.55625 0.0 0.0 0.0 
0.56875 0.0 0.0 0.0 
0.58125 0.0 0.0 0.0 
0.59375 0.0 0.0 0.0 
0.60625 0.0 0.0 0.0 
0.61875 0.0 0.0 0.0 
0.63125 0.0 0.0 0.0 
0.64375 0.0 0.0 0.0 
0.65625 0.0 0.0 0.0 
0.66875 0.0 0.0 0.0 
0.68125 0.0 0.0 0.0 
0.69375 0.0 0.0 0.0 
0.70625 0.0 0.0 0.0 
0.71875 0.0 0.0 0.0 
0.73125 0.0 0.0 0.0 
0.74375 0.0 0.0 0.0 
0.75625 0.0 0.0 0.0 
0.76875 0.0 0.0 0.0 
0.78125 0.0 0.0 0.0 
0.79375 0.0239904659 0.0 0.0 
0.80625 0.0930094274 0.0 0.0 
0.81875 0.157834563 0.0 0.0 
0.83125 1.0499892935 0.0 0.0 
0.84375 2.2505335116 0.0 0.0 
0.85625 4.6798518951 0.0 0.0 
0.86875 9.1123292334 0.0 0.0 
0.88125 13.4878530865 0.0 0.0 
0.89375 18.9223880656 0.0 0.0 
0.90625 24.2748751436 0.0 0.0 
0.91875 28.4894398239 0.0 0.0 
0.93125 32.8713643401 0.0 0.0 
0.94375 36.045360042 0.0 0.0 
0.95625 39.1589568371 0.0 0.0 
0.96875 39.7494233365 0.0 0.0 
0.98125 40.1089068546 0.0 0.0 
0.99375 39.703162016 0.0 0.0 
1.00625 37.7525760872 0.0 0.0 
1.01875 35.8123623781 0.0 0.0 
1.03125 35.1342235057 0.0 0.0 
1.04375 33.3681436705 0.0 0.0 
1.05625 30.6727732265 0.0 0.0 
1.06875 29.7477576322 0.0 0.0 
1.08125 28.5079934069 0.0064643976 0.0 
1.09375 25.3836582139 0.0 0.0379049152 
1.10625 23.257030669 0.0 0.098808415 
1.11875 22.8368420355 0.0060382977 0.3019148868 
1.13125 23.0554362283 0.0177167799 0.7677271285 
1.14375 19.9429494408 0.0231088638 1.5251850094 
1.15625 18.5530789869 0.0508768162 2.634288485 
1.16875 17.4390956358 0.1493831162 4.7470634694 
1.18125 17.1477977642 0.1570707944 5.795370691 
1.19375 15.6768509921 0.2810802106 8.6657559273 
1.20625 15.3744047438 0.3220314507 10.0556917513 
1.21875 13.6054677276 0.4528371832 12.4657426824 
1.23125 13.3007076004 0.5134830895 12.941767965 
1.24375 12.3800359422 0.586268474 14.5199158723 
1.25625 12.0870065077 0.703957986 15.2189012209 
1.26875 11.7655052318 0.5774769128 15.1834173662 
1.28125 10.8649051556 0.7504150595 14.9070181753 
1.29375 10.8275503702 0.6908320295 14.7287194778 
1.30625 10.4530064894 0.7086784061 13.7926534779 
1.31875 10.65558768 0.5823200445 12.6806708199 
1.33125 9.8935166863 0.6524603677 12.2304335587 
1.34375 9.9195825933 0.6529345504 11.9620958024 
1.35625 9.8279680678 0.6450631215 11.011268571 
1.36875 9.4153118052 0.5042476331 10.0204089649 
1.38125 10.1092342964 0.5585431175 9.5942654647 
1.39375 9.4385061417 0.5407882744 8.8782650517 
1.40625 9.3631782654 0.5656124013 8.3389612143 
1.41875 9.5368356022 0.5106337173 8.0274624084 
1.43125 9.267679647 0.53126826 7.3196960269 
1.44375 9.3471958763 0.4785996337 7.6503426296 
1.45625 9.5794342114 0.5559493069 6.707029459 
1.46875 9.5291828735 0.4904726479 6.5232862171 
1.48125 9.4103663074 0.5442305551 5.8900901851 
1.49375 9.1790145446 0.4335475504 5.7309566825 
1.50625 10.193186075 0.5796125415 5.8161120546 
1.51875 9.7770744759 0.468539427 5.5962611277 
1.53125 9.8759591272 0.4544746204 5.69221404 
1.54375 10.4016603328 0.5232542545 5.3530495859 
1.55625 10.6346612429 0.3963033973 5.3610176101 
1.56875 11.7433835673 0.4698581814 4.9626851058 
1.58125 11.0808802121 0.4805946409 5.1928402085 
1.59375 11.0029571858 0.50879007 5.1593098324 
1.60625 11.4885244879 0.4569632382 5.0031616077 
1.61875 11.8770821252 0.5191536626 4.5224052386 
1.63125 12.0763368775 0.5112278076 4.6635336672 
1.64375 12.0611929638 0.5006849584 4.6264409003 
1.65625 12.871647216 0.4986661272 4.5458514354 
1.66875 12.8749404901 0.4369446499 4.7439704841 
1.68125 13.2670786194 0.4705775568 4.6790382072 
1.69375 13.7042381882 0.4241411665 4.4258208682 
1.70625 13.3639980978 0.4335251908 4.2729488867 
1.71875 13.9224715446 0.4835257482 4.2724232781 
1.73125 14.150811339 0.4715256095 4.5437922368 
1.74375 14.3910804436 0.5020722365 4.4043168473 
1.75625 14.3437711738 0.4925005135 4.5672684435 
1.76875 14.9002923603 0.5604519824 4.2806935899 
1.78125 14.8872204157 0.5549955771 4.4352007062 
1.79375 15.4367939475 0.5590317954 4.3219264856 
1.80625 15.4369917836 0.6208153959 4.1742885945 
1.81875 15.2255294723 0.5574773696 4.4095546041 
1.83125 15.7575827341 0.5003122664 4.4216786791 
1.84375 15.8692335428 0.491328189 4.3441415442 
1.85625 15.9852314046 0.5088602752 4.4525274083 
1.86875 15.7634416892 0.5280449989 4.4451001139 
1.88125 15.4222592172 0.5039674848 4.0274689675 
1.89375 15.6450239672 0.5373762273 4.2105007929 
1.90625 15.8689578449 0.5449104791 4.1804200876 
1.91875 15.3262110613 0.5994178449 4.2780369477 
1.93125 15.4405085329 0.5430520061 4.1539425843 
1.94375 15.3545748086 0.6121026435 4.2767171627 
1.95625 15.2735193122 0.5806070181 4.3525777817 
1.96875 14.0311637003 0.5849567968 4.2740843289 
1.98125 15.1523457186 0.5949269158 4.2164723156 
1.99375 14.4952330536 0.6882573932 4.1561620482 
2.00625 14.1274058125 0.6703194943 4.2134368213 
2.01875 13.648863343 0.6027011666 4.0316071886 
2.03125 13.8037759198 0.6264452448 4.2532335039 
2.04375 13.4617394246 0.6658494769 4.1072780234 
2.05625 13.1591483558 0.6166675065 4.2147883487 
2.06875 13.3997012803 0.711660466 4.3971080901 
2.08125 12.5622614347 0.7066272057 4.389812468 
2.09375 12.5402875806 0.7068350162 4.4306487603 
2.10625 12.2862612294 0.6729164151 4.2760005111 
2.11875 12.4144527696 0.7643289337 4.3502774555 
2.13125 11.8898975446 0.7503979559 4.1895832658 
2.14375 11.7220433693 0.7120713775 4.5585724214 
2.15625 11.8466091704 0.7233453733 4.5156257239 
2.16875 11.2766036316 0.8483965115 4.7015306677 
2.18125 11.6496792082 0.7672204878 4.4730701732 
2.19375 11.1812327801 0.8433036521 4.4410851548 
2.20625 11.1138933495 0.826011632 4.6051701138 
2.21875 10.9859490483 0.8105898683 4.4643851079 
2.23125 11.0909105634 0.7984969828 4.5541653012 
2.24375 10.8265678271 0.8106415178 4.6566851636 
2.25625 10.9771357498 0.8952140732 4.6883682307 
2.26875 10.8124605152 0.8002160484 4.5634339056 
2.28125 10.6971972097 0.8655348272 4.7488236323 
2.29375 10.764790665 0.7914864767 4.7086981318 
2.30625 10.7961919412 0.8028229069 5.1323829023 
2.31875 10.5535967613 0.8644728301 4.8747833735 
2.33125 10.8189719859 0.8538366066 4.7336478972 
2.34375 10.8744792791 0.9245508699 4.8428855089 
2.35625 11.0861091305 0.8330916979 5.0257754064 
2.36875 10.6219058683 0.8162408009 4.9809545905 
2.38125 10.6093120274 0.8543428404 5.1633762304 
2.39375 11.113427569 0.8995202471 5.2625891289 
2.40625 11.0974646003 0.9032516471 4.9391679661 
2.41875 10.678189105 0.9314026548 5.2706280605 
2.43125 11.1389129716 0.8617570412 5.2907279472 
2.44375 11.0024721402 0.9263641139 5.0899405277 
2.45625 11.0736637056 0.8417988699 5.1134270641 
2.46875 11.1254926004 0.9684585066 5.1212978644 
2.48125 11.2149995956 0.9415394801 5.2318660548 
2.49375 11.5427839775 0.8798668772 5.1941312613 
