# Radial distribution function (180 data points):
# "Pair separation distance" 0-0 0-1 1-1
0.0080555556 0.0 0.0 0.0 
0.0241666667 0.0 0.0 0.0 
0.0402777778 0.0 0.0 0.0 
0.0563888889 0.0 0.0 0.0 
0.0725 0.0 0.0 0.0 
0.0886111111 0.0 0.0 0.0 
0.1047222222 0.0 0.0 0.0 
0.1208333333 0.0 0.0 0.0 
0.1369444444 0.0 0.0 0.0 
0.1530555556 0.0 0.0 0.0 
0.1691666667 0.0 0.0 0.0 
0.1852777778 0.0 0.0 0.0 
0.2013888889 0.0 0.0 0.0 
0.2175 0.0 0.0 0.0 
0.2336111111 0.0 0.0 0.0 
0.2497222222 0.0 0.0 0.0 
0.2658333333 0.0 0.0 0.0 
0.2819444444 0.0 0.0 0.0 
0.2980555556 0.0 0.0 0.0 
0.3141666667 0.0 0.0 0.0 
0.3302777778 0.0 0.0 0.0 
0.3463888889 0.0 0.0 0.0 
0.3625 0.0 0.0 0.0 
0.3786111111 0.0 0.0 0.0 
0.3947222222 0.0 0.0 0.0 
0.4108333333 0.0 0.0 0.0 
0.4269444444 0.0 0.0 0.0 
0.4430555556 0.0 0.0 0.0 
0.4591666667 0.0 0.0 0.0 
0.4752777778 0.0 0.0 0.0 
0.4913888889 0.0 0.0 0.0 
0.5075 0.0 0.0 0.0 
0.5236111111 0.0 0.0 0.0 
0.5397222222 0.0 0.0 0.0 
0.5558333333 0.0 0.0 0.0 
0.5719444444 0.0 0.0 0.0 
0.5880555556 0.0 0.0 0.0 
0.6041666667 0.0 0.0 0.0 
0.6202777778 0.0 0.0 0.0 
0.6363888889 0.0 0.0 0.0 
0.6525 0.0 0.0 0.0 
0.6686111111 0.0 0.0 0.0 
0.6847222222 0.0 0.0 0.0 
0.7008333333 0.0 0.0 0.0 
0.7169444444 0.0 0.0 0.0 
0.7330555556 0.0 0.0 0.0 
0.7491666667 0.0 0.0 0.0 
0.7652777778 0.0 0.0 0.0 
0.7813888889 0.0 0.0 0.0 
0.7975 0.0 0.0 0.0 
0.8136111111 0.1338821056 0.0 0.0 
0.8297222222 0.6988386797 0.0 0.0 
0.8458333333 2.0174117937 0.0 0.0 
0.8619444444 5.1464549562 0.0 0.0 
0.8780555556 11.4294542059 0.0 0.0 
0.8941666667 17.6720902312 0.0 0.0 
0.9102777778 24.5238270838 0.0 0.0 
0.9263888889 30.4350509882 0.0 0.0 
0.9425 35.8742102812 0.0 0.0 
0.9586111111 37.8749464049 0.0 0.0 
0.9747222222 38.7787488877 0.0 0.0 
0.9908333333 39.3978802363 0.0 0.0 
1.0069444444 37.8725503823 0.0 0.0 
1.0230555556 36.3383282491 0.0 0.0 
1.0391666667 35.3610090959 0.0 0.0 
1.0552777778 31.6291507601 0.0 0.0 
1.0713888889 29.5159031012 0.0 0.0 
1.0875 27.2240236033 0.0 0.0 
1.1036111111 25.6241524191 0.0103951937 0.0623711621 
1.1197222222 22.1251751331 0.0100982086 0.2423570074 
1.1358333333 22.5127909879 0.0196275423 0.8439843178 
1.1519444444 20.2463927819 0.0715588812 1.7937426216 
1.1680555556 19.0607059724 0.129917178 3.5820021935 
1.1841666667 16.7758978689 0.2392687263 6.1397258078 
1.2002777778 16.1088612231 0.2724357326 7.9885187407 
1.2163888889 14.8207122941 0.372229206 9.8063142546 
1.2325 14.8608527171 0.4417415558 12.2104033822 
1.2486111111 13.2291851587 0.4953838519 13.6352374963 
1.2647222222 12.5618378015 0.5857441697 13.3058912062 
1.2808333333 12.6105349445 0.609689266 12.9964142267 
1.2969444444 11.7647600453 0.5983995033 12.8335994097 
1.3130555556 11.2061210322 0.5838051259 12.2856097555 
1.3291666667 10.6852790959 0.5876545177 10.8859416141 
1.3452777778 10.6057772336 0.6436223651 10.0041302401 
1.3613888889 10.6773119855 0.5430878457 9.194921262 
1.3775 10.4690483284 0.4870876533 8.0803170973 
1.3936111111 9.7785767422 0.4302573767 7.3600087613 
1.4097222222 9.5690878321 0.4332210204 6.7595220971 
1.4258333333 9.9083299145 0.4795357658 6.4332525466 
1.4419444444 9.8769237812 0.4292990916 5.5717541676 
1.4580555556 9.8921227423 0.4615529877 5.4314364485 
1.4741666667 10.20725659 0.5156062832 4.9987592204 
1.4902777778 10.027659658 0.4076052675 4.7145392479 
1.5063888889 10.0430721988 0.3933536611 4.5528593968 
1.5225 9.9245014356 0.4151139841 4.3805449375 
1.5386111111 10.2686170655 0.3315907594 4.2358045395 
1.5547222222 10.2821332502 0.3745147873 4.0803778919 
1.5708333333 11.016419041 0.3950928114 3.8996173597 
1.5869444444 11.1558470751 0.3670017289 3.8158124966 
1.6030555556 11.6717690323 0.4335650801 3.8134019548 
1.6191666667 11.9767067333 0.4442971853 3.7378915369 
1.6352777778 11.7750193391 0.4190145603 3.7166828232 
1.6513888889 12.5306370347 0.4340920944 3.6863007801 
1.6675 12.7541192121 0.3756568493 3.547111341 
1.6836111111 13.2124609238 0.3863684482 3.8636844824 
1.6997222222 13.2655631482 0.4601533302 3.7206683557 
1.7158333333 14.0024306717 0.382744573 3.6382236942 
1.7319444444 13.6713791878 0.4600741993 3.6046180384 
1.7480555556 14.1000560709 0.412270226 3.8533800017 
1.7641666667 14.7061328914 0.4129107852 3.7467077159 
1.7802777778 14.6968312983 0.4194529183 3.7231439984 
1.7963888889 15.2073157666 0.4708147296 3.7861351173 
1.8125 15.489291142 0.4836790342 3.6844394953 
1.8286111111 15.3917307909 0.4600480421 3.7182483731 
1.8447222222 15.3361269466 0.4836721259 3.6945109311 
1.8608333333 15.6494301812 0.50824084 3.6893166011 
1.8769444444 15.7700671601 0.5157257606 3.7520396798 
1.8930555556 15.2201446979 0.5122843503 3.713178291 
1.9091666667 15.4020259943 0.5401477316 3.5569857055 
1.9252777778 15.3161178808 0.5208982999 3.7333891266 
1.9413888889 15.318269206 0.5257256866 3.7321484842 
1.9575 15.1134145203 0.5138032265 3.5421032719 
1.9736111111 14.383352602 0.5720836289 3.877816871 
1.9897222222 14.6822442963 0.5948371682 3.3995263966 
2.0058333333 14.1452328055 0.5979075046 3.5622699746 
2.0219444444 14.2613725899 0.5481569921 3.6822523365 
2.0380555556 14.1312817637 0.5882953797 3.791914261 
2.0541666667 13.8984828695 0.6436149774 3.7536705677 
2.0702777778 13.3226167876 0.6100045159 3.8106819637 
2.0863888889 13.245634673 0.6137085894 3.9149372573 
2.1025 12.6538885283 0.6387091765 4.001240895 
2.1186111111 12.5467897728 0.6262111802 3.6867478042 
2.1347222222 12.0358307285 0.6987561007 3.8674691537 
2.1508333333 12.1271466444 0.6335893587 3.7467984103 
2.1669444444 11.8099751142 0.6713889962 3.6427571642 
2.1830555556 11.8196137721 0.7266047127 4.059422307 
2.1991666667 11.5187903153 0.7186154413 3.9163887072 
2.2152777778 11.277035229 0.7327105937 3.9267095901 
2.2313888889 11.468234101 0.7183539099 4.0863530378 
2.2475 10.9184009186 0.7319038265 4.1157057641 
2.2636111111 11.0625196154 0.775883663 4.0103795702 
2.2797222222 11.0674989841 0.7539931621 4.2121298137 
2.2958333333 10.8502568952 0.7782783339 4.0859612528 
2.3119444444 11.121195574 0.7603628923 4.0931684668 
2.3280555556 10.8813679976 0.7708998367 4.2819981837 
2.3441666667 10.755351107 0.7603397312 4.2486862556 
2.3602777778 10.9953832015 0.803403878 4.2317907237 
2.3763888889 10.9409632465 0.7925472352 4.2777372693 
2.3925 10.716690149 0.7620020137 4.2888879667 
2.4086111111 10.9120774799 0.7431124764 4.1334949494 
2.4247222222 10.9075269135 0.8140266877 4.2768703752 
2.4408333333 11.2209214271 0.8351935835 4.1887189645 
2.4569444444 11.1497510326 0.7844256746 4.276588103 
2.4730555556 11.3755091051 0.8259923809 4.1734351876 
2.4891666667 11.1449491462 0.8991158094 4.3259731101 
2.5052777778 11.1170502526 0.8290886688 4.47828916 
2.5213888889 11.5071776356 0.8703074813 4.3535289566 
2.5375 11.5030956787 0.8396276675 4.3692100168 
2.5536111111 11.3428717102 0.881489859 4.1666899504 
2.5697222222 11.3678960638 0.8685540423 4.1740444815 
2.5858333333 11.5542608009 0.872912853 4.0464528567 
2.6019444444 11.5836706578 0.8742922235 4.3293828823 
2.6180555556 11.9347432652 0.8552524581 4.1875968089 
2.6341666667 11.4917780549 0.8712804098 4.1383538629 
2.6502777778 11.6949707634 0.8643246734 4.0629568589 
2.6663888889 11.9369491298 0.8361028818 4.0051019831 
2.6825 11.5353454514 0.8982296908 4.0978980409 
2.6986111111 11.8587408385 0.8944908608 4.0160814158 
2.7147222222 11.8541234818 0.9070981447 3.892962871 
2.7308333333 11.7384337087 0.8930309706 3.8386749516 
2.7469444444 11.7085305849 0.9253732613 3.8273370972 
2.7630555556 11.7813461094 0.9030043576 3.7944425533 
2.7791666667 11.7648114797 0.9540365447 3.8079499885 
2.7952777778 11.4335172896 0.9130933947 3.7285322113 
2.8113888889 11.9756386385 0.9314919567 3.8493124195 
2.8275 11.6099204528 0.9589151322 3.9211789716 
2.8436111111 11.2313430071 0.9543431706 3.7703992696 
2.8597222222 11.1918479812 0.9908400481 3.7419693693 
2.8758333333 11.4189053099 0.9721148776 3.8042605839 
2.8919444444 10.8514908568 0.9938621299 3.8089217349 
