# Radial distribution function (200 data points):
# "Pair separation distance" 0-0 0-1 1-1
0.00625 0.0 0.0 0.0 
0.01875 0.0 0.0 0.0 
0.03125 0.0 0.0 0.0 
0.04375 0.0 0.0 0.0 
0.05625 0.0 0.0 0.0 
0.06875 0.0 0.0 0.0 
0.08125 0.0 0.0 0.0 
0.09375 0.0 0.0 0.0 
0.10625 0.0 0.0 0.0 
0.11875 0.0 0.0 0.0 
0.13125 0.0 0.0 0.0 
0.14375 0.0 0.0 0.0 
0.15625 0.0 0.0 0.0 
0.16875 0.0 0.0 0.0 
0.18125 0.0 0.0 0.0 
0.19375 0.0 0.0 0.0 
0.20625 0.0 0.0 0.0 
0.21875 0.0 0.0 0.0 
0.23125 0.0 0.0 0.0 
0.24375 0.0 0.0 0.0 
0.25625 0.0 0.0 0.0 
0.26875 0.0 0.0 0.0 
0.28125 0.0 0.0 0.0 
0.29375 0.0 0.0 0.0 
0.30625 0.0 0.0 0.0 
0.31875 0.0 0.0 0.0 
0.33125 0.0 0.0 0.0 
0.34375 0.0 0.0 0.0 
0.35625 0.0 0.0 0.0 
0.36875 0.0 0.0 0.0 
0.38125 0.0 0.0 0.0 
0.39375 0.0 0.0 0.0 
0.40625 0.0 0.0 0.0 
0.41875 0.0 0.0 0.0 
0.43125 0.0 0.0 0.0 
0.44375 0.0 0.0 0.0 
0.45625 0.0 0.0 0.0 
0.46875 0.0 0.0 0.0 
0.48125 0.0 0.0 0.0 
0.49375 0.0 0.0 0.0 
0.50625 0.0 0.0 0.0 
0.51875 0.0 0.0 0.0 
0.53125 0.0 0.0 0.0 
0.54375 0.0 0.0 0.0 
0.55625 0.0 0.0 0.0 
0.56875 0.0 0.0 0.0 
0.58125 0.0 0.0 0.0 
0.59375 0.0 0.0 0.0 
0.60625 0.0 0.0 0.0 
0.61875 0.0 0.0 0.0 
0.63125 0.0 0.0 0.0 
0.64375 0.0 0.0 0.0 
0.65625 0.0 0.0 0.0 
0.66875 0.0 0.0 0.0 
0.68125 0.0 0.0 0.0 
0.69375 0.0 0.0 0.0 
0.70625 0.0 0.0 0.0 
0.71875 0.0 0.0 0.0 
0.73125 0.0 0.0 0.0 
0.74375 0.0 0.0 0.0 
0.75625 0.0 0.0 0.0 
0.76875 0.0 0.0 0.0 
0.78125 0.0 0.0 0.0 
0.79375 0.0 0.0 0.0 
0.80625 0.0160272078 0.0 0.0 
0.81875 0.0699370766 0.0 0.0 
0.83125 0.3392478003 0.0 0.0 
0.84375 1.0170804639 0.0 0.0 
0.85625 2.0107291806 0.0 0.0 
0.86875 3.8099386022 0.0 0.0 
0.88125 5.4868588641 0.0 0.0 
0.89375 8.2038456207 0.0 0.0 
0.90625 10.6430244302 0.0 0.0 
0.91875 12.4659675786 0.0 0.0 
0.93125 15.2450394546 0.0 0.0 
0.94375 16.522440664 0.0 0.0 
0.95625 18.0359015954 0.0 0.0 
0.96875 18.600344943 0.0 0.0 
0.98125 18.8760788987 0.0 0.0 
0.99375 18.4094767359 0.0 0.0 
1.00625 18.5157156288 0.0 0.0 
1.01875 17.4116382191 0.0 0.0 
1.03125 17.9031795779 0.0 0.0 
1.04375 16.2767394186 0.0 0.0 
1.05625 15.286786129 0.0 0.0 
1.06875 14.821842082 0.0 0.0 
1.08125 13.6033462823 0.0072405626 0.0 
1.09375 13.0634059432 0.0 0.0919881502 
1.10625 12.3314269354 0.0069170068 0.0899210887 
1.11875 11.9491937976 0.006763302 0.5275375527 
1.13125 10.884684036 0.006614664 1.0318875853 
1.14375 10.4290557383 0.0323543634 2.1871549692 
1.15625 10.0567188805 0.0633171956 2.8809323992 
1.16875 9.2478416001 0.1177431379 3.9474936232 
1.18125 8.8851607286 0.1152644275 7.0978621156 
1.19375 8.2833344168 0.2197861791 8.5716609844 
1.20625 8.1268706067 0.3257908481 12.1386179389 
1.21875 7.3297514595 0.3476371356 13.1133286727 
1.23125 7.2400963448 0.4187882022 14.8809407847 
1.24375 7.2266313637 0.4760787554 16.610770827 
1.25625 7.0571280093 0.4505603243 17.1883399892 
1.26875 6.6436898964 0.5837094813 17.9451225664 
1.28125 6.352854352 0.5104972247 18.2670345308 
1.29375 5.959923719 0.3894179923 16.929567914 
1.30625 5.7609221461 0.575481624 15.4462244517 
1.31875 5.592321722 0.545154019 14.1107276873 
1.33125 5.4025538161 0.4824233651 14.5610656289 
1.34375 5.1496078863 0.3891055259 12.2497920371 
1.35625 5.4516025274 0.3819661771 10.8584240341 
1.36875 5.102239174 0.384058194 10.396681227 
1.38125 5.2396642112 0.4170707182 8.7096789347 
1.39375 5.1702362075 0.4357693899 9.2056283616 
1.40625 4.7257477396 0.3938123116 7.1228661582 
1.41875 4.953400025 0.3238214097 6.8065578126 
1.43125 4.8952288643 0.3677779088 7.4134108814 
1.44375 5.2081925772 0.2802152556 6.3616985207 
1.45625 5.0430170108 0.2913920569 5.7340368466 
1.46875 5.0565502072 0.3884778007 5.4583093002 
1.48125 4.9953101559 0.2816391004 4.664406471 
1.49375 5.2248970577 0.3717894801 5.0551987981 
1.50625 5.0627677915 0.2537123995 4.6806206648 
1.51875 4.9797734722 0.3192813944 4.4130560547 
1.53125 5.3386958897 0.2346648994 4.599432029 
1.54375 5.2766340877 0.3694081031 4.7099533142 
1.55625 5.2072658757 0.265632935 3.5213839739 
1.56875 5.4696402259 0.2786150908 3.8008601899 
1.58125 5.3460047512 0.3250104213 4.0930999939 
1.59375 5.6746955228 0.34326063 3.9641603821 
1.60625 5.8411181044 0.3280959875 3.9666804894 
1.61875 5.9898153959 0.3165874882 3.7376706509 
1.63125 5.9629717458 0.311754186 3.4117996375 
1.64375 6.1926700208 0.3258285285 3.3601067001 
1.65625 6.1774074327 0.2962421025 3.6104506245 
1.66875 6.3246516401 0.3647758266 3.5960816908 
1.68125 6.4023475474 0.2725236452 3.7180011601 
1.69375 6.310012918 0.336382703 3.4331690788 
1.70625 6.6992254887 0.3460103443 2.9672567757 
1.71875 6.8401947997 0.3094751708 3.4830284264 
1.73125 6.842581554 0.3106709303 3.9652907837 
1.74375 7.0583459743 0.3340722002 3.3838729949 
1.75625 7.0359182499 0.3567781398 3.3893923279 
1.76875 7.2448666639 0.3571647666 3.1833662718 
1.78125 7.508024678 0.3308259288 3.6244114866 
1.79375 7.5138411562 0.4130507918 3.8476865164 
1.80625 7.3144026705 0.3995698032 3.4910465595 
1.81875 7.5559408322 0.4017735316 3.8923410295 
1.83125 7.6053722281 0.3811618077 3.6917161838 
1.84375 7.5592970613 0.343639239 3.7551302349 
1.85625 7.6709988109 0.397987867 3.9123190009 
1.86875 7.8044038003 0.4048012388 3.4977735782 
1.88125 7.8040694698 0.327684075 3.9334048274 
1.89375 7.8233994936 0.4225086015 3.6054854123 
1.90625 7.6365544769 0.3797132283 3.6340652523 
1.91875 7.9845005596 0.404672543 3.8708308302 
1.93125 7.5979497509 0.3313627901 3.6438558875 
1.94375 7.59429825 0.4010514712 3.6262670736 
1.95625 7.4485532739 0.4645136704 3.9538961235 
1.96875 7.5719941271 0.4498979471 3.4353857806 
1.98125 7.4820584885 0.4507084275 3.8267086343 
1.99375 7.4081913099 0.4897950649 3.7235072654 
2.00625 7.1686254171 0.4016902173 3.7045932871 
2.01875 7.0737338416 0.4798161982 3.7668687248 
2.03125 7.2205120378 0.4452059901 3.8006640398 
2.04375 7.0464046733 0.5147616865 3.7016229152 
2.05625 6.9080172775 0.534548956 3.5005949422 
2.06875 6.7614952417 0.508329334 3.8441169673 
2.08125 6.7622979697 0.5530520681 3.7345671453 
2.09375 6.7210091878 0.5464681931 3.8909307743 
2.10625 6.5510554783 0.4732165904 3.6960505467 
2.11875 6.5343269897 0.4789634994 3.8731930225 
2.13125 6.4808399557 0.5777248501 3.5492805708 
2.14375 6.3250027796 0.5268001867 3.6995740385 
2.15625 6.4087394383 0.5589440362 3.8698226352 
2.16875 6.2287536186 0.5579186763 4.012515125 
2.18125 6.0272786941 0.5088424656 4.1054335292 
2.19375 6.0118267953 0.5822130604 4.2760119331 
2.20625 5.9524588852 0.5704172215 4.1824799318 
2.21875 5.845367323 0.5777644023 4.1913712221 
2.23125 5.9725856804 0.5117976473 3.8019253801 
2.24375 5.7955084663 0.5666426216 4.3607941817 
2.25625 5.8982672951 0.6086041766 4.0856296772 
2.26875 5.7696927246 0.6134283464 4.0086637917 
2.28125 5.6886188079 0.5806985722 4.0282913561 
2.29375 5.6069844369 0.601738441 3.9008418456 
2.30625 5.6149273136 0.6923167181 3.9828105448 
2.31875 5.6301244765 0.5951306074 3.9399850399 
2.33125 5.6178353892 0.6557416201 3.9484679502 
2.34375 5.7354065759 0.6287325661 4.076745107 
2.35625 5.5902698483 0.6159805565 4.0831582431 
2.36875 5.6038408877 0.6291091255 4.1578531172 
2.38125 5.6958262558 0.6702931019 4.172537238 
2.39375 5.6510410658 0.6293328793 4.455558601 
2.40625 5.7058426947 0.6812912931 4.2383336021 
2.41875 5.7574317175 0.6901839251 4.0817795657 
2.43125 5.7935603166 0.6487351062 4.1050754567 
2.44375 5.8365009494 0.6789697245 4.0816144502 
2.45625 5.670181629 0.6103410445 4.4140986802 
2.46875 5.7770126655 0.6694548262 4.2972888636 
2.48125 5.971943831 0.6751012587 4.1826029105 
2.49375 5.7798741514 0.6778787184 4.2292553777 
