# Radial distribution function (200 data points):
# "Pair separation distance" 0-0 0-1 1-1
0.00625 0.0 0.0 0.0 
0.01875 0.0 0.0 0.0 
0.03125 0.0 0.0 0.0 
0.04375 0.0 0.0 0.0 
0.05625 0.0 0.0 0.0 
0.06875 0.0 0.0 0.0 
0.08125 0.0 0.0 0.0 
0.09375 0.0 0.0 0.0 
0.10625 0.0 0.0 0.0 
0.11875 0.0 0.0 0.0 
0.13125 0.0 0.0 0.0 
0.14375 0.0 0.0 0.0 
0.15625 0.0 0.0 0.0 
0.16875 0.0 0.0 0.0 
0.18125 0.0 0.0 0.0 
0.19375 0.0 0.0 0.0 
0.20625 0.0 0.0 0.0 
0.21875 0.0 0.0 0.0 
0.23125 0.0 0.0 0.0 
0.24375 0.0 0.0 0.0 
0.25625 0.0 0.0 0.0 
0.26875 0.0 0.0 0.0 
0.28125 0.0 0.0 0.0 
0.29375 0.0 0.0 0.0 
0.30625 0.0 0.0 0.0 
0.31875 0.0 0.0 0.0 
0.33125 0.0 0.0 0.0 
0.34375 0.0 0.0 0.0 
0.35625 0.0 0.0 0.0 
0.36875 0.0 0.0 0.0 
0.38125 0.0 0.0 0.0 
0.39375 0.0 0.0 0.0 
0.40625 0.0 0.0 0.0 
0.41875 0.0 0.0 0.0 
0.43125 0.0 0.0 0.0 
0.44375 0.0 0.0 0.0 
0.45625 0.0 0.0 0.0 
0.46875 0.0 0.0 0.0 
0.48125 0.0 0.0 0.0 
0.49375 0.0 0.0 0.0 
0.50625 0.0 0.0 0.0 
0.51875 0.0 0.0 0.0 
0.53125 0.0 0.0 0.0 
0.54375 0.0 0.0 0.0 
0.55625 0.0 0.0 0.0 
0.56875 0.0 0.0 0.0 
0.58125 0.0 0.0 0.0 
0.59375 0.0 0.0 0.0 
0.60625 0.0 0.0 0.0 
0.61875 0.0 0.0 0.0 
0.63125 0.0 0.0 0.0 
0.64375 0.0 0.0 0.0 
0.65625 0.0 0.0 0.0 
0.66875 0.0 0.0 0.0 
0.68125 0.0 0.0 0.0 
0.69375 0.0 0.0 0.0 
0.70625 0.0 0.0 0.0 
0.71875 0.0 0.0 0.0 
0.73125 0.0 0.0 0.0 
0.74375 0.0 0.0 0.0 
0.75625 0.0 0.0 0.0 
0.76875 0.0 0.0 0.0 
0.78125 0.0 0.0 0.0 
0.79375 0.0 0.0 0.0 
0.80625 0.0278549708 0.0 0.0 
0.81875 0.1755711512 0.0 0.0 
0.83125 0.4978894941 0.0 0.0 
0.84375 1.2462679516 0.0 0.0 
0.85625 3.0624123329 0.0 0.0 
0.86875 5.6859374802 0.0 0.0 
0.88125 8.3353025162 0.0 0.0 
0.89375 12.0706674474 0.0 0.0 
0.90625 15.0911171274 0.0 0.0 
0.91875 19.1772785846 0.0 0.0 
0.93125 21.536791421 0.0 0.0 
0.94375 24.3956182963 0.0 0.0 
0.95625 25.4946479407 0.0 0.0 
0.96875 26.8475472833 0.0 0.0 
0.98125 27.4466755582 0.0 0.0 
0.99375 26.2746562391 0.0 0.0 
1.00625 27.1191394886 0.0 0.0 
1.01875 25.9866727433 0.0 0.0 
1.03125 26.0415663535 0.0 0.0 
1.04375 24.1251340021 0.0 0.0 
1.05625 22.413311547 0.0 0.0 
1.06875 21.8603908106 0.0 0.0 
1.08125 20.4828066138 0.0 0.0 
1.09375 19.2529425136 0.0 0.0 
1.10625 17.7402140952 0.0 0.0798673491 
1.11875 17.3894046967 0.0 0.390462965 
1.13125 16.285630697 0.0348674605 0.7637634212 
1.14375 15.49560092 0.0227396683 2.6150618537 
1.15625 14.5529005119 0.0890026489 4.3865591233 
1.16875 13.7528143247 0.1633294644 6.7260628976 
1.18125 13.0350621817 0.2131881037 9.0361300509 
1.19375 12.4013779114 0.3653069825 11.8657672123 
1.20625 11.8905793135 0.4293301793 15.6515675567 
1.21875 11.1603071168 0.6108258908 19.477764237 
1.23125 11.3230384479 0.5494301357 18.8263917912 
1.24375 10.5874065476 0.6538223107 25.3369881154 
1.25625 9.7295102823 0.8387932761 25.7642827151 
1.26875 9.4993719367 0.7669077657 26.5949357362 
1.28125 9.0391713311 0.7882585999 23.9946435553 
1.29375 9.1303873884 0.835303721 22.0149500439 
1.30625 9.0042343032 0.8281106134 20.7936707099 
1.31875 8.9228478355 0.7269614735 22.5932295264 
1.33125 8.102174952 0.6210548445 19.2479043905 
1.34375 8.0925298554 0.6672146894 17.8088661528 
1.35625 7.8456080259 0.549853511 15.3566230586 
1.36875 7.9639182034 0.7303940239 12.0515013935 
1.38125 7.4597772886 0.5301295747 13.5249864596 
1.39375 7.5549432976 0.5972313508 10.2141874618 
1.40625 7.1007583557 0.5264907872 10.2805384728 
1.41875 7.2955352063 0.5320330413 9.3718042472 
1.43125 7.5310702149 0.5518238907 9.4473909703 
1.44375 6.9929437489 0.5137672958 7.6901993647 
1.45625 7.1893298553 0.399779922 7.1439369515 
1.46875 7.0255113419 0.3930041547 5.9354462058 
1.48125 7.5759000971 0.4880831995 5.9247877277 
1.49375 7.2954516345 0.3666274558 5.3441903429 
1.50625 7.3584301314 0.4392369396 5.6005051146 
1.51875 7.5439572037 0.3740017433 4.5764548298 
1.53125 7.5873270691 0.4186682112 4.4186714241 
1.54375 7.8866378967 0.3869510611 4.4294305799 
1.55625 7.760454404 0.3561948175 4.0357048285 
1.56875 8.0161958815 0.4230667859 3.8127814823 
1.58125 7.9189264723 0.4639935362 3.518192747 
1.59375 8.0803424055 0.3396299946 4.3482677635 
1.60625 8.5095018292 0.4150731967 3.4852971599 
1.61875 8.5167925488 0.3973351493 3.8046867769 
1.63125 8.4718262229 0.3130152661 2.7548537447 
1.64375 8.9399083563 0.4128652258 3.2919120672 
1.65625 8.9176899113 0.384968479 3.5630885384 
1.66875 9.1747298962 0.5020696071 3.4046118339 
1.68125 9.1188849844 0.4472733239 3.4924905259 
1.69375 9.2593476012 0.3992186338 4.2588258707 
1.70625 9.5440011597 0.4342624928 2.9880178919 
1.71875 9.5405332678 0.4934230183 3.2755807953 
1.73125 9.5452320162 0.4267737099 3.6197783438 
1.74375 9.9775748167 0.4500266085 3.7930814147 
1.75625 10.2645990674 0.4870432541 3.4223916355 
1.76875 10.319709967 0.4278863799 4.1240096809 
1.78125 10.7232419454 0.4547166574 3.6966656096 
1.79375 10.6587248397 0.471514717 3.3415468743 
1.80625 10.9834607543 0.5379540982 3.2954573083 
1.81875 10.8494266943 0.4856201512 3.8117327738 
1.83125 10.7963090665 0.4967544057 3.7015806605 
1.84375 11.2070385851 0.4594140104 3.4790454178 
1.85625 10.9515099476 0.5913800357 3.3756145105 
1.86875 11.4250967399 0.4599815278 3.7224431046 
1.88125 10.9488879555 0.5421453699 3.8112279159 
1.89375 11.0497014559 0.489390805 3.4885388137 
1.90625 11.2291570185 0.5402979604 3.3353458511 
1.91875 10.9554508025 0.6383214401 2.7345090262 
1.93125 11.07625193 0.5264002514 2.8564619702 
1.94375 11.1163683543 0.5550824157 3.0526720898 
1.95625 10.6553828979 0.633516723 4.3418937543 
1.96875 11.0460646053 0.5218875946 3.42954705 
1.98125 10.7710426857 0.5229013381 3.6354093029 
1.99375 10.5749111329 0.6847450995 3.7129113671 
2.00625 10.4098078233 0.7168873087 3.3753884036 
2.01875 10.2524132824 0.631393785 3.6694875797 
2.03125 10.4074866774 0.6416711915 3.9561140393 
2.04375 9.8600679791 0.6053585686 4.118473085 
2.05625 9.8947235902 0.6507875363 3.8373850406 
2.06875 9.8389751145 0.7784869581 3.6997989871 
2.08125 9.6040978177 0.7142235965 3.610361037 
2.09375 9.7107450527 0.6819708084 3.634269454 
2.10625 9.6325606837 0.5867290671 3.7454867792 
2.11875 9.0291583538 0.6328391565 3.9844727143 
2.13125 9.1248685502 0.6843793784 4.0885001827 
2.14375 8.8552546968 0.7346779719 4.3387149707 
2.15625 9.0099197868 0.7869666577 3.4897081291 
2.16875 8.9159829711 0.7210001033 4.3016058796 
2.18125 8.8407272981 0.7033817688 4.3757044891 
2.19375 8.8042279147 0.8468291257 3.9604052439 
2.20625 8.6210466954 0.7425339803 3.9959765171 
2.21875 8.3991239088 0.700956007 3.7128223968 
2.23125 8.6489843115 0.7618390753 4.1425266467 
2.24375 8.3748502271 0.7533742842 4.2518165486 
2.25625 8.2271789782 0.8093285972 4.7808405118 
2.26875 8.2194406481 0.8062142802 3.6269322405 
2.28125 8.0895985267 0.7773967494 3.9065819842 
2.29375 8.1909557714 0.7406767629 4.0127395398 
2.30625 8.1687910227 0.7718198049 4.0061123207 
2.31875 8.1550462711 0.813315579 4.1993641118 
2.33125 7.9712066738 0.8593529571 4.1724361959 
2.34375 8.1155005374 0.8258418862 4.7864016395 
2.35625 8.2236776894 0.8599673151 4.3484417597 
2.36875 8.0887070787 0.8191052009 4.2678296875 
2.38125 8.0551021718 0.8262666747 4.619598896 
2.39375 8.0012159803 0.8462130081 4.0426880868 
2.40625 8.2044497609 0.9479044505 4.3046531954 
2.41875 7.9233327645 0.9305052345 4.8283124855 
2.43125 8.0748799385 0.8580544569 4.3654014768 
2.44375 8.244144077 0.906582964 4.1408212459 
2.45625 8.2534872158 0.8949138281 4.19598715 
2.46875 8.1003019867 0.9298020265 4.6186791329 
2.48125 8.0365391688 0.8721393899 4.2864943499 
2.49375 8.3507075291 0.9686546204 4.3379326491 
