# Radial distribution function (200 data points):
# "Pair separation distance" 0-0 0-1 1-1
0.00625 0.0 0.0 0.0 
0.01875 0.0 0.0 0.0 
0.03125 0.0 0.0 0.0 
0.04375 0.0 0.0 0.0 
0.05625 0.0 0.0 0.0 
0.06875 0.0 0.0 0.0 
0.08125 0.0 0.0 0.0 
0.09375 0.0 0.0 0.0 
0.10625 0.0 0.0 0.0 
0.11875 0.0 0.0 0.0 
0.13125 0.0 0.0 0.0 
0.14375 0.0 0.0 0.0 
0.15625 0.0 0.0 0.0 
0.16875 0.0 0.0 0.0 
0.18125 0.0 0.0 0.0 
0.19375 0.0 0.0 0.0 
0.20625 0.0 0.0 0.0 
0.21875 0.0 0.0 0.0 
0.23125 0.0 0.0 0.0 
0.24375 0.0 0.0 0.0 
0.25625 0.0 0.0 0.0 
0.26875 0.0 0.0 0.0 
0.28125 0.0 0.0 0.0 
0.29375 0.0 0.0 0.0 
0.30625 0.0 0.0 0.0 
0.31875 0.0 0.0 0.0 
0.33125 0.0 0.0 0.0 
0.34375 0.0 0.0 0.0 
0.35625 0.0 0.0 0.0 
0.36875 0.0 0.0 0.0 
0.38125 0.0 0.0 0.0 
0.39375 0.0 0.0 0.0 
0.40625 0.0 0.0 0.0 
0.41875 0.0 0.0 0.0 
0.43125 0.0 0.0 0.0 
0.44375 0.0 0.0 0.0 
0.45625 0.0 0.0 0.0 
0.46875 0.0 0.0 0.0 
0.48125 0.0 0.0 0.0 
0.49375 0.0 0.0 0.0 
0.50625 0.0 0.0 0.0 
0.51875 0.0 0.0 0.0 
0.53125 0.0 0.0 0.0 
0.54375 0.0 0.0 0.0 
0.55625 0.0 0.0 0.0 
0.56875 0.0 0.0 0.0 
0.58125 0.0 0.0 0.0 
0.59375 0.0 0.0 0.0 
0.60625 0.0 0.0 0.0 
0.61875 0.0 0.0 0.0 
0.63125 0.0 0.0 0.0 
0.64375 0.0 0.0 0.0 
0.65625 0.0 0.0 0.0 
0.66875 0.0 0.0 0.0 
0.68125 0.0 0.0 0.0 
0.69375 0.0 0.0 0.0 
0.70625 0.0 0.0 0.0 
0.71875 0.0 0.0 0.0 
0.73125 0.0 0.0 0.0 
0.74375 0.0 0.0 0.0 
0.75625 0.0 0.0 0.0 
0.76875 0.0 0.0 0.0 
0.78125 0.0 0.0 0.0 
0.79375 0.0 0.0 0.0 
0.80625 0.0 0.0 0.0 
0.81875 0.0 0.0 0.0 
0.83125 0.0 0.0 0.0 
0.84375 0.0 0.0 0.0 
0.85625 0.0 0.0 0.0 
0.86875 0.0 0.0 0.0 
0.88125 0.0405328914 0.0 0.0 
0.89375 0.1182211534 0.0 0.0 
0.90625 0.4982571666 0.0 0.0 
0.91875 1.6035414052 0.0 0.0 
0.93125 3.7749167066 0.0 0.0 
0.94375 5.6547424651 0.0 0.0 
0.95625 9.9141739256 0.0 0.0 
0.96875 14.590592444 0.0 0.0 
0.98125 17.621248625 0.0440091125 0.0 
0.99375 20.7188894581 0.1103372811 0.0 
1.00625 21.5752196138 0.2869681172 0.0 
1.01875 20.8670411428 0.8399077383 0.0 
1.03125 22.0809987537 1.6791850465 0.0 
1.04375 21.4108133976 2.6449567054 0.0 
1.05625 18.8473838752 4.1725121488 0.0292163499 
1.06875 17.3894272991 5.2149202921 0.0366903398 
1.08125 15.1587867405 6.3739808982 0.1832175975 
1.09375 13.3670625232 7.0286378879 0.5877633721 
1.10625 11.3433289742 7.0388789161 1.2099916186 
1.11875 9.6828508216 7.878803191 2.3885307875 
1.13125 8.289368069 7.5590105994 3.977086062 
1.14375 7.1466586416 6.7653554351 6.1046956599 
1.15625 6.5691564971 6.6289254975 7.8089801205 
1.16875 5.668926755 5.6015661494 9.7393345233 
1.18125 5.775178285 5.388199692 10.6322335059 
1.19375 3.9981673075 4.4858315732 11.0511963729 
1.20625 3.9373677075 3.8233737565 11.3289889496 
1.21875 3.3483985767 3.3092741532 11.1228729592 
1.23125 2.865470854 3.0946765773 10.3483527433 
1.24375 3.316888614 2.6571111007 9.2443505043 
1.25625 2.7126658612 2.25927629 8.2085759941 
1.26875 2.4834831842 2.1096821113 7.3822963775 
1.28125 2.1092818218 1.9175289289 6.3511054317 
1.29375 1.692589068 1.6672725649 5.6586557599 
1.30625 1.7710402777 1.5113444677 4.7812847734 
1.31875 1.7919262186 1.3853664239 4.3510252007 
1.33125 1.3499083574 1.4175404056 3.668000753 
1.34375 1.4818081042 1.1566149229 3.1333046407 
1.35625 1.5059592545 1.1321022368 2.6125436234 
1.36875 1.7474114726 1.0404336061 2.4283412164 
1.38125 1.3199441852 0.9836122534 2.0404462626 
1.39375 1.0857135477 0.9161876665 1.8577850381 
1.40625 1.3371018257 0.9489504715 1.7071689625 
1.41875 1.2041741304 0.8300500999 1.5684893192 
1.43125 1.4751989661 0.8333455698 1.3070750209 
1.44375 1.3138496552 0.7870319552 1.2331582154 
1.45625 1.2023297736 0.8963237154 1.2340370603 
1.46875 1.5905277239 0.8474583144 1.1246199231 
1.48125 1.3916356845 0.8911544926 1.118453007 
1.49375 1.5095188234 0.8573111937 1.0079876012 
1.50625 1.2348281476 0.848477422 0.9605404778 
1.51875 1.6103493415 0.813572842 0.9892076739 
1.53125 1.584165381 0.8545611817 0.935389999 
1.54375 1.7831610971 0.8458584691 0.9906450539 
1.55625 1.4816885124 0.8323250247 0.9344189466 
1.56875 1.7651533332 0.8756892233 0.8249794757 
1.58125 1.888430676 0.869162324 0.8082632282 
1.59375 2.0696026676 0.8555819411 0.8359660706 
1.60625 2.025315755 0.8868968436 0.8807603982 
1.61875 2.2224046327 0.9055952349 0.8867582854 
1.63125 2.401408202 0.9691169894 0.9099690042 
1.64375 2.5514297577 1.0485327771 0.8462024878 
1.65625 2.7081410805 1.06586713 0.8623355662 
1.66875 2.9955350949 1.1173476334 0.9798948117 
1.68125 3.1627500477 1.1157860068 0.9126612251 
1.69375 3.5332015337 1.2323158718 0.9317035174 
1.70625 3.3734979381 1.2122468552 0.9404949873 
1.71875 3.5910023594 1.3565644613 1.0655793351 
1.73125 3.812398515 1.3774400229 0.9849954597 
1.74375 3.9960427885 1.4652687786 0.9693929106 
1.75625 3.6229886324 1.6485972109 1.0371669266 
1.76875 3.6927038327 1.681492156 1.0508395699 
1.78125 3.8494024183 1.8010685383 1.0772362346 
1.79375 3.8350727568 1.9246857487 1.1158227778 
1.80625 3.8979569453 2.1300716742 1.1789327278 
1.81875 3.9397235194 2.1594545489 1.2880709989 
1.83125 4.0363109872 2.2780968094 1.2802665234 
1.84375 3.8521281516 2.4716872571 1.361592293 
1.85625 3.4898110595 2.5281102067 1.4784586337 
1.86875 3.6505989017 2.6209428012 1.4787472357 
1.88125 3.7356638769 2.5828079003 1.598630463 
1.89375 3.2827503771 2.7986425984 1.6243397469 
1.90625 3.4477433438 2.6504443661 1.7376601849 
1.91875 3.6252725377 2.8643073116 1.9010217652 
1.93125 3.8063713722 2.8533177863 1.960142174 
1.94375 3.532617966 3.0394486038 2.0755165844 
1.95625 3.5040680997 2.9153112621 2.1683228302 
1.96875 3.3460139018 2.9018361788 2.2453969604 
1.98125 3.3440224272 2.968660382 2.352389026 
1.99375 3.4685216792 2.9163237687 2.5420456229 
2.00625 3.3159462206 2.9838703291 2.6203730984 
2.01875 3.4063184647 2.8623651149 2.6794324356 
2.03125 3.1966789553 2.8052369022 2.8181028906 
2.04375 3.3988560711 2.7318965095 2.8071476886 
2.05625 3.178980275 2.7947079341 2.8843553276 
2.06875 3.0671275544 2.8473195753 3.0508938397 
2.08125 2.8341832435 2.7475366157 2.9649056992 
2.09375 2.8004433676 2.7866344753 2.9327962896 
2.10625 2.7743980623 2.7372823692 3.0450403225 
2.11875 2.8820018635 2.7158673746 3.0029929148 
2.13125 2.6750406948 2.6534505896 2.9934998731 
2.14375 2.4315991002 2.7450988758 2.9151223482 
2.15625 2.5727481923 2.7237799688 2.9996032528 
2.16875 2.6034098339 2.7207872201 2.8067214063 
2.18125 2.4413352126 2.5929962285 2.8480482467 
2.19375 2.1127115466 2.5119581797 2.8901887765 
2.20625 2.2181792534 2.6974830683 2.751342804 
2.21875 2.180467489 2.7397256743 2.7639408991 
2.23125 2.0549387627 2.5717133036 2.6638441493 
2.24375 1.9883379016 2.7223010457 2.8109108718 
2.25625 2.0405700906 2.6173046441 2.7203942305 
2.26875 1.9692217074 2.6685165158 2.6624552009 
2.28125 1.9295540973 2.5486213089 2.6825708963 
2.29375 1.884648842 2.561189452 2.7268728667 
2.30625 1.6748878477 2.498218827 2.6728796491 
2.31875 1.6451690869 2.2641904146 2.7108273716 
2.33125 1.5928213974 2.2422024286 2.7777982627 
2.34375 1.6561030972 2.2051252977 2.7584199127 
2.35625 1.4514742576 2.1676163041 2.7342629436 
2.36875 1.4810768393 2.1178276775 2.7171001277 
2.38125 1.6265587836 1.9077583003 2.5753217811 
2.39375 1.5491863617 1.9100715643 2.5647489181 
2.40625 1.5113861974 1.8275477816 2.4939384223 
2.41875 1.6410810637 1.8242281938 2.4316144387 
2.43125 1.4857889888 1.7563607084 2.3877682472 
2.44375 1.5496940308 1.7627668234 2.3431301386 
2.45625 1.7426634408 1.6164387397 2.1371908849 
2.46875 1.6579178401 1.7034082769 2.0812218642 
2.48125 1.6105778175 1.6312262511 2.0179494774 
2.49375 1.7311412177 1.4513785176 1.9453548928 
