# Radial distribution function (200 data points):
# "Pair separation distance" 0-0 0-1 1-1
0.00625 0.0 0.0 0.0 
0.01875 0.0 0.0 0.0 
0.03125 0.0 0.0 0.0 
0.04375 0.0 0.0 0.0 
0.05625 0.0 0.0 0.0 
0.06875 0.0 0.0 0.0 
0.08125 0.0 0.0 0.0 
0.09375 0.0 0.0 0.0 
0.10625 0.0 0.0 0.0 
0.11875 0.0 0.0 0.0 
0.13125 0.0 0.0 0.0 
0.14375 0.0 0.0 0.0 
0.15625 0.0 0.0 0.0 
0.16875 0.0 0.0 0.0 
0.18125 0.0 0.0 0.0 
0.19375 0.0 0.0 0.0 
0.20625 0.0 0.0 0.0 
0.21875 0.0 0.0 0.0 
0.23125 0.0 0.0 0.0 
0.24375 0.0 0.0 0.0 
0.25625 0.0 0.0 0.0 
0.26875 0.0 0.0 0.0 
0.28125 0.0 0.0 0.0 
0.29375 0.0 0.0 0.0 
0.30625 0.0 0.0 0.0 
0.31875 0.0 0.0 0.0 
0.33125 0.0 0.0 0.0 
0.34375 0.0 0.0 0.0 
0.35625 0.0 0.0 0.0 
0.36875 0.0 0.0 0.0 
0.38125 0.0 0.0 0.0 
0.39375 0.0 0.0 0.0 
0.40625 0.0 0.0 0.0 
0.41875 0.0 0.0 0.0 
0.43125 0.0 0.0 0.0 
0.44375 0.0 0.0 0.0 
0.45625 0.0 0.0 0.0 
0.46875 0.0 0.0 0.0 
0.48125 0.0 0.0 0.0 
0.49375 0.0 0.0 0.0 
0.50625 0.0 0.0 0.0 
0.51875 0.0 0.0 0.0 
0.53125 0.0 0.0 0.0 
0.54375 0.0 0.0 0.0 
0.55625 0.0 0.0 0.0 
0.56875 0.0 0.0 0.0 
0.58125 0.0 0.0 0.0 
0.59375 0.0 0.0 0.0 
0.60625 0.0 0.0 0.0 
0.61875 0.0 0.0 0.0 
0.63125 0.0 0.0 0.0 
0.64375 0.0 0.0 0.0 
0.65625 0.0 0.0 0.0 
0.66875 0.0 0.0 0.0 
0.68125 0.0 0.0 0.0 
0.69375 0.0 0.0 0.0 
0.70625 0.0 0.0 0.0 
0.71875 0.0 0.0 0.0 
0.73125 0.0 0.0 0.0 
0.74375 0.0 0.0 0.0 
0.75625 0.0 0.0 0.0 
0.76875 0.0 0.0 0.0 
0.78125 0.0 0.0 0.0 
0.79375 0.0 0.0 0.0 
0.80625 0.0 0.0 0.0 
0.81875 0.0 0.0 0.0 
0.83125 0.0 0.0 0.0 
0.84375 0.0 0.0 0.0 
0.85625 0.0 0.0 0.0 
0.86875 0.0 0.0 0.0 
0.88125 0.0 0.0 0.0 
0.89375 0.0572749882 0.0 0.0 
0.90625 0.3899413697 0.0 0.0 
0.91875 1.3008105051 0.0 0.0 
0.93125 2.8487796936 0.0 0.0 
0.94375 4.4689260851 0.0 0.0 
0.95625 8.9558775664 0.0 0.0 
0.96875 14.1375039276 0.0 0.0 
0.98125 19.148908806 0.0 0.0 
0.99375 26.0363741179 0.0089092438 0.0 
1.00625 29.4601138888 0.0173785476 0.0 
1.01875 33.017586392 0.0847735093 0.0 
1.03125 38.6750290484 0.1158232238 0.0 
1.04375 36.8303310834 0.3876536909 0.0 
1.05625 40.8436948817 0.5677992801 0.0 
1.06875 37.2102600411 0.6932440597 0.0 
1.08125 35.1417557645 1.1965776869 0.03473375 
1.09375 33.3870142059 1.4929870217 0.0792035555 
1.10625 31.2909297148 1.8332844126 0.1714383614 
1.11875 27.9637246864 2.1159077754 0.6542929743 
1.13125 24.5606203005 2.3925360723 1.0153999246 
1.14375 23.8868214925 2.4683138551 1.9607858962 
1.15625 20.9434342729 2.7706089206 3.1993876079 
1.16875 18.555239932 2.5635189853 4.6672494862 
1.18125 16.7219406502 2.5536900314 6.2278024698 
1.19375 14.5114862507 2.4325755543 7.8362937613 
1.20625 13.3318836479 2.6303380746 9.5492202778 
1.21875 12.1665719396 2.150178001 10.5207904309 
1.23125 11.7397157447 2.0545082923 11.018093145 
1.24375 10.4993571053 1.8939793695 11.6333821747 
1.25625 9.3347853563 1.962401126 11.7075067177 
1.26875 9.549658718 1.6342421913 11.3434150558 
1.28125 8.3887932582 1.6453868709 10.7356236826 
1.29375 7.7628006443 1.440281268 9.9630910845 
1.30625 7.2395578093 1.3458152338 9.1981889983 
1.31875 7.4186538684 1.2394777672 8.2930207906 
1.33125 5.6536104327 1.141842641 7.6186490593 
1.34375 6.2583675337 1.2522582188 6.8366327178 
1.35625 5.8699394794 0.875325069 6.2807057287 
1.36875 4.932922404 0.9956012468 5.7257909151 
1.38125 4.9879258213 1.0145559178 5.2927182844 
1.39375 4.9224103079 0.9058539396 4.8672228987 
1.40625 3.9792819662 0.9165161953 4.5346675083 
1.41875 4.682274375 1.0228269266 4.0549943243 
1.43125 4.6008455867 0.9234333469 3.5153240825 
1.44375 4.4117769496 0.7682198669 3.399519022 
1.45625 4.0559024702 0.7633858986 3.2871549984 
1.46875 4.5173674698 0.750447467 3.0777130649 
1.48125 4.8167806899 0.7859548911 2.9488731394 
1.49375 4.0393552747 0.6663910986 2.7177352042 
1.50625 4.2952375572 0.6708884953 2.4132894295 
1.51875 4.4826786112 0.6904057425 2.3033085758 
1.53125 4.4683281978 0.656665632 2.2976081015 
1.54375 4.5882363808 0.6682256074 2.1355956515 
1.55625 4.3070308303 0.6829637282 2.143343615 
1.56875 5.521421107 0.664973016 1.8975656784 
1.58125 4.9038327828 0.5806059193 1.9326462769 
1.59375 5.3135355603 0.7135517115 1.8171854639 
1.60625 5.3020877671 0.7775122272 1.9254182685 
1.61875 5.4998776733 0.6614626994 1.6840049981 
1.63125 5.3815249777 0.6877348214 1.6354049193 
1.64375 5.96037022 0.661033192 1.5981022224 
1.65625 6.0041682556 0.6992033546 1.6160133988 
1.66875 6.6703042359 0.6508538616 1.6696661797 
1.68125 6.1992103926 0.7781696114 1.5108462302 
1.69375 7.0330256145 0.686986629 1.52165651 
1.70625 7.3389479349 0.7313562017 1.5715091938 
1.71875 7.6507464528 0.7862803891 1.5830995014 
1.73125 7.510136672 0.7661607534 1.5738698647 
1.74375 8.6216128721 0.7638964285 1.5647412273 
1.75625 8.3806583666 0.8129637966 1.5118274113 
1.76875 9.7250340209 0.888695995 1.3628979475 
1.78125 9.1708539242 0.9123158385 1.6424671397 
1.79375 9.4985010282 0.8285484257 1.5018623406 
1.80625 10.0406023169 0.9438683957 1.4977428169 
1.81875 9.0593653634 1.0532908643 1.5590668971 
1.83125 9.1816831113 1.0442078747 1.5681281767 
1.84375 9.4479063386 1.0637435638 1.5887467039 
1.85625 10.2638221185 1.0520187861 1.5752783168 
1.86875 9.9828636181 1.1387680081 1.6744308356 
1.88125 10.9365397707 1.1460594731 1.7191848262 
1.89375 10.9074553408 1.1481531938 1.5474780061 
1.90625 9.7828173812 1.1864123643 1.6185123149 
1.91875 10.2149840579 1.2833254817 1.7445579174 
1.93125 10.1322462202 1.41066382 1.852698431 
1.94375 10.2324256277 1.3739488212 1.7357971418 
1.95625 10.1977190061 1.4897921174 1.853397601 
1.96875 10.0804394833 1.4663943222 1.978357665 
1.98125 10.1867495826 1.4905361011 2.0051977856 
1.99375 9.6220509298 1.4829715962 2.0346165987 
2.00625 9.8889901763 1.5060818372 2.1573104802 
2.01875 9.7107737976 1.5285077476 2.1871411382 
2.03125 9.8799278732 1.6504930014 2.3144957512 
2.04375 9.8799293941 1.5440022697 2.3365004438 
2.05625 9.6627888197 1.650140308 2.4570427517 
2.06875 9.5143004186 1.747440656 2.5397191796 
2.08125 9.0518054684 1.6858896281 2.6546121206 
2.09375 9.298886837 1.7641633277 2.7140974272 
2.10625 8.48756125 1.7492356815 2.683503893 
2.11875 8.0717683201 1.7423761744 2.8464188087 
2.13125 8.7428672624 1.7839819099 3.014278296 
2.14375 7.5461233097 1.8206726374 3.0940978817 
2.15625 7.9016957142 1.8090863835 3.2228172296 
2.16875 7.8886895442 1.8893048562 3.2016019079 
2.18125 7.3562004569 1.7364183582 3.1408304538 
2.19375 7.0064212087 1.8483174622 3.3442128319 
2.20625 6.7862645783 1.8111647953 3.2508086069 
2.21875 6.5799041228 1.7032400665 3.3957566909 
2.23125 6.9750667871 1.7990822918 3.4380226054 
2.24375 6.0705858414 1.9730802093 3.438808459 
2.25625 5.653004008 1.8648622125 3.3449727858 
2.26875 5.6264378229 1.7144601824 3.3489762133 
2.28125 5.8286888935 1.6534568215 3.4554308437 
2.29375 5.5653301542 1.8896703949 3.4731858858 
2.30625 5.298721324 1.771644149 3.4140065013 
2.31875 4.8843545793 1.7640492618 3.5384204901 
2.33125 4.9415541606 1.8811708605 3.4918595875 
2.34375 4.5724918718 1.7474389212 3.3869488784 
2.35625 4.9773408482 1.7115155744 3.5278675729 
2.36875 4.5254077674 1.7358372829 3.4822890944 
2.38125 4.6555289017 1.6990415103 3.4028572854 
2.39375 4.5112207125 1.6752014287 3.4453659785 
2.40625 4.4249641236 1.5757856443 3.5359035487 
2.41875 4.3949868656 1.6392470858 3.4323543426 
2.43125 4.5356717758 1.546522373 3.4635597678 
2.44375 4.5123730387 1.5646271931 3.4384172852 
2.45625 4.3603963679 1.5647843822 3.4753043344 
2.46875 4.6016069258 1.5735197481 3.3558057013 
2.48125 4.5925162919 1.5291238587 3.4550943838 
2.49375 4.7378720627 1.5152475451 3.3356559117 
