# Radial distribution function (200 data points):
# "Pair separation distance" 0-0 0-1 1-1
0.00625 0.0 0.0 0.0 
0.01875 0.0 0.0 0.0 
0.03125 0.0 0.0 0.0 
0.04375 0.0 0.0 0.0 
0.05625 0.0 0.0 0.0 
0.06875 0.0 0.0 0.0 
0.08125 0.0 0.0 0.0 
0.09375 0.0 0.0 0.0 
0.10625 0.0 0.0 0.0 
0.11875 0.0 0.0 0.0 
0.13125 0.0 0.0 0.0 
0.14375 0.0 0.0 0.0 
0.15625 0.0 0.0 0.0 
0.16875 0.0 0.0 0.0 
0.18125 0.0 0.0 0.0 
0.19375 0.0 0.0 0.0 
0.20625 0.0 0.0 0.0 
0.21875 0.0 0.0 0.0 
0.23125 0.0 0.0 0.0 
0.24375 0.0 0.0 0.0 
0.25625 0.0 0.0 0.0 
0.26875 0.0 0.0 0.0 
0.28125 0.0 0.0 0.0 
0.29375 0.0 0.0 0.0 
0.30625 0.0 0.0 0.0 
0.31875 0.0 0.0 0.0 
0.33125 0.0 0.0 0.0 
0.34375 0.0 0.0 0.0 
0.35625 0.0 0.0 0.0 
0.36875 0.0 0.0 0.0 
0.38125 0.0 0.0 0.0 
0.39375 0.0 0.0 0.0 
0.40625 0.0 0.0 0.0 
0.41875 0.0 0.0 0.0 
0.43125 0.0 0.0 0.0 
0.44375 0.0 0.0 0.0 
0.45625 0.0 0.0 0.0 
0.46875 0.0 0.0 0.0 
0.48125 0.0 0.0 0.0 
0.49375 0.0 0.0 0.0 
0.50625 0.0 0.0 0.0 
0.51875 0.0 0.0 0.0 
0.53125 0.0 0.0 0.0 
0.54375 0.0 0.0 0.0 
0.55625 0.0 0.0 0.0 
0.56875 0.0 0.0 0.0 
0.58125 0.0 0.0 0.0 
0.59375 0.0 0.0 0.0 
0.60625 0.0 0.0 0.0 
0.61875 0.0 0.0 0.0 
0.63125 0.0 0.0 0.0 
0.64375 0.0 0.0 0.0 
0.65625 0.0 0.0 0.0 
0.66875 0.0 0.0 0.0 
0.68125 0.0 0.0 0.0 
0.69375 0.0 0.0 0.0 
0.70625 0.0 0.0 0.0 
0.71875 0.0 0.0 0.0 
0.73125 0.0 0.0 0.0 
0.74375 0.0 0.0 0.0 
0.75625 0.0 0.0 0.0 
0.76875 0.0 0.0 0.0 
0.78125 0.0 0.0 0.0 
0.79375 0.0 0.0 0.0 
0.80625 0.0 0.0 0.0 
0.81875 0.0 0.0 0.0 
0.83125 0.0 0.0 0.0 
0.84375 0.0 0.0 0.0 
0.85625 0.0 0.0 0.0 
0.86875 0.0 0.0 0.0 
0.88125 0.0 0.0 0.0 
0.89375 0.0 0.0 0.0 
0.90625 0.0 0.0 0.0 
0.91875 0.3607365726 0.0 0.0 
0.93125 1.9311462963 0.0 0.0 
0.94375 3.2478420859 0.0 0.0 
0.95625 7.825468723 0.0 0.0 
0.96875 12.6539679049 0.0 0.0 
0.98125 20.0816822459 0.0 0.0 
0.99375 22.9714199484 0.0 0.0 
1.00625 35.6362959458 0.0 0.0 
1.01875 40.4883401075 0.0 0.0 
1.03125 52.1110382077 0.0 0.0 
1.04375 56.0412466114 0.0806271532 0.0 
1.05625 63.1835554823 0.2099470194 0.0 
1.06875 64.1134950837 0.5895611654 0.0 
1.08125 63.8117396547 0.4007016619 0.019264503 
1.09375 67.961347379 0.6852916042 0.0 
1.10625 66.8074168787 0.7655913695 0.1472291095 
1.11875 60.5787503874 0.9591167616 0.1799468596 
1.13125 57.7007844999 1.6472864726 0.7215677925 
1.14375 54.0023956206 1.4548059165 0.9985650078 
1.15625 48.513595223 1.7301255068 2.1226466782 
1.16875 45.0293377748 1.9505282452 3.3635482842 
1.18125 44.1904994452 1.9094660254 5.2780675428 
1.19375 41.9878266452 1.5204047621 6.8908157615 
1.20625 40.1804010986 2.0323620347 8.1108736192 
1.21875 37.3103997042 1.9908867129 9.4313140549 
1.23125 37.0588323512 1.7768462457 10.1024702935 
1.24375 33.660289391 1.8927288232 12.1862617306 
1.25625 30.0995805654 1.799592773 12.9153961897 
1.26875 28.4690158777 1.4550992015 12.8580400596 
1.28125 26.7105523373 1.3019967419 12.4711805939 
1.29375 25.3782506074 1.3994072571 12.0564317534 
1.30625 21.8610866583 1.338433877 11.0348197358 
1.31875 23.6372609513 1.2626741961 10.373354165 
1.33125 23.1954559739 1.3877623232 10.9546806101 
1.34375 20.3206941287 1.5079991653 9.0055864132 
1.35625 21.4377286701 1.1938147091 8.0812072618 
1.36875 19.4226373222 1.2346221021 7.4894797428 
1.38125 16.9180341534 1.2737634568 7.3309277725 
1.39375 18.4186066399 1.2510182906 6.1797289054 
1.40625 15.3979763301 1.3769344218 6.1273012319 
1.41875 17.9264944105 1.0618582376 5.1806150052 
1.43125 16.0539377168 1.2577871431 4.9365946436 
1.44375 13.7319661548 1.0113559361 4.5597457803 
1.45625 15.2920828619 1.3530373063 4.1844324858 
1.46875 15.87982529 1.0993725201 4.0195481503 
1.48125 13.80878141 0.9474521455 3.7672257571 
1.49375 15.5574372712 1.0235156099 3.9466923421 
1.50625 14.4950167429 1.2776056424 3.772262192 
1.51875 14.7854506937 0.8885487196 3.671366138 
1.53125 14.9346415462 0.9490240447 3.4579823493 
1.54375 12.010556144 0.9705748111 2.882427628 
1.55625 13.2642584086 1.0275810834 3.2919792175 
1.56875 13.3630489162 0.9517841108 2.7089240078 
1.58125 13.2743950251 1.0773150514 2.9455018547 
1.59375 13.2468077759 1.072009331 2.934946969 
1.60625 12.6873689469 1.1915686399 2.8894448338 
1.61875 12.2597698368 1.03915293 3.0083004591 
1.63125 14.2468140236 1.1773317119 2.7761667972 
1.64375 12.960322065 1.3220395418 2.8424683716 
1.65625 12.0994110762 1.0673439552 2.9064596934 
1.66875 13.3403376138 1.2301540832 2.5557441835 
1.68125 13.9506599002 1.0047624074 2.8206652833 
1.69375 13.4801495863 1.1226653956 3.10106875 
1.70625 12.969582383 0.8749640721 3.0790070794 
1.71875 13.1939310812 1.1794454617 2.8514066108 
1.73125 13.7152550163 1.015944816 2.9306100462 
1.74375 13.5193261579 1.1266105132 2.6887548736 
1.75625 13.0313977732 1.1675859019 2.6944290043 
1.76875 13.6751843342 1.1605001762 2.9372461035 
1.78125 14.2516941917 1.0058499527 2.8535757302 
1.79375 14.0537571987 1.2284752796 2.7299450658 
1.80625 13.5799170762 1.2474282802 2.7682276721 
1.81875 15.5571686785 1.3454083063 2.9277609904 
1.83125 14.8006988079 1.1262919692 2.9147925739 
1.84375 16.9744246336 1.395299772 2.789274473 
1.85625 14.8465753028 1.053671782 2.575351626 
1.86875 16.2181193374 1.3414490767 2.5345648421 
1.88125 17.0357847756 1.1499485644 2.8955539391 
1.89375 16.3870967821 1.2491160859 3.1651810322 
1.90625 15.1254225045 1.4745111434 2.9130737174 
1.91875 16.8726549024 1.479220311 3.0342980739 
1.93125 16.8182300533 1.3109804046 2.8924901604 
1.94375 17.9324357714 1.1779300939 2.9090581266 
1.95625 17.1072361561 1.4001002757 3.0250169892 
1.96875 16.8121304158 1.6241049782 2.9809153982 
1.98125 17.880617304 1.1859745333 3.1327629183 
1.99375 16.584663166 1.1416871517 2.8613003057 
2.00625 18.7238553346 1.4039254388 2.8033744315 
2.01875 17.6334428327 1.2860113539 3.0506156741 
2.03125 18.7455059862 1.4334464753 3.1441933351 
2.04375 18.6627075076 1.3458683299 2.8955580655 
2.05625 17.6082937043 1.4611255197 2.7485992278 
2.06875 16.8269490471 1.5187765037 2.9522994406 
2.08125 18.2071317576 1.6695728928 2.9065439025 
2.09375 16.5317030807 1.502760663 3.1082741919 
2.10625 19.2188987306 1.5839751701 3.2593335231 
2.11875 17.1952641216 1.6827409131 2.9851843867 
2.13125 18.8712183512 1.4503429871 3.0395222259 
2.14375 18.055460917 1.8157397182 3.1806074955 
2.15625 17.0935648674 1.6813961905 2.9936699676 
2.16875 17.6415970515 1.7118698621 3.44768196 
2.18125 17.3119811459 1.5630752208 3.308872136 
2.19375 16.9570745509 1.6852431295 3.2057526902 
2.20625 16.8280289675 1.575973545 2.9196691336 
2.21875 16.2987503701 1.7723790725 3.1659429999 
2.23125 15.321514819 1.6878837529 3.2029528198 
2.24375 15.5746665195 1.8203400376 3.019733412 
2.25625 15.4623883331 1.8577411961 3.2341243495 
2.26875 15.0854189276 1.6723654467 3.1329504444 
2.28125 16.0615360461 1.9297698136 3.2848066573 
2.29375 13.7744826772 1.847579286 3.2533833582 
2.30625 15.543455776 1.7780621248 3.1377566909 
2.31875 14.4135334109 1.7371607821 3.3344103751 
2.33125 13.2228430269 1.605446228 3.3899200168 
2.34375 14.9391795886 1.8442115519 3.2308552754 
2.35625 13.3276659265 1.8985279098 3.2656302721 
2.36875 11.8849191187 1.7793982348 3.2874512841 
2.38125 11.6530692867 1.8537096216 3.2411121731 
2.39375 12.7007950974 1.8701685732 3.3842268633 
2.40625 12.5428864649 1.7951639635 3.6370060799 
2.41875 12.0492396484 1.6915779204 3.5456150767 
2.43125 11.7968719802 1.7881553514 3.2730139502 
2.44375 11.4215514407 1.804228593 3.6959532214 
2.45625 11.1289476422 1.7907647305 3.505374363 
2.46875 11.4911702846 1.820716362 3.6288684138 
2.48125 11.202573907 1.79290642 3.1351169189 
2.49375 11.9229523503 1.8785570952 3.034954397 
