# Radial distribution function (400 data points):
# "Pair separation distance" 0-0 0-1 1-1
0.00375 0.0 0.0 0.0 
0.01125 0.0 0.0 0.0 
0.01875 0.0 0.0 0.0 
0.02625 0.0 0.0 0.0 
0.03375 0.0 0.0 0.0 
0.04125 0.0 0.0 0.0 
0.04875 0.0 0.0 0.0 
0.05625 0.0 0.0 0.0 
0.06375 0.0 0.0 0.0 
0.07125 0.0 0.0 0.0 
0.07875 0.0 0.0 0.0 
0.08625 0.0 0.0 0.0 
0.09375 0.0 0.0 0.0 
0.10125 0.0 0.0 0.0 
0.10875 0.0 0.0 0.0 
0.11625 0.0 0.0 0.0 
0.12375 0.0 0.0 0.0 
0.13125 0.0 0.0 0.0 
0.13875 0.0 0.0 0.0 
0.14625 0.0 0.0 0.0 
0.15375 0.0 0.0 0.0 
0.16125 0.0 0.0 0.0 
0.16875 0.0 0.0 0.0 
0.17625 0.0 0.0 0.0 
0.18375 0.0 0.0 0.0 
0.19125 0.0 0.0 0.0 
0.19875 0.0 0.0 0.0 
0.20625 0.0 0.0 0.0 
0.21375 0.0 0.0 0.0 
0.22125 0.0 0.0 0.0 
0.22875 0.0 0.0 0.0 
0.23625 0.0 0.0 0.0 
0.24375 0.0 0.0 0.0 
0.25125 0.0 0.0 0.0 
0.25875 0.0 0.0 0.0 
0.26625 0.0 0.0 0.0 
0.27375 0.0 0.0 0.0 
0.28125 0.0 0.0 0.0 
0.28875 0.0 0.0 0.0 
0.29625 0.0 0.0 0.0 
0.30375 0.0 0.0 0.0 
0.31125 0.0 0.0 0.0 
0.31875 0.0 0.0 0.0 
0.32625 0.0 0.0 0.0 
0.33375 0.0 0.0 0.0 
0.34125 0.0 0.0 0.0 
0.34875 0.0 0.0 0.0 
0.35625 0.0 0.0 0.0 
0.36375 0.0 0.0 0.0 
0.37125 0.0 0.0 0.0 
0.37875 0.0 0.0 0.0 
0.38625 0.0 0.0 0.0 
0.39375 0.0 0.0 0.0 
0.40125 0.0 0.0 0.0 
0.40875 0.0 0.0 0.0 
0.41625 0.0 0.0 0.0 
0.42375 0.0 0.0 0.0 
0.43125 0.0 0.0 0.0 
0.43875 0.0 0.0 0.0 
0.44625 0.0 0.0 0.0 
0.45375 0.0 0.0 0.0 
0.46125 0.0 0.0 0.0 
0.46875 0.0 0.0 0.0 
0.47625 0.0 0.0 0.0 
0.48375 0.0 0.0 0.0 
0.49125 0.0 0.0 0.0 
0.49875 0.0 0.0 0.0 
0.50625 0.0 0.0 0.0 
0.51375 0.0 0.0 0.0 
0.52125 0.0 0.0 0.0 
0.52875 0.0 0.0 0.0 
0.53625 0.0 0.0 0.0 
0.54375 0.0 0.0 0.0 
0.55125 0.0 0.0 0.0 
0.55875 0.0 0.0 0.0 
0.56625 0.0 0.0 0.0 
0.57375 0.0 0.0 0.0 
0.58125 0.0 0.0 0.0 
0.58875 0.0 0.0 0.0 
0.59625 0.0 0.0 0.0 
0.60375 0.0 0.0 0.0 
0.61125 0.0 0.0 0.0 
0.61875 0.0 0.0 0.0 
0.62625 0.0 0.0 0.0 
0.63375 0.0 0.0 0.0 
0.64125 0.0 0.0 0.0 
0.64875 0.0 0.0 0.0 
0.65625 0.0 0.0 0.0 
0.66375 0.0 0.0 0.0 
0.67125 0.0 0.0 0.0 
0.67875 0.0 0.0 0.0 
0.68625 0.0 0.0 0.0 
0.69375 0.0 0.0 0.0 
0.70125 0.0 0.0 0.0 
0.70875 0.0 0.0 0.0 
0.71625 0.0 0.0 0.0 
0.72375 0.0 0.0 0.0 
0.73125 0.0 0.0 0.0 
0.73875 0.0 0.0 0.0 
0.74625 0.0 0.0 0.0 
0.75375 0.0 0.0 0.0 
0.76125 0.0 0.0 0.0 
0.76875 0.0 0.0 0.0 
0.77625 0.0 0.0 0.0 
0.78375 0.0 0.0 0.0 
0.79125 0.0 0.0 0.0 
0.79875 0.0 0.0 0.0 
0.80625 0.0 0.0 0.0 
0.81375 0.0 0.0 0.0 
0.82125 0.0 0.0 0.0 
0.82875 0.0 0.0 0.0 
0.83625 0.0 0.0 0.0 
0.84375 0.0 0.0 0.0 
0.85125 0.0 0.0 0.0 
0.85875 0.0 0.0 0.0 
0.86625 0.0 0.0 0.0 
0.87375 0.0 0.0 0.0 
0.88125 0.0 0.0 0.0 
0.88875 0.0 0.0 0.0 
0.89625 0.0 0.0 0.0 
0.90375 0.0 0.0 0.0 
0.91125 0.5736733744 0.0 0.0 
0.91875 1.1286911185 0.0 0.0 
0.92625 2.2209736419 0.0 0.0 
0.93375 2.1854388278 0.0 0.0 
0.94125 3.2261250851 0.0 0.0 
0.94875 8.9967429012 0.0 0.0 
0.95625 8.8561716758 0.0 0.0 
0.96375 11.7961175051 0.0 0.0 
0.97125 21.7143314088 0.0 0.0 
0.97875 24.3664708834 0.0 0.0 
0.98625 35.7510632744 0.0 0.0 
0.99375 29.9073251709 0.0 0.0 
1.00125 43.2410798937 0.0 0.0 
1.00875 54.7720497084 0.0 0.0 
1.01625 59.0403752616 0.0 0.0 
1.02375 67.2688760477 0.0874075832 0.0 
1.03125 73.4608989609 0.172281658 0.0 
1.03875 73.2869006834 0.1698028283 0.0 
1.04625 80.9435728796 0.1673771151 0.0 
1.05375 78.0794251592 0.7425135529 0.0 
1.06125 82.478285629 0.4880371931 0.0 
1.06875 96.7556144058 0.4812116101 0.0 
1.07625 101.991932883 0.3954401864 0.0 
1.08375 81.5226579919 0.6239774818 0.0 
1.09125 93.6068998985 1.3077887067 0.0 
1.09875 84.0470295567 1.2899959394 0.058370857 
1.10625 91.8641371082 1.8714173955 0.1727462211 
1.11375 82.5664500738 2.2894096174 0.5680917165 
1.12125 79.9499417846 2.5503535932 0.4484138186 
1.12875 94.2205519954 2.5165745725 0.7190213064 
1.13625 79.697850767 2.3415501027 1.5282844493 
1.14375 80.1126575011 2.6610847771 1.5083071611 
1.15125 75.1186356916 3.1103594094 2.5520897718 
1.15875 75.9232850372 2.5926355422 3.8312225624 
1.16625 81.2541221376 3.4349802959 5.595443016 
1.17375 80.2190518664 2.7927720312 7.0075049133 
1.18125 73.7413148559 3.5452555219 9.0398965587 
1.18875 66.4088490764 2.7875639499 9.8736612179 
1.19625 67.9089587069 2.4326361528 12.1139371171 
1.20375 61.4765984008 2.4656389733 12.4011427651 
1.21125 56.8213187499 3.2469325 14.9858423077 
1.21875 50.9927841111 3.5154677 17.2689641402 
1.22625 51.3213235245 2.193218954 17.573869824 
1.23375 40.3716286141 2.7684778119 20.2311840103 
1.24125 44.8322345626 2.5567454724 19.3471079575 
1.24875 46.7392081968 3.2898386866 21.2845332605 
1.25625 42.8624639481 2.5541013187 21.4330180589 
1.26375 45.9345363283 2.8106796704 21.3999943511 
1.27125 45.0993691697 2.4941833126 21.671487873 
1.27875 43.1152992678 2.8011499005 19.2201977785 
1.28625 31.3846088134 2.2148630073 18.826335562 
1.29375 34.1524238865 2.1892579414 20.1243326156 
1.30125 32.3532103188 2.1640943357 20.9750681768 
1.30875 33.6521658291 2.9416228872 18.678276794 
1.31625 32.4448889347 1.9564225727 19.4828775947 
1.32375 27.1849863924 2.6139409993 18.2573725179 
1.33125 33.0618346166 2.274422644 18.0919983049 
1.33875 31.8950561052 2.3512381103 15.8453003087 
1.34625 31.0149924215 1.3141945941 14.6194428223 
1.35375 28.5928116205 2.049484749 13.3812512694 
1.36125 26.9932168024 2.1258394185 11.8271209151 
1.36875 26.443943236 2.5426868496 11.6602503459 
1.37625 25.1504922268 2.0313859106 11.1242561772 
1.38375 27.3664574436 1.7223644545 11.2984164002 
1.39125 29.5333061573 2.3191217976 9.1381408352 
1.39875 23.3739559579 1.9197359661 9.5806710503 
1.40625 19.993748275 1.9919628726 8.5166212264 
1.41375 19.3054972593 1.6500425008 7.8271246833 
1.42125 22.6397432711 1.4512655943 8.5122308897 
1.42875 17.9688163094 1.9297180352 7.9743267645 
1.43625 21.2455992384 1.6875685014 6.6614546107 
1.44375 23.7678882081 1.1866364305 6.8628830596 
1.45125 22.1657725018 2.0008350374 5.9556628205 
1.45875 20.5952638659 1.5067605253 6.5568919563 
1.46625 24.5950783033 1.4061635205 6.0638753213 
1.47375 17.1075672985 1.8558504959 5.2560800758 
1.48125 18.4545516735 1.4613332773 5.3314576711 
1.48875 14.1854035747 1.9426397669 4.9599313198 
1.49625 20.6397639473 1.5958580372 5.3195267905 
1.50375 18.9597478126 1.4989544211 4.0823914587 
1.51125 20.2320757844 1.1231128508 4.134536319 
1.51875 17.5544686778 1.2709117595 3.879946958 
1.52625 18.2003611904 1.5337383026 4.2654260485 
1.53375 17.2127847082 1.5577180731 4.0440757668 
1.54125 19.0510447436 1.6197244519 3.8268215072 
1.54875 18.0725790386 1.4131137456 2.7028371018 
1.55625 15.5385235303 1.4751762845 3.8697918312 
1.56375 13.2469428512 1.7982275364 3.5734008735 
1.57125 18.909362941 1.3358262674 3.653541928 
1.57875 15.8632722 1.8744830449 3.3361840016 
1.58625 16.2815819654 1.419905404 3.3607228496 
1.59375 12.7529290526 1.4426390331 2.9407641829 
1.60125 21.1800996843 1.6792589156 3.8202453235 
1.60875 17.3018353622 1.1680862663 3.0223211085 
1.61625 16.2298452725 1.3326147804 3.3720009625 
1.62375 15.5382311884 1.702534276 3.2607406856 
1.63125 17.185874917 1.5147806417 3.1513793071 
1.63875 17.9158506846 1.1598227785 2.7552351073 
1.64625 19.1591571102 1.4873022457 3.1202145014 
1.65375 13.5861489579 1.674821124 3.0919774597 
1.66125 17.2612205784 1.593343438 3.3705341958 
1.66875 15.5668353455 1.7764351409 2.9860305787 
1.67625 17.1232144378 1.4019387297 3.6615931043 
1.68375 17.3070686799 1.5187308214 3.0822033037 
1.69125 17.6535382244 2.1458400962 3.0056543254 
1.69875 17.9932279095 1.6507548541 3.2477869171 
1.70625 18.8171583784 1.5733410015 2.9530400337 
1.71375 16.7064364835 1.4660241126 2.9752371517 
1.72125 19.4553480495 1.6697215427 2.9731508951 
1.72875 17.2147577663 1.8698365807 3.3246779052 
1.73625 16.2762465494 1.7017733509 3.3427690822 
1.74375 18.1731874587 1.5967820546 3.0127963294 
1.75125 17.8625356231 1.8519685763 2.9870460908 
1.75875 18.0185239207 1.8658234829 3.1894418511 
1.76625 18.934721025 1.732550466 2.9817035399 
1.77375 19.6833999133 1.5432251411 3.0685318481 
1.78125 18.6171636687 1.5302569393 3.331473743 
1.78875 15.334849669 1.5747138383 2.8190681301 
1.79625 16.0929081529 2.0158724045 3.603672229 
1.80375 17.7163513388 2.1962419015 3.1189234104 
1.81125 17.8603482149 1.7033790511 3.544231317 
1.81875 21.6016467042 1.7170539688 3.0676894728 
1.82625 17.9966514182 1.4008382514 3.3172187854 
1.83375 17.7080761878 1.9070235895 3.4158774185 
1.84125 17.2830831427 1.215976769 3.2218187895 
1.84875 17.42189016 1.8494006477 3.1544960881 
1.85625 18.9404054241 1.6749656678 3.2517648495 
1.86375 14.9483351661 1.71425862 2.7590434594 
1.87125 15.7810541148 1.9621668744 2.8375951721 
1.87875 21.7284896758 1.68699454 3.5337045395 
1.88625 21.5560422539 1.7765968891 3.1491516762 
1.89375 19.5260188097 2.1968048373 3.556544504 
1.90125 20.1629763838 1.7486744224 3.3530880787 
1.90875 18.4358294451 1.7601037386 3.4041566813 
1.91625 20.3674655411 2.0207798981 3.0513200741 
1.92375 15.832500981 2.2030840952 3.8082698275 
1.93125 20.0523068135 2.1860060098 3.0607862886 
1.93875 19.643992645 1.6816817525 3.1308902192 
1.94625 19.9959279704 2.2975485694 3.4788792104 
1.95375 18.9691250921 1.8479537349 3.6552931021 
1.96125 17.5858809929 1.9767444778 3.4991491683 
1.96875 19.5414904508 2.0562526236 3.5816248175 
1.97625 18.2957071389 2.1110431314 3.3740603895 
1.98375 18.1576269882 1.8390417078 2.7755741451 
1.99125 18.9822296758 1.9407342901 3.3767354865 
1.99875 18.1245967483 2.4765390294 3.2456067052 
2.00625 19.5279010984 2.321498732 3.3264310639 
2.01375 20.2050098255 2.4397820451 3.6492466487 
2.02125 19.5889404294 2.3992864308 3.6049666717 
2.02875 18.8656716767 2.2035175743 3.8523034516 
2.03625 20.450293467 2.0989389362 3.1271640831 
2.04375 21.0988084318 2.1054943965 3.3404478406 
2.05125 21.3976638272 2.0465816033 3.8017514236 
2.05875 19.8933438635 2.0749250444 3.4249564035 
2.06625 20.3070765493 1.9955178773 3.416643512 
2.07375 21.2681730432 2.2580392053 3.850792549 
2.08125 19.46554298 2.0514533562 3.4814513737 
2.08875 22.819972758 2.6246748203 3.3111282349 
2.09625 19.1879633287 2.418300463 3.592170449 
2.10375 20.4506497567 2.4217874712 3.5666035079 
2.11125 20.1987386644 2.2196416115 3.6519744462 
2.11875 21.8599701065 1.7141873497 3.3279095067 
2.12625 18.4395862931 2.2289609805 3.3356479009 
2.13375 19.1472233048 2.2736824647 3.6217950766 
2.14125 18.493837372 1.9181162356 3.6733155474 
2.14875 19.1903524846 2.0634787618 3.5866679661 
2.15625 24.6922467267 2.2658860306 3.8952020727 
2.16375 21.1636692808 2.563277252 3.2962872472 
2.17125 18.4915460309 2.7204880668 3.6621954745 
2.17875 18.8662179861 2.1614325025 3.2213657489 
2.18625 21.0292901085 2.2616261692 3.2730183152 
2.19375 17.7182395192 2.6840049121 3.3971038713 
2.20125 17.3027740946 2.2687203795 3.9266314261 
2.20875 19.1383616482 2.328450593 3.6833430596 
2.21625 18.233169341 2.2754159775 4.2036373355 
2.22375 20.1333563404 2.3156694355 3.6623202765 
2.23125 16.1708205131 2.4657373108 3.6802049415 
2.23875 18.818968456 2.7051353258 3.7118280978 
2.24625 14.4449843297 2.378447646 3.8826097804 
2.25375 17.2563194038 2.1822895567 3.6209636001 
2.26125 17.3283660789 2.3649134847 3.7072361736 
2.26875 17.2139878416 2.3848990599 3.8470530186 
2.27625 16.3652227042 2.3868896554 3.8489445726 
2.28375 18.5413245018 2.459061605 3.8777509925 
2.29125 17.7849625724 2.7570879969 4.0537515826 
2.29875 16.5873184004 2.4964191572 3.893987147 
2.30625 17.7334922077 2.4285376858 3.7627097805 
2.31375 16.9068455441 1.9679020623 3.6988660837 
2.32125 16.2673136218 2.7372883498 3.8319421237 
2.32875 15.4599749023 2.2804814377 4.0282008302 
2.33625 15.6227058993 2.2994313582 4.0152900191 
2.34375 13.9619205785 2.4848616414 3.8870060782 
2.35125 15.9410150198 2.2370447273 4.0024617913 
2.35875 16.0966642304 2.601547615 4.2430304334 
2.36625 14.0379779081 2.3233017051 4.1658335015 
2.37375 15.8938738033 2.3574178616 3.6768214923 
2.38125 15.5418821422 2.6010842255 3.7158346078 
2.38875 15.7783750587 2.4081769015 3.8901319178 
2.39625 14.6012584891 2.6164842572 4.0008155153 
2.40375 14.2629508042 2.6477465366 3.9149085133 
2.41125 14.0924286088 2.5210069068 3.6481878795 
2.41875 15.1451249068 2.3957858879 3.9026376454 
2.42625 15.213482336 2.4432454242 4.3454095492 
2.43375 13.6722149172 2.0724850666 3.3668959464 
2.44125 12.9488854296 2.6131416465 3.8665037032 
2.44875 13.1080151494 2.8263202828 4.0661406148 
2.45625 13.1860047001 2.3991118639 3.7843828817 
2.46375 14.7538874881 2.4298034836 3.8426419163 
2.47125 12.8704127306 2.6400846627 4.0732075434 
2.47875 12.3274589919 2.2215667511 4.2779783074 
2.48625 12.7926463588 2.4749443257 3.8646067545 
2.49375 12.0264022837 2.0918044149 3.8413959731 
2.50125 11.19296212 2.3721348292 3.9873491431 
2.50875 13.3210911903 2.721857575 3.5380789539 
2.51625 14.5208366399 2.6477810932 3.8731728475 
2.52375 12.6396762168 2.373175439 3.9165692559 
2.53125 12.8622791907 2.5878974361 3.6184371291 
2.53875 11.308199717 2.3878551439 3.7282903116 
2.54625 13.5194073209 2.6846649153 3.6194065457 
2.55375 10.9566153565 2.9077171523 3.7926745465 
2.56125 12.1996467775 2.471769093 3.8242059848 
2.56875 15.0884464923 2.568423446 3.6737532865 
2.57625 13.1346045367 2.2360297761 3.3551064067 
2.58375 11.631307786 2.3877389745 3.6945563265 
2.59125 11.0674582638 2.6058734324 3.8411183096 
2.59875 12.8376138988 2.509465946 3.8085449908 
2.60625 11.9222631927 2.9805657982 3.3509319624 
2.61375 11.5052956328 2.3064229008 3.5792877753 
2.62125 12.1328574031 2.3065761876 3.5075547184 
2.62875 10.9607554029 2.5453133011 3.5385565524 
2.63625 10.8299346613 2.689029541 3.4271945131 
2.64375 12.8813971829 2.7131147913 3.3573661297 
2.65125 12.7408506397 2.4762291546 3.4486754218 
2.65875 12.2647393242 2.7473845485 3.5289337089 
2.66625 10.2525438507 2.5386515065 3.6280611144 
2.67375 12.9937635443 2.7807166559 3.3218770402 
2.68125 11.7947116508 2.6632397742 3.6267895343 
2.68875 13.3763350202 2.3822953617 3.1874410118 
2.69625 11.2051517387 2.2934521103 3.3539071435 
2.70375 12.1857002547 2.6316300427 3.5666780798 
2.71125 13.9328923255 2.592166014 3.4606950114 
2.71875 12.2449496833 2.5902778176 3.5846317977 
2.72625 12.5622279069 2.5144176737 3.2804996798 
2.73375 11.5372668658 2.6232204731 3.545402221 
2.74125 11.981369776 2.8283249776 3.2071854853 
2.74875 10.5290198611 2.7280394619 3.3296071382 
2.75625 11.3496722716 2.9061528022 3.0981648131 
2.76375 12.5354667035 2.3746865741 3.3304656304 
2.77125 10.8549692943 2.7674207432 3.0738924037 
2.77875 10.7964520817 2.5270816411 3.1942165922 
2.78625 11.1679430518 2.6669010246 3.3585887649 
2.79375 11.5963279015 2.6526013216 3.4760092199 
2.80125 10.8665394346 2.4049281516 3.3855784659 
2.80875 11.4727993973 2.4385504792 3.2514006389 
2.81625 11.4117740129 2.494881768 3.3407248745 
2.82375 10.3953408303 2.3782444207 3.3848666412 
2.83125 11.4694566497 2.6742256437 3.4109123924 
2.83875 10.9951364939 2.4327535253 3.2617435835 
2.84625 9.5260071673 2.9288174933 3.540328838 
2.85375 10.7628664639 2.5422322542 3.1410153447 
2.86125 11.462955173 2.6296314581 3.2192542237 
2.86875 11.1136778419 2.6381627089 3.1853181684 
2.87625 10.0193135248 2.6244223092 2.9728120283 
2.88375 11.2847773349 2.9522845819 3.4742729007 
2.89125 11.3402797782 2.8273987078 3.135934166 
2.89875 11.1682901556 2.6383504663 3.6396824614 
2.90625 10.2647277334 2.472905667 3.2454801095 
2.91375 8.6408832232 2.578884978 3.4196994236 
2.92125 10.159584026 2.6837447237 3.1048862034 
2.92875 11.2738804531 2.5204961983 3.2040205911 
2.93625 11.4926258238 2.9220341175 3.0242031426 
2.94375 11.4341393049 2.7803056927 3.1145278745 
2.95125 10.1181641876 2.3875501773 3.1310807137 
2.95875 11.4273294492 2.6161468519 3.485512575 
2.96625 9.9619490706 2.6966396418 3.0033854045 
2.97375 11.150733415 2.8798809823 3.0759105124 
2.98125 10.7731141985 2.7211080639 3.3379559875 
2.98875 10.1858244987 2.3690348965 3.4790022955 
2.99625 10.7185805627 2.4796411622 3.2889194269 
