# Radial distribution function (400 data points):
# "Pair separation distance" 0-0 0-1 1-1
0.00375 0.0 0.0 0.0 
0.01125 0.0 0.0 0.0 
0.01875 0.0 0.0 0.0 
0.02625 0.0 0.0 0.0 
0.03375 0.0 0.0 0.0 
0.04125 0.0 0.0 0.0 
0.04875 0.0 0.0 0.0 
0.05625 0.0 0.0 0.0 
0.06375 0.0 0.0 0.0 
0.07125 0.0 0.0 0.0 
0.07875 0.0 0.0 0.0 
0.08625 0.0 0.0 0.0 
0.09375 0.0 0.0 0.0 
0.10125 0.0 0.0 0.0 
0.10875 0.0 0.0 0.0 
0.11625 0.0 0.0 0.0 
0.12375 0.0 0.0 0.0 
0.13125 0.0 0.0 0.0 
0.13875 0.0 0.0 0.0 
0.14625 0.0 0.0 0.0 
0.15375 0.0 0.0 0.0 
0.16125 0.0 0.0 0.0 
0.16875 0.0 0.0 0.0 
0.17625 0.0 0.0 0.0 
0.18375 0.0 0.0 0.0 
0.19125 0.0 0.0 0.0 
0.19875 0.0 0.0 0.0 
0.20625 0.0 0.0 0.0 
0.21375 0.0 0.0 0.0 
0.22125 0.0 0.0 0.0 
0.22875 0.0 0.0 0.0 
0.23625 0.0 0.0 0.0 
0.24375 0.0 0.0 0.0 
0.25125 0.0 0.0 0.0 
0.25875 0.0 0.0 0.0 
0.26625 0.0 0.0 0.0 
0.27375 0.0 0.0 0.0 
0.28125 0.0 0.0 0.0 
0.28875 0.0 0.0 0.0 
0.29625 0.0 0.0 0.0 
0.30375 0.0 0.0 0.0 
0.31125 0.0 0.0 0.0 
0.31875 0.0 0.0 0.0 
0.32625 0.0 0.0 0.0 
0.33375 0.0 0.0 0.0 
0.34125 0.0 0.0 0.0 
0.34875 0.0 0.0 0.0 
0.35625 0.0 0.0 0.0 
0.36375 0.0 0.0 0.0 
0.37125 0.0 0.0 0.0 
0.37875 0.0 0.0 0.0 
0.38625 0.0 0.0 0.0 
0.39375 0.0 0.0 0.0 
0.40125 0.0 0.0 0.0 
0.40875 0.0 0.0 0.0 
0.41625 0.0 0.0 0.0 
0.42375 0.0 0.0 0.0 
0.43125 0.0 0.0 0.0 
0.43875 0.0 0.0 0.0 
0.44625 0.0 0.0 0.0 
0.45375 0.0 0.0 0.0 
0.46125 0.0 0.0 0.0 
0.46875 0.0 0.0 0.0 
0.47625 0.0 0.0 0.0 
0.48375 0.0 0.0 0.0 
0.49125 0.0 0.0 0.0 
0.49875 0.0 0.0 0.0 
0.50625 0.0 0.0 0.0 
0.51375 0.0 0.0 0.0 
0.52125 0.0 0.0 0.0 
0.52875 0.0 0.0 0.0 
0.53625 0.0 0.0 0.0 
0.54375 0.0 0.0 0.0 
0.55125 0.0 0.0 0.0 
0.55875 0.0 0.0 0.0 
0.56625 0.0 0.0 0.0 
0.57375 0.0 0.0 0.0 
0.58125 0.0 0.0 0.0 
0.58875 0.0 0.0 0.0 
0.59625 0.0 0.0 0.0 
0.60375 0.0 0.0 0.0 
0.61125 0.0 0.0 0.0 
0.61875 0.0 0.0 0.0 
0.62625 0.0 0.0 0.0 
0.63375 0.0 0.0 0.0 
0.64125 0.0 0.0 0.0 
0.64875 0.0 0.0 0.0 
0.65625 0.0 0.0 0.0 
0.66375 0.0 0.0 0.0 
0.67125 0.0 0.0 0.0 
0.67875 0.0 0.0 0.0 
0.68625 0.0 0.0 0.0 
0.69375 0.0 0.0 0.0 
0.70125 0.0 0.0 0.0 
0.70875 0.0 0.0 0.0 
0.71625 0.0 0.0 0.0 
0.72375 0.0 0.0 0.0 
0.73125 0.0 0.0 0.0 
0.73875 0.0 0.0 0.0 
0.74625 0.0 0.0 0.0 
0.75375 0.0 0.0 0.0 
0.76125 0.0 0.0 0.0 
0.76875 0.0 0.0 0.0 
0.77625 0.0 0.0 0.0 
0.78375 0.0 0.0 0.0 
0.79125 0.0 0.0 0.0 
0.79875 0.0 0.0 0.0 
0.80625 0.0 0.0 0.0 
0.81375 0.0 0.0 0.0 
0.82125 0.0 0.0 0.0 
0.82875 0.0 0.0 0.0 
0.83625 0.0 0.0 0.0 
0.84375 0.0 0.0 0.0 
0.85125 0.0 0.0 0.0 
0.85875 0.0 0.0 0.0 
0.86625 0.0 0.0 0.0 
0.87375 0.0 0.0 0.0 
0.88125 0.0 0.0 0.0 
0.88875 0.0678556063 0.0 0.0 
0.89625 0.0667247059 0.0 0.0 
0.90375 0.0656218435 0.0 0.0 
0.91125 0.7745531986 0.0 0.0 
0.91875 0.9524488967 0.0 0.0 
0.92625 1.4993394456 0.0 0.0 
0.93375 2.3974446118 0.0 0.0 
0.94125 3.2063515196 0.0 0.0 
0.94875 5.1208275625 0.0 0.0 
0.95625 8.088751693 0.0 0.0 
0.96375 9.9830367343 0.0 0.0 
0.97125 12.3294315007 0.0 0.0 
0.97875 13.148303703 0.0107596593 0.0 
0.98625 15.5389089845 0.0211932747 0.0 
0.99375 19.05014614 0.0208745849 0.0 
1.00125 20.0489539727 0.0514075743 0.0 
1.00875 20.858046428 0.1924547796 0.0 
1.01625 23.6651517805 0.2694665562 0.0 
1.02375 21.2740952144 0.4818928742 0.0 
1.03125 23.0825178771 0.6105973406 0.0 
1.03875 23.1477880076 1.146308419 0.0 
1.04625 23.2577848034 1.6948992974 0.0072431594 
1.05375 21.4315460346 2.0421604849 0.0 
1.06125 22.4146123846 2.3611669097 0.0070398536 
1.06875 20.9280305646 3.1493112569 0.0 
1.07625 19.3417486516 3.4882064186 0.006844989 
1.08375 17.5234175729 4.3352204933 0.0877574999 
1.09125 17.8684887786 4.4316344965 0.1464783037 
1.09875 16.5598694737 5.1568164375 0.2101606291 
1.10625 16.0295154503 5.322958052 0.5118228896 
1.11375 13.8699692139 5.7085243529 0.754233427 
1.12125 14.2392618143 5.9685528563 1.2297842424 
1.12875 13.5458507808 5.6225312307 1.9727087993 
1.13625 11.4579587062 5.8599092045 2.5977170337 
1.14375 9.9561181828 5.8148268589 3.3092510579 
1.15125 7.8452799856 6.3459045086 4.4806584436 
1.15875 8.9415857914 5.6422266112 5.3026891647 
1.16625 8.0388309728 5.6077817872 6.3830780218 
1.17375 7.1194417568 5.6784954744 7.0326557917 
1.18125 6.9525002447 5.1264717062 8.4096410165 
1.18875 6.3340503398 4.7483495753 8.6629466433 
1.19625 6.779236589 4.6097656364 9.4743981229 
1.20375 4.8455695376 4.4955959304 9.9476550651 
1.21125 5.1510727656 4.1942040931 10.5706264736 
1.21875 4.5826916136 3.8651714548 10.7291736282 
1.22625 4.5268058274 3.5644140373 10.4506932277 
1.23375 3.4859974554 3.2029463799 9.995859657 
1.24125 3.9658158755 2.8900682493 9.7313373567 
1.24875 3.7464654331 2.8224077981 9.5283592391 
1.25625 3.2263962613 2.6255289414 9.0984173611 
1.26375 2.9868535892 2.3814800657 9.2538645873 
1.27125 2.885383879 2.3279511844 8.3354880134 
1.27875 3.2121889016 2.0422865073 8.1507208423 
1.28625 1.8465896183 2.0995300316 7.3850166144 
1.29375 2.049394527 2.0506261343 6.6933119144 
1.30125 2.7222205232 1.8200893033 6.5601880987 
1.30875 2.0339783161 1.8955715076 6.0824931893 
1.31625 2.0108651763 1.63010964 5.3360691752 
1.32375 2.0187306064 1.6822755053 5.0450166445 
1.33125 1.99604848 1.4249180583 4.6885843802 
1.33875 2.0933674954 1.4089973527 4.4813636366 
1.34625 1.6856594506 1.4217775393 3.9241060084 
1.35375 1.3453253371 1.3385762133 3.5000263626 
1.36125 1.5330154275 1.3016168724 3.170605202 
1.36875 1.7165222583 1.15535152 3.1825067511 
1.37625 1.6978645924 1.1482353493 2.7879137538 
1.38375 1.4835667067 1.2273338502 2.5880015398 
1.39125 1.3845420104 1.1449097394 2.4987296637 
1.39875 1.0136033201 1.0905191646 2.2045426441 
1.40625 1.2196464425 0.9642503926 2.1289686423 
1.41375 1.5553541026 1.0159308959 1.9556967267 
1.42125 1.6981871516 0.944004276 1.9704371998 
1.42875 1.1027659457 1.0654011655 1.8643549377 
1.43625 1.4290557087 0.9843495616 1.70272103 
1.44375 1.5171012999 0.9543694618 1.7573483114 
1.45125 1.5269097148 0.9151670406 1.5510029647 
1.45875 1.2593743669 0.8379683287 1.5649030595 
1.46625 1.3961065665 0.7814744861 1.4014172002 
1.47375 1.3079008922 0.84472554 1.3470342448 
1.48125 1.4412585512 0.8361930317 1.2936780697 
1.48875 1.5960518944 0.7347791355 1.2341713815 
1.49625 1.6519138505 0.7642633756 1.1474575241 
1.50375 1.5643693359 0.7384260851 1.2131786584 
1.51125 1.1968623265 0.7942977732 1.2046386683 
1.51875 1.5336208739 0.7730664661 1.0862116643 
1.52625 1.4495588827 0.77433701 1.1232141244 
1.53375 1.4354169575 0.6835318845 0.9875485314 
1.54125 1.5794233117 0.7853725808 0.9979872574 
1.54875 1.5641633024 0.7691901954 1.0114834542 
1.55625 1.748296394 0.7149800248 1.0083051632 
1.56375 1.4247065425 0.7629345686 0.9111118308 
1.57125 1.4979772741 0.8433428355 0.9281267306 
1.57875 2.0643875398 0.7278289403 0.919329387 
1.58625 1.7679971193 0.8069866369 0.8728438049 
1.59375 1.8358009723 0.8805676636 0.9083487774 
1.60125 1.8604519892 0.7597783621 0.7823521595 
1.60875 2.1744975996 0.8044844599 0.9343783712 
1.61625 2.1338457594 0.8601671146 0.8346716884 
1.62375 2.0938504727 0.8131458147 0.8420148968 
1.63125 2.2962045695 0.8870290932 0.8819637608 
1.63875 2.2951930113 0.8290329272 0.788289856 
1.64625 2.9071841861 0.8785446716 0.8250069843 
1.65375 2.724092694 0.9610454302 0.8929170212 
1.66125 3.1656610941 0.9113040431 0.9337131589 
1.66875 2.7138345309 0.9364431756 0.819992808 
1.67625 3.1283337621 0.9867750727 0.891681221 
1.68375 2.7602248419 0.9198325672 0.864178362 
1.69125 3.2229951792 0.8936748708 0.8232674833 
1.69875 3.4546244248 1.0108133914 0.8379942495 
1.70625 3.6084241709 1.0762960635 0.9640911095 
1.71375 3.2666675783 1.1230485873 0.893579525 
1.72125 3.8171691178 1.1098039998 0.9018662839 
1.72875 4.0351993101 1.1484798036 1.0054835888 
1.73625 4.124870629 1.2035431543 0.9521036317 
1.74375 4.0189562284 1.1559244888 0.9673990195 
1.75125 3.8447956349 1.3712208208 0.9100108011 
1.75875 4.2279368048 1.3195641352 0.9535311932 
1.76625 4.4841800792 1.3215974298 0.9962811394 
1.77375 4.0034087885 1.6151231856 0.9828335815 
1.78125 4.5947940251 1.5463249123 0.9820712517 
1.78875 4.3888314408 1.5333850307 1.0135010949 
1.79625 3.8705195707 1.5876924947 0.9780244744 
1.80375 4.3655613917 1.6473816573 1.0186472378 
1.81125 4.3458202483 1.6369088703 1.0561482007 
1.81875 4.3748652009 1.7574244824 1.0618372146 
1.82625 4.3068650676 1.8851806051 1.1173201569 
1.83375 4.192011152 1.8820523891 1.1671459942 
1.84125 4.4741223405 1.9427590212 1.1319313426 
1.84875 4.1399442918 1.9692479768 1.1761205375 
1.85625 4.1843335424 2.0311427476 1.1827431429 
1.86375 4.4130380708 2.0296651697 1.2120470143 
1.87125 4.6073353865 2.0516948405 1.3110377582 
1.87875 4.3428517983 2.1083505906 1.4263825112 
1.88625 4.0824206591 2.526164359 1.4551740706 
1.89375 3.7362995643 2.3653650319 1.3552376526 
1.90125 4.0034304382 2.440837931 1.4410770315 
1.90875 3.9131862395 2.3905743004 1.4689464295 
1.91625 3.9555961061 2.5880354881 1.4121268223 
1.92375 3.4034359854 2.5567546928 1.6003818967 
1.93125 3.4776459582 2.5866788119 1.6134855508 
1.93875 3.892835246 2.673650581 1.5841511529 
1.94625 3.3676481349 2.7129486026 1.5908039024 
1.95375 3.4822560805 2.7137619114 1.8050203605 
1.96125 3.3999374235 2.647492256 1.8551409455 
1.96875 3.9133825846 2.560877568 1.9085380389 
1.97625 3.3759682994 2.8106677915 1.9793435152 
1.98375 3.3913490418 2.7344519614 1.9926119878 
1.99125 3.5821298346 2.6697005371 2.1515974668 
1.99875 3.6894596982 2.6187423732 2.0878491675 
2.00625 3.7418231243 2.6709016689 2.1293935424 
2.01375 3.3042731376 2.6383350129 2.1917693415 
2.02125 3.4634657931 2.7676442126 2.1891190462 
2.02875 3.7113750143 2.6846113464 2.3212949716 
2.03625 3.3350669783 2.741934166 2.3807155566 
2.04375 3.1309875369 2.7341852072 2.4961493665 
2.05125 3.2482544974 2.5598989063 2.489235521 
2.05875 3.4143151054 2.6580102636 2.3719874828 
2.06625 3.1510482365 2.7353184584 2.5497944487 
2.07375 3.2529304349 2.7659016518 2.5737892987 
2.08125 3.0686704346 2.624646006 2.7328241069 
2.08875 3.0712428342 2.5396815745 2.6205515781 
2.09625 3.049305479 2.7396836919 2.7552008677 
2.10375 3.1244856037 2.6014090782 2.7732120743 
2.11125 3.0662526638 2.6823929789 2.8994035514 
2.11875 2.9968249575 2.5968503118 2.8965751964 
2.12625 2.8334551151 2.5694431242 2.8428553029 
2.13375 2.6958486529 2.6827180497 2.8002665524 
2.14125 2.5717871665 2.6100042835 2.908651166 
2.14875 2.8092519152 2.6208373716 2.9450505126 
2.15625 3.0318284624 2.5095275077 2.7984062518 
2.16375 2.5643716188 2.6110445913 3.0025827347 
2.17125 2.6035320455 2.6389512756 2.822101995 
2.17875 2.766294385 2.5535025092 2.8661762859 
2.18625 2.3885100473 2.4821009972 2.7735566846 
2.19375 2.3499320505 2.493001191 2.7793371724 
2.20125 2.5330505935 2.4930595361 2.7833383243 
2.20875 2.3291092413 2.4191129184 2.6588301878 
2.21625 2.3351963416 2.5307753307 2.7151193432 
2.22375 2.3411484741 2.5345766956 2.6775955729 
2.23125 2.1962452314 2.5030736093 2.7742916762 
2.23875 2.0960035188 2.6755303944 2.7699720455 
2.24625 1.8908233575 2.4963117361 2.5487961953 
2.25375 1.7410835165 2.4837834781 2.7472718209 
2.26125 2.0335352827 2.4129081418 2.611231483 
2.26875 2.1346551267 2.4730760614 2.5785919195 
2.27625 1.934411369 2.456805883 2.5937626732 
2.28375 1.7573009317 2.446624554 2.5858757092 
2.29125 1.5926736487 2.3344292016 2.6384471858 
2.29875 1.7952996101 2.3192212477 2.6182577973 
2.30625 1.7534106435 2.2809066395 2.6981511127 
2.31375 1.7520735962 2.3085013646 2.5370262639 
2.32125 1.7706117052 2.385428691 2.7281381735 
2.32875 1.6010925742 2.3206719291 2.5673155091 
2.33625 1.6104690621 2.398329865 2.6583547262 
2.34375 1.5611498148 2.2985679364 2.5663132125 
2.35125 1.5802913357 2.3286737592 2.7364103791 
2.35875 1.6184251901 2.2842470918 2.6591834009 
2.36625 1.3975867616 2.1759056272 2.720236047 
2.37375 1.5409630947 2.2024211372 2.6678957809 
2.38125 1.8242926311 2.0049768555 2.6399304715 
2.38875 1.5122780864 2.1206575173 2.6970228286 
2.39625 1.5121607046 2.0014947597 2.5697011024 
2.40375 1.7903003729 2.0782183484 2.4891964899 
2.41125 1.6040280432 1.9589422941 2.5405565569 
2.41875 1.6307418982 1.8428651961 2.6007194524 
2.42625 1.5205215108 1.8595046573 2.4688338671 
2.43375 1.6197511545 1.8585026139 2.5634057229 
2.44125 1.5558538142 1.9664359569 2.447900792 
2.44875 1.6267832438 1.7000091167 2.4871409727 
2.45625 1.6523993341 1.6759757514 2.420722445 
2.46375 1.5893752107 1.7167289936 2.31587956 
2.47125 1.6411771001 1.7333287555 2.3719508923 
2.47875 1.6574306095 1.6943369591 2.2453513395 
2.48625 1.7861784227 1.7008046967 2.2767182026 
2.49375 1.6892637316 1.6723578348 2.1240742187 
2.50125 1.7134167451 1.5997381342 2.151909492 
2.50875 1.8224105414 1.6360425332 2.0471002667 
2.51625 1.5914664657 1.60839696 2.102536979 
2.52375 1.7334917407 1.5810506261 2.0203489223 
2.53125 1.7399648545 1.5282605508 1.9180598006 
2.53875 1.5800140622 1.6247917887 1.8956724306 
2.54625 1.8021943986 1.5770790786 1.8453879727 
2.55375 1.8409351365 1.5804731598 1.8625268313 
2.56125 1.9445550563 1.5775155757 1.7295623574 
2.56875 1.7870069181 1.4230448447 1.7110663336 
2.57625 1.881599308 1.4846557762 1.7273996237 
2.58375 1.959007425 1.4899449599 1.661564766 
2.59125 2.0195245071 1.5995321803 1.5752073885 
2.59875 2.0793113546 1.5857343639 1.5896085946 
2.60625 1.9884544016 1.5326151905 1.5524586469 
2.61375 1.7887679189 1.5328847888 1.4797305464 
2.62125 1.9735624701 1.4806218897 1.4712749663 
2.62875 2.1950029562 1.5855450818 1.4479758979 
2.63625 2.2133798822 1.6136138514 1.4089459181 
2.64375 2.0321340515 1.5794017193 1.4043663926 
2.65125 2.2570313858 1.5792767688 1.4302713684 
2.65875 2.236733602 1.5776699852 1.3941730354 
2.66625 2.3448005413 1.6195536759 1.3183062082 
2.67375 2.324167125 1.7589850449 1.3763558895 
2.68125 2.27390584 1.5312304143 1.3576380294 
2.68875 2.0610627177 1.6609975554 1.350074606 
2.69625 2.25604818 1.7113185981 1.3153082845 
2.70375 2.2068900274 1.7807961312 1.3752661517 
2.71125 2.3988551839 1.7695553204 1.35256758 
2.71875 2.3131265795 1.7528334401 1.3762225712 
2.72625 2.278783108 1.7945139616 1.2875867029 
2.73375 2.1228601593 1.7639930767 1.3102372345 
2.74125 2.289575726 1.8517416907 1.3853771167 
2.74875 2.3905987421 1.8034532852 1.2665938061 
2.75625 2.2999990594 1.9266155406 1.3265050661 
2.76375 2.1963123305 1.9013296103 1.3452656958 
2.77125 2.2193356151 1.9393686283 1.328702382 
2.77875 2.2351372508 1.9809744865 1.334888468 
2.78625 2.0643260977 1.9849289401 1.3450740489 
2.79375 2.2730039579 1.9993771742 1.4008439809 
2.80125 2.4657596607 2.0806324859 1.4196234667 
2.80875 2.2759667762 2.0551640292 1.3979818889 
2.81625 2.4125320408 2.1235064397 1.4645216713 
2.82375 2.2787385264 2.0618266109 1.4985158923 
2.83125 2.3201727515 2.1100662188 1.4460773505 
2.83875 2.4342998833 2.2306741259 1.487640825 
2.84625 2.3950234606 2.2291123582 1.401514268 
2.85375 2.1586850543 2.1996919702 1.4574395323 
2.86125 2.0360857712 2.1881752847 1.5011382187 
2.86875 2.2403729963 2.2531479318 1.5347264101 
2.87625 2.2027892458 2.3385946914 1.5315250673 
2.88375 2.1977913465 2.2496003236 1.5607525873 
2.89125 2.1030512126 2.2601388794 1.6759685257 
2.89875 2.4493846889 2.2877115609 1.6503227552 
2.90625 2.2083128643 2.34791885 1.6418159558 
2.91375 2.3421604153 2.3807674551 1.6866065288 
2.92125 2.1919733896 2.3021276618 1.7680801277 
2.92875 2.1620154751 2.4237356677 1.7479440706 
2.93625 2.0453005832 2.352789074 1.7592579341 
2.94375 1.9792262141 2.415750265 1.7722638576 
2.95125 2.1353289142 2.5005264885 1.8706840197 
2.95875 2.1245171454 2.2865286502 1.8195500508 
2.96625 1.9736803456 2.4260992377 1.885153811 
2.97375 1.7516052669 2.4033870511 1.8675875652 
2.98125 1.9598998474 2.3449215926 1.9108354452 
2.98875 2.2080858387 2.401247194 1.8923812581 
2.99625 2.173164504 2.4351658458 1.9094144847 
