Densities,10,14,18,22,26,30,34,42
0.05,972,994,1033,1074,1127,1153,1206,1259
0.1,945,941,1005,1039,1087,1096,1141,1201
0.15,900,891,903,1026,1003,1025,1053,1111
0.2,848,871,860,884,943,959,944,1049
0.25,865,829,820,843,879,861,830,889
0.3,825,771,761,824,800,797,802,798
0.35,808,741,696,705,677,746,635,660
0.4,749,624,570,624,583,553,539,524
0.45,623,495,425,435,436,396,393,382
0.5,543,344,293,342,280,292,253,225
0.55,388,267,213,227,221,189,198,168
0.6,263,164,111,181,158,144,120,135
0.65,193,123,98,108,99,114,106,103
0.7,139,89,66,101,85,97,83,94
0.75,120,70,59,77,59,80,61,77
0.8,83,63,60,74,73,58,51,56
