# Radial distribution function (400 data points):
# "Pair separation distance" 0-0 0-1 1-1
0.00375 0.0 0.0 0.0 
0.01125 0.0 0.0 0.0 
0.01875 0.0 0.0 0.0 
0.02625 0.0 0.0 0.0 
0.03375 0.0 0.0 0.0 
0.04125 0.0 0.0 0.0 
0.04875 0.0 0.0 0.0 
0.05625 0.0 0.0 0.0 
0.06375 0.0 0.0 0.0 
0.07125 0.0 0.0 0.0 
0.07875 0.0 0.0 0.0 
0.08625 0.0 0.0 0.0 
0.09375 0.0 0.0 0.0 
0.10125 0.0 0.0 0.0 
0.10875 0.0 0.0 0.0 
0.11625 0.0 0.0 0.0 
0.12375 0.0 0.0 0.0 
0.13125 0.0 0.0 0.0 
0.13875 0.0 0.0 0.0 
0.14625 0.0 0.0 0.0 
0.15375 0.0 0.0 0.0 
0.16125 0.0 0.0 0.0 
0.16875 0.0 0.0 0.0 
0.17625 0.0 0.0 0.0 
0.18375 0.0 0.0 0.0 
0.19125 0.0 0.0 0.0 
0.19875 0.0 0.0 0.0 
0.20625 0.0 0.0 0.0 
0.21375 0.0 0.0 0.0 
0.22125 0.0 0.0 0.0 
0.22875 0.0 0.0 0.0 
0.23625 0.0 0.0 0.0 
0.24375 0.0 0.0 0.0 
0.25125 0.0 0.0 0.0 
0.25875 0.0 0.0 0.0 
0.26625 0.0 0.0 0.0 
0.27375 0.0 0.0 0.0 
0.28125 0.0 0.0 0.0 
0.28875 0.0 0.0 0.0 
0.29625 0.0 0.0 0.0 
0.30375 0.0 0.0 0.0 
0.31125 0.0 0.0 0.0 
0.31875 0.0 0.0 0.0 
0.32625 0.0 0.0 0.0 
0.33375 0.0 0.0 0.0 
0.34125 0.0 0.0 0.0 
0.34875 0.0 0.0 0.0 
0.35625 0.0 0.0 0.0 
0.36375 0.0 0.0 0.0 
0.37125 0.0 0.0 0.0 
0.37875 0.0 0.0 0.0 
0.38625 0.0 0.0 0.0 
0.39375 0.0 0.0 0.0 
0.40125 0.0 0.0 0.0 
0.40875 0.0 0.0 0.0 
0.41625 0.0 0.0 0.0 
0.42375 0.0 0.0 0.0 
0.43125 0.0 0.0 0.0 
0.43875 0.0 0.0 0.0 
0.44625 0.0 0.0 0.0 
0.45375 0.0 0.0 0.0 
0.46125 0.0 0.0 0.0 
0.46875 0.0 0.0 0.0 
0.47625 0.0 0.0 0.0 
0.48375 0.0 0.0 0.0 
0.49125 0.0 0.0 0.0 
0.49875 0.0 0.0 0.0 
0.50625 0.0 0.0 0.0 
0.51375 0.0 0.0 0.0 
0.52125 0.0 0.0 0.0 
0.52875 0.0 0.0 0.0 
0.53625 0.0 0.0 0.0 
0.54375 0.0 0.0 0.0 
0.55125 0.0 0.0 0.0 
0.55875 0.0 0.0 0.0 
0.56625 0.0 0.0 0.0 
0.57375 0.0 0.0 0.0 
0.58125 0.0 0.0 0.0 
0.58875 0.0 0.0 0.0 
0.59625 0.0 0.0 0.0 
0.60375 0.0 0.0 0.0 
0.61125 0.0 0.0 0.0 
0.61875 0.0 0.0 0.0 
0.62625 0.0 0.0 0.0 
0.63375 0.0 0.0 0.0 
0.64125 0.0 0.0 0.0 
0.64875 0.0 0.0 0.0 
0.65625 0.0 0.0 0.0 
0.66375 0.0 0.0 0.0 
0.67125 0.0 0.0 0.0 
0.67875 0.0 0.0 0.0 
0.68625 0.0 0.0 0.0 
0.69375 0.0 0.0 0.0 
0.70125 0.0 0.0 0.0 
0.70875 0.0 0.0 0.0 
0.71625 0.0 0.0 0.0 
0.72375 0.0 0.0 0.0 
0.73125 0.0 0.0 0.0 
0.73875 0.0 0.0 0.0 
0.74625 0.0 0.0 0.0 
0.75375 0.0 0.0 0.0 
0.76125 0.0 0.0 0.0 
0.76875 0.0 0.0 0.0 
0.77625 0.0 0.0 0.0 
0.78375 0.0 0.0 0.0 
0.79125 0.0 0.0 0.0 
0.79875 0.0 0.0 0.0 
0.80625 0.0 0.0 0.0 
0.81375 0.0 0.0 0.0 
0.82125 0.0 0.0 0.0 
0.82875 0.0 0.0 0.0 
0.83625 0.0 0.0 0.0 
0.84375 0.0 0.0 0.0 
0.85125 0.0 0.0 0.0 
0.85875 0.0 0.0 0.0 
0.86625 0.0 0.0 0.0 
0.87375 0.0 0.0 0.0 
0.88125 0.0 0.0 0.0 
0.88875 0.0 0.0 0.0 
0.89625 0.0 0.0 0.0 
0.90375 0.5313996263 0.0 0.0 
0.91125 0.0 0.0 0.0 
0.91875 0.8998317036 0.0 0.0 
0.92625 1.1382667794 0.0 0.0 
0.93375 1.6178570815 0.0 0.0 
0.94125 3.674255432 0.0 0.0 
0.94875 4.3396732164 0.0 0.0 
0.95625 7.5944306005 0.0 0.0 
0.96375 6.0748105172 0.0 0.0 
0.97125 11.7326554356 0.0 0.0 
0.97875 12.7995038305 0.0 0.0 
0.98625 15.8406349411 0.0 0.0 
0.99375 19.3382285857 0.0235449212 0.0 
1.00125 20.7813858618 0.023193511 0.0 
1.00875 23.1393419577 0.0228499098 0.0 
1.01625 28.6826930357 0.0450277756 0.0 
1.02375 28.6780992579 0.1331113426 0.0 
1.03125 23.2629815401 0.1093185223 0.0 
1.03875 27.9563971884 0.1508438697 0.0 
1.04625 25.5745070038 0.3186192733 0.0 
1.05375 27.3615936671 0.4606798934 0.0 
1.06125 31.7934086535 0.9083831044 0.0 
1.06875 27.5489040589 0.8753223211 0.0 
1.07625 28.1967319383 1.2044166466 0.0 
1.08375 25.3134287428 1.5243488112 0.0169686324 
1.09125 25.8778674196 1.6987231883 0.0334723781 
1.09875 23.6383224454 1.6756116671 0.099050936 
1.10625 21.7229208543 2.2419574293 0.1465686455 
1.11375 23.355789507 2.4180552539 0.2731358094 
1.12125 21.0592869079 2.4782884476 0.5706932886 
1.12875 21.2913525208 2.6097114947 0.7195608117 
1.13625 21.0112072141 3.0616330512 1.0188291498 
1.14375 17.0869211942 2.8260961892 1.5996770882 
1.15125 17.9293134091 2.4034402515 2.3909092804 
1.15875 13.980588695 3.2729123824 3.1170594118 
1.16625 15.5564381827 2.5642480521 4.5423822637 
1.17375 13.1529796856 2.8016184275 5.1644291494 
1.18125 13.6863591473 2.4995379936 5.6846635512 
1.18875 12.515997575 2.6161835422 6.5157778786 
1.19625 12.1320732812 2.5997299888 6.8242912207 
1.20375 11.4571814732 2.2465061712 8.1561928134 
1.21125 10.5761459688 2.393103958 8.3815239853 
1.21875 9.5697597326 2.2854715174 8.8019724975 
1.22625 10.2468249291 2.0720440752 9.953763969 
1.23375 8.7681871129 2.1385822227 10.0164208183 
1.24125 9.2259653193 2.0222672074 9.9345493515 
1.24875 8.4892219658 1.9980487297 10.0839687486 
1.25625 7.4255851478 2.0479292372 9.3703812579 
1.26375 6.9980006621 1.732514727 10.2328600925 
1.27125 6.3113901611 1.5250927593 9.1258919828 
1.27875 6.9675024018 1.7205465115 9.7991928822 
1.28625 6.1650444754 1.6864863307 9.7213890631 
1.29375 6.288255203 1.3891579977 9.406584156 
1.30125 5.3829080976 1.4830461085 8.4863193987 
1.30875 5.0046404272 1.2353226371 7.3886644385 
1.31625 5.0104001304 1.3152300342 7.6268004025 
1.32375 6.0064655801 1.3136379067 7.6202372076 
1.33125 5.3267121522 1.233278183 6.8823670031 
1.33875 4.2985166332 1.3622059753 6.0937867304 
1.34625 4.3704954323 1.0391686791 6.1140506411 
1.35375 5.6839931956 1.2560609964 6.0356177747 
1.36125 4.6846103033 0.9034605585 5.3669859368 
1.36875 3.3013066833 1.1914490286 5.0423824959 
1.37625 4.7549145865 0.9698061592 4.756083732 
1.38375 3.1167841378 1.0200384451 5.0065152254 
1.39125 3.6438653189 1.0330958816 4.2319176812 
1.39875 3.383054248 1.0220468337 4.3394546627 
1.40625 3.5116743873 1.0934789666 4.0010244215 
1.41375 3.5288034442 0.895773182 3.5897403953 
1.42125 3.3305050208 0.8403002299 3.7986174776 
1.42875 3.6145629697 0.8770630735 3.5342875617 
1.43625 3.4717083316 0.7101221587 3.1979650958 
1.44375 2.498714475 0.8700880761 3.0309661552 
1.45125 3.5033525784 0.8059182927 3.1227362419 
1.45875 4.2832848558 0.7976525369 2.9314901455 
1.46625 2.8263854991 0.9192963039 3.0035496047 
1.47375 3.2473204653 0.6958543854 2.7895349429 
1.48125 3.2639736754 0.6782282962 2.3526044024 
1.48875 2.7905560795 0.7238660507 2.2839997128 
1.49625 2.6172480813 0.8101005966 2.3501819505 
1.50375 3.0710589958 0.7300620158 2.2562882418 
1.51125 2.9456323232 0.7330144952 2.1379589443 
1.51875 3.3870327689 0.6149077348 2.1687378189 
1.52625 2.6551129091 0.7086955509 2.2415883422 
1.53375 2.7214625426 0.6029390379 1.9486086002 
1.54125 3.1975060157 0.8417924001 1.9464701344 
1.54875 3.4380364061 0.8821277621 2.093841721 
1.55625 3.4049786197 0.7776407938 1.818609687 
1.56375 3.372395342 0.7987252126 1.801206857 
1.57125 3.5600326361 0.7628641363 1.9212874544 
1.57875 3.4392196528 0.4944266951 1.6871811213 
1.58625 3.6655167876 0.591411112 1.5445334843 
1.59375 3.8874119174 0.7414765274 1.5849551168 
1.60125 3.6818029347 0.7617523313 1.7489211688 
1.60875 4.2345165422 0.5120949991 1.6171421024 
1.61625 2.8661017353 0.8366880842 1.5487630495 
1.62375 3.3746995883 0.6614176022 1.5874022454 
1.63125 3.4660711839 0.5941836315 1.6402464114 
1.63875 3.7172521928 0.7792376491 1.2838867933 
1.64625 3.6834592248 0.6520409187 1.4119382299 
1.65375 4.4833056828 0.6036309168 1.3627241221 
1.66125 3.9317839079 0.7077211034 1.5815400168 
1.66875 5.1434083924 0.8516682728 1.4170614959 
1.67625 4.6726949589 0.7199370627 1.3831303176 
1.68375 4.975626626 0.7627471586 1.349746124 
1.69125 4.4384353385 0.8616742599 1.3587046955 
1.69875 4.3241282058 0.7896234115 1.3467338068 
1.70625 3.98802724 0.7507501213 1.4239151236 
1.71375 5.3201910685 0.8391968055 1.465766927 
1.72125 5.7134228995 0.8632919216 1.3453900077 
1.72875 6.2085675319 0.8013564609 1.3670852245 
1.73625 5.7231126972 0.7944482585 1.4280234993 
1.74375 5.4598748307 0.9252729055 1.1994683002 
1.75125 6.2623404242 0.7505710678 1.5076405864 
1.75875 4.9812671248 0.7817682812 1.256413309 
1.76625 5.5651304229 0.9242091595 1.2585428877 
1.77375 6.207938524 0.9607523906 1.551984631 
1.78125 6.0531750936 0.908709094 1.4384404321 
1.78875 6.5451219925 0.7775663063 1.4201745087 
1.79625 7.0959186587 0.944040634 1.2168549939 
1.80375 7.2371368733 0.8433003467 1.3537727115 
1.81125 7.3427023455 0.9001189169 1.4215601342 
1.81875 6.2981785288 0.8575644872 1.5002357656 
1.82625 6.506827505 1.0666549374 1.4341578991 
1.83375 6.9054706009 1.0717769791 1.5350612217 
1.84125 7.2654096 1.0630633933 1.5578532676 
1.84875 7.2383277467 0.9320027268 1.3703064075 
1.85625 6.8020621139 1.2821347238 1.4865050708 
1.86375 8.2468556766 1.1111834759 1.3712883859 
1.87125 7.0343182911 1.0358907993 1.3261678914 
1.87875 8.177177766 1.1923221071 1.4454670533 
1.88625 7.593825895 1.1501836123 1.4956121323 
1.89375 7.2312338777 1.1735086658 1.3170712886 
1.90125 7.5945469325 1.0034579233 1.5107003901 
1.90875 7.0882440921 1.3402142191 1.5262031311 
1.91625 7.1215170578 1.139780442 1.6065476706 
1.92375 7.0954168768 1.1874561302 1.5455778203 
1.93125 8.2623039412 1.3528068073 1.5068789453 
1.93875 7.3035957015 1.3732904396 1.4422200756 
1.94625 8.0494998705 1.3258962674 1.5416174856 
1.95375 7.845686186 1.3827412766 1.5245832074 
1.96125 7.2216076464 1.4386796483 1.6372968867 
1.96875 7.2786702865 1.4097424593 1.7996712247 
1.97625 7.473574348 1.4407368499 1.8574789139 
1.98375 6.7829884364 1.7489238477 1.7978802102 
1.99125 7.1698416923 1.4249767158 1.7592305134 
1.99875 6.898848692 1.3910220788 2.0703197706 
2.00625 7.3056531942 1.4326320444 1.8667129519 
2.01375 7.5189133072 1.5137212352 2.0543359621 
2.02125 7.171063471 1.6504828624 1.8439877497 
2.02875 6.3008727242 1.6778474588 2.0385967682 
2.03625 7.4583462399 1.8000971 1.9226671295 
2.04375 6.5464352971 1.6366088243 2.080354074 
2.05125 6.8596874947 1.7075537883 2.2451608756 
2.05875 6.4001871044 1.6731917716 2.2241303268 
2.06625 5.8963348826 1.6501750025 2.1893410925 
2.07375 6.1060795916 1.7031420349 2.2430496459 
2.08125 6.8387077041 1.647946048 2.3511412672 
2.08875 6.5409785132 1.7533801718 2.4073765103 
2.09625 6.3460994731 1.70381659 2.1679440906 
2.10375 5.8351040615 1.8020174308 2.4182008171 
2.11125 6.4023046069 1.789237219 2.4323491391 
2.11875 6.4779154586 2.0096731327 2.3840820447 
2.12625 5.832268864 1.9338034329 2.5656692962 
2.13375 6.0773329697 1.9457679508 2.600193842 
2.14125 5.7745081256 1.8814483442 2.3994443265 
2.14875 5.2642458623 1.7071868756 2.5294854845 
2.15625 5.2276887468 1.9103735025 2.8034052445 
2.16375 5.2378638927 1.7183636917 2.8733992368 
2.17125 5.7311215417 1.9136619262 2.5999309674 
2.17875 5.5774407277 1.7045808313 2.5274819222 
2.18625 4.631167224 1.7269583661 2.7103169528 
2.19375 5.3436009919 1.7876422848 2.7290878742 
2.20125 4.6354462946 1.857057677 2.8544806819 
2.20875 4.6040196609 1.7872747131 2.8555543416 
2.21625 5.147286901 1.8083356188 2.8362601291 
2.22375 4.7834862085 1.9043039788 3.0186744553 
2.23125 4.9475403839 1.5786047669 3.0544601111 
2.23875 4.438156614 1.8278401107 2.9505236305 
2.24625 4.064485578 1.764963692 2.9111038591 
2.25375 4.379276304 1.7761246055 3.0487087301 
2.26125 4.0744035095 1.8780453677 3.1103705363 
2.26875 4.1318329769 1.8204759727 2.900113088 
2.27625 3.7486344055 1.7456729255 2.9848891447 
2.28375 3.599224683 1.7654330815 2.7436817154 
2.29125 4.0717513483 1.7007460309 3.0939911054 
2.29875 3.9014864023 1.7864700895 2.9229718213 
2.30625 3.9781561687 1.7005524721 2.9639449257 
2.31375 3.9726764326 1.8502479886 2.9335923844 
2.32125 3.8664943849 1.6829607256 2.9886423434 
2.32875 3.4014428353 1.7621760571 2.9730978732 
2.33625 3.5188003867 1.691239411 3.045326381 
2.34375 3.3975501239 1.6719671499 2.9025107846 
2.35125 3.7488300138 1.7496409339 3.125560487 
2.35875 3.9200556426 1.7259946486 3.1594478314 
2.36625 3.565796644 1.710917955 3.1786055488 
2.37375 3.2929577611 1.6794909884 3.045366952 
2.38125 3.4253350012 1.7099337935 3.0156694652 
2.38875 3.3277957151 1.6788389812 3.0142261597 
2.39625 3.0046430429 1.5833092046 3.0682762225 
2.40375 3.079819523 1.7424588677 2.9629274181 
2.41125 3.2659804719 1.5716697863 3.2118965971 
2.41875 3.2828521217 1.6295028691 3.1272828582 
2.42625 3.0598279815 1.6549930175 3.0097963707 
2.43375 3.4623414726 1.5466695467 2.8735078888 
2.44125 3.1315832332 1.6737324008 3.0933116299 
2.44875 2.8952836082 1.6324746416 2.9680349948 
2.45625 3.2373331816 1.6225205589 3.0325223068 
2.46375 3.1997775531 1.505402129 2.9188713035 
2.47125 2.7361971693 1.5153151299 2.878337282 
2.47875 3.072867463 1.4493943822 2.8804077838 
2.48625 3.5458618759 1.5572703147 2.8211418744 
2.49375 3.2279436257 1.4843555437 2.9195708536 
2.50125 3.2086146799 1.5237822611 2.8192626504 
2.50875 3.4997845523 1.5220737884 2.8150976378 
2.51625 3.5646410499 1.5277033071 2.6913179826 
2.52375 2.9983342843 1.5295885533 2.7598304208 
2.53125 3.4886482894 1.3826369607 2.6875103129 
2.53875 3.0976903351 1.5259972963 2.674747034 
2.54625 3.0627324371 1.5421252318 2.4991650767 
2.55375 3.7435687484 1.4510785529 2.5242349275 
2.56125 3.1427491256 1.4248704682 2.5246638786 
2.56875 3.288867484 1.331991331 2.3438214805 
2.57625 3.384187333 1.3803000095 2.4593162606 
2.58375 3.7871717692 1.4036452081 2.4390885538 
2.59125 3.7006406526 1.3989945324 2.3834355224 
2.59875 3.6953782328 1.5183184478 2.4434745866 
2.60625 3.7540131047 1.3487062279 2.3296723966 
2.61375 3.6054363583 1.5724149756 2.4067576158 
2.62125 3.7269639003 1.35361885 2.3901041408 
2.62875 4.3181149004 1.275245881 2.2438174792 
2.63625 3.7939636151 1.3784065339 2.2626132217 
2.64375 3.6482716466 1.4737243217 2.2098736201 
2.65125 3.7202811037 1.3827008014 2.1860471317 
2.65875 3.8528206602 1.4209606077 2.0976085162 
2.66625 4.1822395623 1.4751225568 2.2091794262 
2.67375 3.961493921 1.4018094253 2.0880780766 
2.68125 4.1506695408 1.3422295009 2.0902741005 
2.68875 3.9474349913 1.3444007276 1.9683570462 
2.69625 3.7911719878 1.4264870978 1.9190409387 
2.70375 3.8146978658 1.3995000508 2.0038296182 
2.71125 4.2216963457 1.5530865927 1.8788868352 
2.71875 4.13971698 1.3935369469 1.9413349276 
2.72625 4.2045664745 1.5235296675 1.893127507 
2.73375 4.0798934554 1.4747352551 1.9174225107 
2.74125 4.028719303 1.3552834522 1.9891635795 
2.74875 4.3801547225 1.5202316859 1.8543485399 
2.75625 4.0849704376 1.4874842403 1.9046094505 
2.76375 4.5032063799 1.6285818476 1.8577574508 
2.77125 4.6766695371 1.48050803 1.8892372407 
2.77875 4.0893486603 1.5357642244 1.8067814405 
2.78625 3.8017963137 1.5364927854 1.8278744581 
2.79375 3.9065316258 1.5818771937 1.7925388054 
2.80125 4.3004782638 1.5052661631 1.7473955909 
2.80875 4.7314295736 1.532605925 1.83912711 
2.81625 3.8717217286 1.5361803527 1.7363696135 
2.82375 3.6334474598 1.6388422732 1.7396556515 
2.83125 4.1286067007 1.5779592823 1.6707804166 
2.83875 3.8105902759 1.6475368861 1.7460511007 
2.84625 3.6431993175 1.647476162 1.7909845384 
2.85375 3.8905510553 1.635972912 1.7620052305 
2.86125 3.9762141008 1.6501288518 1.8428535149 
2.86875 4.0213748051 1.6838918388 1.8138566451 
2.87625 4.0397786858 1.7144700823 1.7995913136 
2.88375 4.136225129 1.6971757458 1.7686736179 
2.89125 3.2710664909 1.7412309722 1.7475887302 
2.89875 3.8740021336 1.5883408748 1.7006078754 
2.90625 3.4172426774 1.6572342308 1.7201572201 
2.91375 3.6169457017 1.6514524923 1.7465254503 
2.92125 3.6746884119 1.8500593908 1.7445752555 
2.92875 3.6179416559 1.7402986087 1.8053565006 
2.93625 3.8511948946 1.8500838219 1.7961455181 
2.94375 3.430906205 1.8460350384 1.7295079097 
2.95125 3.6377343748 1.7779337771 1.7642045588 
2.95875 3.718474835 1.8193966157 1.8008042415 
2.96625 3.5147099641 1.8392767932 1.9457373958 
2.97375 3.3497613951 1.882597456 1.8029664383 
2.98125 3.6381416876 1.8129665792 1.8970559382 
2.98875 3.2190434163 1.8871750487 1.8920091916 
2.99625 3.4930265634 1.9036390441 1.8159495487 
