# Radial distribution function (400 data points):
# "Pair separation distance" 0-0 0-1 1-1
0.00375 0.0 0.0 0.0 
0.01125 0.0 0.0 0.0 
0.01875 0.0 0.0 0.0 
0.02625 0.0 0.0 0.0 
0.03375 0.0 0.0 0.0 
0.04125 0.0 0.0 0.0 
0.04875 0.0 0.0 0.0 
0.05625 0.0 0.0 0.0 
0.06375 0.0 0.0 0.0 
0.07125 0.0 0.0 0.0 
0.07875 0.0 0.0 0.0 
0.08625 0.0 0.0 0.0 
0.09375 0.0 0.0 0.0 
0.10125 0.0 0.0 0.0 
0.10875 0.0 0.0 0.0 
0.11625 0.0 0.0 0.0 
0.12375 0.0 0.0 0.0 
0.13125 0.0 0.0 0.0 
0.13875 0.0 0.0 0.0 
0.14625 0.0 0.0 0.0 
0.15375 0.0 0.0 0.0 
0.16125 0.0 0.0 0.0 
0.16875 0.0 0.0 0.0 
0.17625 0.0 0.0 0.0 
0.18375 0.0 0.0 0.0 
0.19125 0.0 0.0 0.0 
0.19875 0.0 0.0 0.0 
0.20625 0.0 0.0 0.0 
0.21375 0.0 0.0 0.0 
0.22125 0.0 0.0 0.0 
0.22875 0.0 0.0 0.0 
0.23625 0.0 0.0 0.0 
0.24375 0.0 0.0 0.0 
0.25125 0.0 0.0 0.0 
0.25875 0.0 0.0 0.0 
0.26625 0.0 0.0 0.0 
0.27375 0.0 0.0 0.0 
0.28125 0.0 0.0 0.0 
0.28875 0.0 0.0 0.0 
0.29625 0.0 0.0 0.0 
0.30375 0.0 0.0 0.0 
0.31125 0.0 0.0 0.0 
0.31875 0.0 0.0 0.0 
0.32625 0.0 0.0 0.0 
0.33375 0.0 0.0 0.0 
0.34125 0.0 0.0 0.0 
0.34875 0.0 0.0 0.0 
0.35625 0.0 0.0 0.0 
0.36375 0.0 0.0 0.0 
0.37125 0.0 0.0 0.0 
0.37875 0.0 0.0 0.0 
0.38625 0.0 0.0 0.0 
0.39375 0.0 0.0 0.0 
0.40125 0.0 0.0 0.0 
0.40875 0.0 0.0 0.0 
0.41625 0.0 0.0 0.0 
0.42375 0.0 0.0 0.0 
0.43125 0.0 0.0 0.0 
0.43875 0.0 0.0 0.0 
0.44625 0.0 0.0 0.0 
0.45375 0.0 0.0 0.0 
0.46125 0.0 0.0 0.0 
0.46875 0.0 0.0 0.0 
0.47625 0.0 0.0 0.0 
0.48375 0.0 0.0 0.0 
0.49125 0.0 0.0 0.0 
0.49875 0.0 0.0 0.0 
0.50625 0.0 0.0 0.0 
0.51375 0.0 0.0 0.0 
0.52125 0.0 0.0 0.0 
0.52875 0.0 0.0 0.0 
0.53625 0.0 0.0 0.0 
0.54375 0.0 0.0 0.0 
0.55125 0.0 0.0 0.0 
0.55875 0.0 0.0 0.0 
0.56625 0.0 0.0 0.0 
0.57375 0.0 0.0 0.0 
0.58125 0.0 0.0 0.0 
0.58875 0.0 0.0 0.0 
0.59625 0.0 0.0 0.0 
0.60375 0.0 0.0 0.0 
0.61125 0.0 0.0 0.0 
0.61875 0.0 0.0 0.0 
0.62625 0.0 0.0 0.0 
0.63375 0.0 0.0 0.0 
0.64125 0.0 0.0 0.0 
0.64875 0.0 0.0 0.0 
0.65625 0.0 0.0 0.0 
0.66375 0.0 0.0 0.0 
0.67125 0.0 0.0 0.0 
0.67875 0.0 0.0 0.0 
0.68625 0.0 0.0 0.0 
0.69375 0.0 0.0 0.0 
0.70125 0.0 0.0 0.0 
0.70875 0.0 0.0 0.0 
0.71625 0.0 0.0 0.0 
0.72375 0.0 0.0 0.0 
0.73125 0.0 0.0 0.0 
0.73875 0.0 0.0 0.0 
0.74625 0.0 0.0 0.0 
0.75375 0.0 0.0 0.0 
0.76125 0.0 0.0 0.0 
0.76875 0.0 0.0 0.0 
0.77625 0.0 0.0 0.0 
0.78375 0.0 0.0 0.0 
0.79125 0.0 0.0 0.0 
0.79875 0.0 0.0 0.0 
0.80625 0.1909174425 0.0 0.0 
0.81375 0.1874144694 0.0 0.0 
0.82125 0.2760105424 0.0 0.0 
0.82875 1.1293229802 0.0 0.0 
0.83625 0.9760581944 0.0 0.0 
0.84375 2.3097960912 0.0 0.0 
0.85125 3.2540538585 0.0 0.0 
0.85875 3.9547569382 0.0 0.0 
0.86625 7.2356415538 0.0 0.0 
0.87375 10.2005803496 0.0 0.0 
0.88125 14.1426431845 0.0 0.0 
0.88875 15.7118162087 0.0 0.0 
0.89625 17.8833272157 0.0 0.0 
0.90375 21.6902820237 0.0 0.0 
0.91125 22.5677160103 0.0 0.0 
0.91875 26.0234184704 0.0 0.0 
0.92625 28.6775850345 0.0 0.0 
0.93375 30.0335788005 0.0 0.0 
0.94125 31.3428845355 0.0 0.0 
0.94875 34.537435415 0.0 0.0 
0.95625 33.8281493561 0.0 0.0 
0.96375 36.4770634129 0.0 0.0 
0.97125 35.7843289434 0.0 0.0 
0.97875 35.9505473753 0.0 0.0 
0.98625 34.8317036507 0.0 0.0 
0.99375 34.4964336803 0.0 0.0 
1.00125 32.4650893922 0.0 0.0 
1.00875 31.3133513673 0.0 0.0 
1.01625 33.2862503866 0.0 0.0 
1.02375 29.0407239868 0.0 0.0 
1.03125 28.7365479911 0.0 0.0 
1.03875 28.0355357094 0.0 0.0 
1.04625 27.3232550356 0.0 0.0 
1.05375 26.2092162061 0.0 0.0 
1.06125 25.1513770098 0.0 0.0 
1.06875 24.0118947446 0.0 0.0 
1.07625 21.428417742 0.0 0.0267855222 
1.08375 21.9781724008 0.0 0.0 
1.09125 19.3322270007 0.0 0.0 
1.09875 19.3519047367 0.0 0.1027989627 
1.10625 18.710109734 0.0 0.1521147133 
1.11375 18.7090926775 0.025012156 0.2751337158 
1.12125 15.399487301 0.0 0.5182519765 
1.12875 16.3400582124 0.0 0.8036094203 
1.13625 16.8940649477 0.0600784671 1.3697890498 
1.14375 15.1553263064 0.0474345111 1.6602078896 
1.15125 15.4735100309 0.1404554617 2.3877428489 
1.15875 13.4483863718 0.1848575446 3.3967573826 
1.16625 13.1847297343 0.228109511 4.3568916596 
1.17375 13.061814419 0.1576425878 5.1571646585 
1.18125 12.6296535511 0.3112942777 6.8262388032 
1.18875 11.8999459754 0.5269348771 7.0916652215 
1.19625 10.927313827 0.7913630053 8.1738041921 
1.20375 11.7551058184 0.5352962577 10.2990999976 
1.21125 11.1447376931 0.7084415801 10.9755576143 
1.21875 11.5301950336 0.6475290689 12.4074924818 
1.22625 10.7705854865 0.7737489574 13.2878487611 
1.23375 10.5177352957 0.8459031294 14.3293951799 
1.24125 9.9479892731 0.8759869097 13.9151024042 
1.24875 8.8937193116 0.8257032471 15.0815195486 
1.25625 9.4169502846 0.9240013849 14.9609585941 
1.26375 9.2860814457 0.9616339572 15.32786247 
1.27125 8.7352715205 0.9983167452 15.2819255611 
1.27875 8.6331057736 1.0435622364 14.8185837564 
1.28625 8.7015010761 1.0970642521 14.946328357 
1.29375 8.7862711858 1.0195040405 13.7169634547 
1.30125 8.7402508122 0.9803006676 14.2189405247 
1.30875 7.8433486786 1.0687241848 13.6941607414 
1.31625 7.754220681 0.8685443488 13.825077057 
1.32375 7.7905437748 0.8410246121 12.2169891015 
1.33125 7.7730378694 1.0066434178 12.9025425896 
1.33875 7.6861891929 0.9001843199 11.7889523431 
1.34625 7.8918091354 0.9843362805 10.9732096655 
1.35375 7.1782075312 1.0581084215 10.8350302358 
1.36125 7.2835075794 0.8706721704 10.7829399566 
1.36875 7.0714215507 1.0019227256 10.8969446846 
1.37625 6.9290362326 0.8927481671 10.1724148946 
1.38375 6.6758887189 0.7453662162 8.9930054345 
1.39125 7.5979273909 0.7133075293 9.2168950417 
1.39875 7.3105136021 0.8484001686 8.0558371147 
1.40625 7.1072289413 0.7844623556 8.1584084978 
1.41375 7.0630673248 0.6830218951 7.5753337461 
1.42125 7.1269583542 0.6604724337 7.449514659 
1.42875 7.0371322138 0.7523499883 7.5083008933 
1.43625 6.7231787268 0.6542690707 7.2195207805 
1.44375 7.1595925745 0.6549315453 7.0702837274 
1.45125 8.3379483937 0.5818886246 6.5849168409 
1.45875 8.0045671706 0.619661393 6.225774466 
1.46625 7.3023345078 0.6566328461 6.5951914428 
1.47375 7.6996041051 0.6285391106 6.0854013892 
1.48125 7.4662834196 0.5868385642 6.2077621614 
1.48875 7.6152231825 0.5529435951 5.8234059631 
1.49625 8.1211322626 0.7345051364 6.0700613157 
1.50375 7.8756773397 0.6791742654 5.6940872752 
1.51125 8.0965675644 0.5773559085 5.4339379627 
1.51875 8.8507613941 0.638922745 5.353500053 
1.52625 8.1113523746 0.6526375474 5.7405465903 
1.53375 8.1245422035 0.4814055039 4.866811807 
1.54125 8.2285197705 0.5355068422 4.7673170099 
1.54875 8.2783672741 0.5691377501 4.9928902622 
1.55625 8.5830854647 0.5188283005 4.9320714984 
1.56375 8.5897672145 0.6661193187 4.5169233801 
1.57125 8.7593035283 0.5215367237 4.9765913877 
1.57875 9.037270477 0.6784176873 4.8547320744 
1.58625 8.9273526485 0.5980339827 4.7102882759 
1.59375 9.6252767231 0.4947001362 4.9592161797 
1.60125 10.0314486588 0.5203284588 3.8964131099 
1.60875 9.7103596647 0.6773275569 4.7233107505 
1.61625 9.4422930989 0.6532404031 4.6201912144 
1.62375 10.5555665076 0.5295434703 4.6011443751 
1.63125 10.5170254977 0.6587715528 4.1275244193 
1.63875 10.455639853 0.6931915925 3.9627452702 
1.64625 10.1888667656 0.4121339366 3.983961387 
1.65375 10.6638885744 0.5502112722 4.0386641835 
1.66125 10.4666369212 0.5227697281 4.0584918674 
1.66875 10.8629937817 0.5013689438 3.7658378443 
1.67625 10.2911950574 0.5686658213 3.908887393 
1.68375 11.1627819104 0.5417232398 3.7209273035 
1.69125 10.7385852044 0.5965880669 4.0242576877 
1.69875 11.7083700071 0.6020833061 4.1715771926 
1.70625 11.6589515531 0.7140308538 4.0603844074 
1.71375 12.106460589 0.559897392 3.8558971335 
1.72125 11.9697709632 0.5340842687 3.7804788431 
1.72875 12.3644527071 0.5398417639 4.0280500843 
1.73625 13.0194769308 0.5917944059 4.0447861137 
1.74375 12.2342760643 0.7346687878 3.8978260689 
1.75125 12.7063520128 0.6474574274 3.803812386 
1.75875 12.6383352012 0.5867798486 3.7915005604 
1.76625 12.2229232375 0.5420254812 3.6201334894 
1.77375 12.4649291304 0.5423822011 3.7473679348 
1.78125 12.809999212 0.6698358367 3.6767631326 
1.78875 12.4991704711 0.644836956 3.6266018279 
1.79625 13.1450585554 0.581767405 3.8656280463 
1.80375 12.6735963459 0.6103161521 3.5760712037 
1.81125 12.7674614345 0.7234894813 3.7734941573 
1.81875 13.4315023863 0.619049691 3.6767799829 
1.82625 12.3167214733 0.6186268716 3.6001293128 
1.83375 12.5667927314 0.6366436846 3.7183681871 
1.84125 12.8672993358 0.5948609224 3.5234070016 
1.84875 12.7177232287 0.7080531134 3.5130327548 
1.85625 13.1374165827 0.5717792687 3.5837503769 
1.86375 13.2105372108 0.6967017596 3.3941880596 
1.87125 12.7061256856 0.6379644696 3.4467802592 
1.87875 13.1322831226 0.6372761221 3.5160061908 
1.88625 13.0716604717 0.6714595439 3.5665838112 
1.89375 13.0202356438 0.7137338476 3.3740145522 
1.90125 12.8318826442 0.6566147306 3.3302812481 
1.90875 13.0122649929 0.6557227778 3.3382250505 
1.91625 12.7078227856 0.6632739951 3.362841402 
1.92375 12.3909562049 0.7293729295 3.2444519968 
1.93125 12.3947260609 0.5989397828 3.6518689535 
1.93875 12.299014368 0.6809856949 3.2934944516 
1.94625 12.2371705423 0.7986105274 3.4647410571 
1.95375 12.4116272827 0.7315300952 3.6251380276 
1.96125 12.5427323409 0.8106396143 3.4361440368 
1.96875 11.7189206314 0.7484419939 3.474051608 
1.97625 11.9796811234 0.806324691 3.5192299321 
1.98375 11.5739036446 0.776586859 3.4611333106 
1.99125 11.2756112296 0.7550981844 3.3959856167 
1.99875 10.9814616709 0.838753791 3.5258724177 
2.00625 11.5315899758 0.7862447711 3.5689345981 
2.01375 11.5606182191 0.8263049422 3.641862523 
2.02125 11.1484295856 0.823981342 3.7819604452 
2.02875 10.5384760972 0.7839781932 3.9123527142 
2.03625 10.6929551902 0.8941974424 3.8162401308 
2.04375 10.5551948353 0.7836545075 3.6694343762 
2.05125 10.1979460914 0.8959150037 3.3919415777 
2.05875 10.1018190626 0.9296601601 3.7698817516 
2.06625 10.5736513725 0.8720537214 3.4373450854 
2.07375 9.9489946752 0.9090451987 3.968054439 
2.08125 9.84160578 0.8272965557 3.6100213341 
2.08875 10.1977406469 0.8675902085 3.8045964059 
2.09625 10.19550595 0.9002264603 4.0598448208 
2.10375 10.4384059723 1.0375312854 3.848680241 
2.11125 9.932816102 0.922283205 3.9745185664 
2.11875 9.8211511963 1.0021582853 4.3611164003 
2.12625 9.3127715144 0.9058849225 3.7470694524 
2.13375 9.5540762265 0.862047534 4.1841674772 
2.14125 9.2910232097 0.9473730877 4.1616746351 
2.14875 8.910447331 1.0146889495 4.1125141528 
2.15625 8.9486664138 0.9842865742 4.0305701074 
2.16375 9.1319352756 0.9443401863 3.9231536162 
2.17125 9.292719018 0.9345368984 4.258066009 
2.17875 8.5229622723 0.9836701089 4.3529853323 
2.18625 8.970903311 1.0061432802 4.2842229994 
2.19375 8.5486401705 1.0701917559 4.1195935663 
2.20125 8.4456648086 1.0308961594 4.3348863347 
2.20875 8.7699865549 1.0779642647 4.1592249506 
2.21625 8.2685610738 0.919079936 3.8910875642 
2.22375 8.4575731369 0.9881808376 4.1974157482 
2.23125 8.1390647745 1.0968418073 4.3375107833 
2.23875 8.8398481996 1.0152206616 4.3580204009 
2.24625 8.7132759872 1.0299744022 4.5257382686 
2.25375 8.5332158145 0.9834271626 4.4284763533 
2.26125 8.4160267442 1.0922024614 4.441623343 
2.26875 8.3725310953 1.0970487108 4.3640838826 
2.27625 8.5629603024 1.1946227834 4.3952537496 
2.28375 8.1558296745 1.0291455388 4.5984364248 
2.29125 8.628508192 1.0696986183 4.3556236558 
2.29875 8.27872481 1.0421798963 4.5679772356 
2.30625 8.3124666956 1.0616624131 4.8299806484 
2.31375 8.0326379029 1.1822930247 4.6596254502 
2.32125 8.6487615791 1.0566230025 5.1593144973 
2.32875 8.7304499332 1.0097800873 4.7885888559 
2.33625 8.5607965062 1.0772051381 4.8829509952 
2.34375 8.1050773533 1.0759701992 4.9195277872 
2.35125 8.4855893252 1.1476871806 4.8601325104 
2.35875 8.738421877 1.1153059192 4.8571572781 
2.36625 8.2398167768 1.0722290157 4.9538642895 
2.37375 8.0997303262 1.0627110489 4.8124842319 
2.38125 8.9187802413 1.0697064645 4.9190082435 
2.38875 8.4659375275 1.1146545878 4.975165599 
2.39625 8.4238323032 1.1752299717 4.8251970794 
2.40375 8.5163291813 1.0658835703 4.940115288 
2.41125 9.0931208431 1.0565950275 4.8027046706 
2.41875 8.7398322777 1.0845240903 5.0964677299 
2.42625 8.8229174274 1.0620178385 4.891079673 
2.43375 8.4910020512 1.1104826865 5.0809821034 
2.44125 8.8553893971 1.1270968868 4.9769266688 
2.44875 8.796054014 1.1486611712 4.853352156 
2.45625 9.2721074871 1.1930831597 5.0500330296 
2.46375 9.4457524725 1.0989376524 5.0653358767 
2.47125 8.9465143255 1.1456212268 4.9279494013 
2.47875 9.1146421855 1.1159755806 5.4182886787 
2.48625 9.5716977259 1.1945799994 4.8285124344 
2.49375 9.2996790036 1.1674489736 5.1238038287 
2.50125 9.4621983007 1.205091293 5.0732855669 
2.50875 9.1345788412 1.0524730613 4.9197569798 
2.51625 9.46242783 1.2618203864 4.7924673318 
2.52375 9.3867863869 1.0619197884 4.9345171821 
2.53125 9.3554552755 1.0580574419 4.9537426226 
2.53875 9.4687439989 1.1697533257 4.9437722862 
2.54625 9.9011649633 0.9905950447 5.072612306 
2.55375 9.7003713003 1.1917327174 4.8382921101 
2.56125 9.4260827763 1.198952325 4.7768909202 
2.56875 9.33820623 1.1284841366 4.8853959079 
2.57625 9.5082991269 1.1686700008 4.8382938035 
2.58375 9.3974077412 1.2060471359 4.6475804853 
2.59125 9.4031569241 1.2083172165 4.6438195129 
2.59875 9.8267449031 1.1921647042 4.8743227406 
2.60625 9.6652128521 1.1921647233 4.7640912121 
2.61375 9.6552400167 1.149000811 4.768580441 
2.62125 9.7400495348 1.1130840104 4.8858292057 
2.62875 9.8057760814 1.1942932407 4.5796206974 
2.63625 9.638453747 1.1808110311 4.6071719624 
2.64375 9.9300886832 1.1563648198 4.6698494836 
2.65125 9.2957603296 1.233696587 4.6302243997 
2.65875 9.7656898019 1.1806609244 4.8016470307 
2.66625 9.6933688551 1.1674813907 4.5695439853 
2.67375 9.9732417895 1.2499101982 4.2531666465 
2.68125 9.1277486654 1.2796111013 4.5401378704 
2.68875 9.544690673 1.1287111722 4.5878032057 
2.69625 9.5471466038 1.1331101579 4.4086734205 
2.70375 9.570649388 1.1968616973 4.4776208888 
2.71125 9.5895256193 1.1818077348 4.3895715863 
2.71875 9.461136132 1.1165315932 4.2058821669 
2.72625 9.3674077573 1.275286573 4.3163545549 
2.73375 9.2330486117 1.1458279752 4.3757343691 
2.74125 9.380780422 1.1953063082 4.0173852775 
2.74875 9.5555091526 1.1621010271 4.0406622287 
2.75625 9.5770900102 1.1619113467 4.300501399 
2.76375 9.3505196086 1.2084185854 4.0862826787 
2.77125 9.3605757076 1.185726789 4.2823522875 
2.77875 9.4869142631 1.1552256885 4.2150669471 
2.78625 9.3959437383 1.1590062459 4.1324567526 
2.79375 9.0593530984 1.2740336411 4.2693046194 
2.80125 9.1927862575 1.3225750551 3.9657482221 
2.80875 8.7308142628 1.1641085684 4.0429175956 
2.81625 9.3376578516 1.1774759168 4.1074741283 
2.82375 9.3075769591 1.1770660661 3.8716718538 
2.83125 9.2273663189 1.2695369768 4.1182540953 
2.83875 8.8514134652 1.3225143651 4.1581237679 
2.84625 9.2184510821 1.2006582527 3.8719792455 
2.85375 9.0329094919 1.1581630053 4.0497607718 
2.86125 9.0917312932 1.2999015563 3.9944496803 
2.86875 9.1573553103 1.3308136783 3.939660889 
2.87625 8.8733872349 1.2976297478 3.8741373684 
2.88375 8.9541421681 1.4457208709 3.7346234626 
2.89125 8.9411518072 1.2860560819 3.9045627651 
2.89875 8.9687920157 1.1834079214 3.8659222892 
2.90625 8.3495190117 1.1938379581 3.7100810391 
2.91375 8.7231995992 1.3777319853 3.8920014969 
2.92125 8.6202938091 1.1906985333 3.7484280545 
2.92875 8.550880465 1.2316306254 3.9318134795 
2.93625 8.3992935474 1.3477015568 3.890161236 
2.94375 8.2849420386 1.4357224535 3.8667836654 
2.95125 8.235762224 1.2948527545 4.0003291425 
2.95875 8.3251956006 1.3432307929 3.9056473188 
2.96625 8.1844143908 1.3223418339 3.8083444817 
2.97375 8.6203365155 1.4314600319 4.013701658 
2.98125 8.5106921838 1.3474680816 3.8748434471 
2.98875 7.9227158991 1.3667640098 3.7477468019 
2.99625 7.827806638 1.3253703513 3.8948954 
