# Radial distribution function (400 data points):
# "Pair separation distance" 0-0 0-1 1-1
0.00375 0.0 0.0 0.0 
0.01125 0.0 0.0 0.0 
0.01875 0.0 0.0 0.0 
0.02625 0.0 0.0 0.0 
0.03375 0.0 0.0 0.0 
0.04125 0.0 0.0 0.0 
0.04875 0.0 0.0 0.0 
0.05625 0.0 0.0 0.0 
0.06375 0.0 0.0 0.0 
0.07125 0.0 0.0 0.0 
0.07875 0.0 0.0 0.0 
0.08625 0.0 0.0 0.0 
0.09375 0.0 0.0 0.0 
0.10125 0.0 0.0 0.0 
0.10875 0.0 0.0 0.0 
0.11625 0.0 0.0 0.0 
0.12375 0.0 0.0 0.0 
0.13125 0.0 0.0 0.0 
0.13875 0.0 0.0 0.0 
0.14625 0.0 0.0 0.0 
0.15375 0.0 0.0 0.0 
0.16125 0.0 0.0 0.0 
0.16875 0.0 0.0 0.0 
0.17625 0.0 0.0 0.0 
0.18375 0.0 0.0 0.0 
0.19125 0.0 0.0 0.0 
0.19875 0.0 0.0 0.0 
0.20625 0.0 0.0 0.0 
0.21375 0.0 0.0 0.0 
0.22125 0.0 0.0 0.0 
0.22875 0.0 0.0 0.0 
0.23625 0.0 0.0 0.0 
0.24375 0.0 0.0 0.0 
0.25125 0.0 0.0 0.0 
0.25875 0.0 0.0 0.0 
0.26625 0.0 0.0 0.0 
0.27375 0.0 0.0 0.0 
0.28125 0.0 0.0 0.0 
0.28875 0.0 0.0 0.0 
0.29625 0.0 0.0 0.0 
0.30375 0.0 0.0 0.0 
0.31125 0.0 0.0 0.0 
0.31875 0.0 0.0 0.0 
0.32625 0.0 0.0 0.0 
0.33375 0.0 0.0 0.0 
0.34125 0.0 0.0 0.0 
0.34875 0.0 0.0 0.0 
0.35625 0.0 0.0 0.0 
0.36375 0.0 0.0 0.0 
0.37125 0.0 0.0 0.0 
0.37875 0.0 0.0 0.0 
0.38625 0.0 0.0 0.0 
0.39375 0.0 0.0 0.0 
0.40125 0.0 0.0 0.0 
0.40875 0.0 0.0 0.0 
0.41625 0.0 0.0 0.0 
0.42375 0.0 0.0 0.0 
0.43125 0.0 0.0 0.0 
0.43875 0.0 0.0 0.0 
0.44625 0.0 0.0 0.0 
0.45375 0.0 0.0 0.0 
0.46125 0.0 0.0 0.0 
0.46875 0.0 0.0 0.0 
0.47625 0.0 0.0 0.0 
0.48375 0.0 0.0 0.0 
0.49125 0.0 0.0 0.0 
0.49875 0.0 0.0 0.0 
0.50625 0.0 0.0 0.0 
0.51375 0.0 0.0 0.0 
0.52125 0.0 0.0 0.0 
0.52875 0.0 0.0 0.0 
0.53625 0.0 0.0 0.0 
0.54375 0.0 0.0 0.0 
0.55125 0.0 0.0 0.0 
0.55875 0.0 0.0 0.0 
0.56625 0.0 0.0 0.0 
0.57375 0.0 0.0 0.0 
0.58125 0.0 0.0 0.0 
0.58875 0.0 0.0 0.0 
0.59625 0.0 0.0 0.0 
0.60375 0.0 0.0 0.0 
0.61125 0.0 0.0 0.0 
0.61875 0.0 0.0 0.0 
0.62625 0.0 0.0 0.0 
0.63375 0.0 0.0 0.0 
0.64125 0.0 0.0 0.0 
0.64875 0.0 0.0 0.0 
0.65625 0.0 0.0 0.0 
0.66375 0.0 0.0 0.0 
0.67125 0.0 0.0 0.0 
0.67875 0.0 0.0 0.0 
0.68625 0.0 0.0 0.0 
0.69375 0.0 0.0 0.0 
0.70125 0.0 0.0 0.0 
0.70875 0.0 0.0 0.0 
0.71625 0.0 0.0 0.0 
0.72375 0.0 0.0 0.0 
0.73125 0.0 0.0 0.0 
0.73875 0.0 0.0 0.0 
0.74625 0.0 0.0 0.0 
0.75375 0.0 0.0 0.0 
0.76125 0.0 0.0 0.0 
0.76875 0.0 0.0 0.0 
0.77625 0.0 0.0 0.0 
0.78375 0.0 0.0 0.0 
0.79125 0.0 0.0 0.0 
0.79875 0.0 0.0 0.0 
0.80625 0.0 0.0 0.0 
0.81375 0.1220952338 0.0 0.0 
0.82125 0.2397507643 0.0 0.0 
0.82875 0.9417241947 0.0 0.0 
0.83625 1.1561351776 0.0 0.0 
0.84375 2.6120482381 0.0 0.0 
0.85125 4.3514233317 0.0 0.0 
0.85875 5.7009977711 0.0 0.0 
0.86625 8.2963163747 0.0 0.0 
0.87375 11.8610945218 0.0 0.0 
0.88125 16.3449109679 0.0 0.0 
0.88875 21.1881153647 0.0 0.0 
0.89625 26.6728111747 0.0 0.0 
0.90375 30.785418669 0.0 0.0 
0.91125 34.8569417463 0.0 0.0 
0.91875 40.9949575767 0.0 0.0 
0.92625 44.2917491261 0.0 0.0 
0.93375 46.4577261411 0.0 0.0 
0.94125 49.9181909884 0.0 0.0 
0.94875 51.916545523 0.0 0.0 
0.95625 53.0505530788 0.0 0.0 
0.96375 50.7482848735 0.0 0.0 
0.97125 57.8526609685 0.0 0.0 
0.97875 56.463036577 0.0 0.0 
0.98625 57.8518035121 0.0 0.0 
0.99375 58.0461845987 0.0 0.0 
1.00125 57.5024341392 0.0 0.0 
1.00875 56.4916543158 0.0 0.0 
1.01625 53.9386312738 0.0 0.0 
1.02375 54.2312158506 0.0 0.0 
1.03125 56.6383018392 0.0 0.0 
1.03875 51.3275340106 0.0 0.0 
1.04625 52.2192223821 0.0 0.0 
1.05375 50.4591597353 0.0 0.0 
1.06125 47.8102267408 0.0 0.0717871272 
1.06875 44.664153739 0.0 0.0 
1.07625 44.8116288055 0.0 0.0 
1.08375 45.0884321539 0.0 0.0 
1.09125 43.9955317496 0.0 0.0678943391 
1.09875 41.3208731331 0.0 0.2009118629 
1.10625 41.0267540166 0.0 0.0660656264 
1.11375 38.3903443628 0.0 0.3910731174 
1.12125 37.0424531502 0.0 0.4501687015 
1.12875 35.8537933965 0.0317290207 1.0153286626 
1.13625 33.8164628257 0.0626230793 1.5655769827 
1.14375 35.7229944663 0.0309022443 1.6687211948 
1.15125 31.5989553753 0.0915027665 2.1960663967 
1.15875 32.0342388993 0.0602147348 3.9139577603 
1.16625 30.2563656727 0.3566565698 5.3498485472 
1.17375 29.0493419581 0.3814560055 6.631465942 
1.18125 27.9283786832 0.6663409852 8.285805294 
1.18875 26.0895224907 0.3432831907 8.9253629573 
1.19625 28.3623479863 0.7062337646 10.6217558196 
1.20375 24.2158385551 0.5300701988 11.7173412363 
1.21125 23.586233276 0.5235262059 14.4934097 
1.21875 24.0588813082 1.0342053051 17.0371716051 
1.22625 22.1524420763 1.1022452975 16.6143315573 
1.23375 22.8400250045 0.9029777327 18.856299713 
1.24125 24.401520949 1.0757659773 18.4192125873 
1.24875 21.9835252643 1.1406546128 18.8726490477 
1.25625 21.4656662049 0.7940759575 19.4676686345 
1.26375 20.7053932996 1.3162352709 19.8954023637 
1.27125 19.2110817926 0.9755627473 18.7608220631 
1.27875 19.28305575 1.1124839856 20.8652551962 
1.28625 19.2054431489 1.0262450538 18.4235421556 
1.29375 18.7902019474 0.9902291515 19.8045830294 
1.30125 18.2877331039 1.3369622113 19.1472088111 
1.30875 19.5892273682 1.3216828104 17.4178913226 
1.31625 18.2932939011 1.236664001 17.3599625797 
1.32375 17.3483639728 1.222690546 14.1647546268 
1.33125 17.974615945 0.9580379057 15.7848150177 
1.33875 14.3904497642 1.6465561642 14.3904497642 
1.34625 16.9963712218 1.1152474555 13.9628981428 
1.35375 15.9703453884 0.9485149885 12.0439345056 
1.36125 17.1038142386 1.2871492858 11.5625274827 
1.36875 16.0537825871 0.7120629373 10.7456770543 
1.37625 14.6413852969 0.8323819629 10.9703674091 
1.38375 16.0454186827 0.8656081131 9.5005768516 
1.39125 16.2070550539 0.7309883078 8.8136304546 
1.39875 14.793998669 0.8678043912 8.5127478375 
1.40625 14.1051199242 0.8381303143 7.5636150318 
1.41375 15.1694139088 0.7079059824 8.0903540847 
1.42125 15.32994508 0.7604933591 7.0045440966 
1.42875 15.9219537203 0.772333576 6.297489158 
1.43625 13.2476674667 0.7838856489 5.800753802 
1.44375 14.7007004104 0.581821916 5.9733716707 
1.45125 15.3936897283 0.614212059 6.1037323361 
1.45875 14.2479493038 0.9498632869 4.7493164346 
1.46625 15.9829051119 0.6393162045 5.8666663469 
1.47375 13.8477162075 0.6700507842 4.3181050539 
1.48125 15.2555010036 0.6448581342 4.8640727838 
1.48875 14.2996493419 0.5654198082 4.3409649788 
1.49625 14.3011096996 0.6500504409 3.9725304721 
1.50375 14.6593753157 0.5541958961 3.9687577074 
1.51125 15.8594558817 0.4779077107 4.1418668262 
1.51875 16.1238279538 0.6309323982 3.154661991 
1.52625 14.0568038152 0.7115172302 2.9849015509 
1.53375 15.0538603141 0.4983583894 3.1619980568 
1.54125 14.7034923131 0.612645513 3.4376220454 
1.54875 15.2355710059 0.6572868022 3.168459457 
1.55625 15.6565857705 0.5174351374 2.4703354947 
1.56375 15.1761285237 0.6116740255 3.3063460836 
1.57125 14.4421207478 0.8514629012 2.7836287156 
1.57875 15.3108126735 0.6649823301 3.0167491073 
1.58625 15.776882863 0.498048237 3.0846858551 
1.59375 17.8568747507 0.8275913432 2.9602305736 
1.60125 17.1223960519 0.7094915491 2.5541695768 
1.60875 16.1508887224 0.7028916755 2.4054515118 
1.61625 16.7751039365 0.7118586541 2.7545834877 
1.62375 16.77382139 0.5826373061 2.4532097097 
1.63125 16.1945611172 0.6380596313 2.613006109 
1.63875 17.7025140137 0.7827642251 2.3783989916 
1.64625 17.0642611902 0.8203971726 2.4462752056 
1.65375 16.58464542 0.8277541386 2.4832624158 
1.66125 17.6656806322 0.6298708683 2.9003356262 
1.66875 17.1298086399 0.5951882663 2.4678537871 
1.67625 16.9768649405 0.5754869471 2.2156247465 
1.68375 18.679667982 0.6416679841 2.5381533594 
1.69125 16.9879873647 0.6359895436 2.3460947608 
1.69875 17.5107263308 0.5883604047 2.9698191857 
1.70625 18.6068374185 0.7914848753 2.1939405314 
1.71375 16.9027174059 0.7019858206 2.3399527353 
1.72125 18.8843173027 0.6549474209 2.7835265388 
1.72875 17.8010087813 0.6628035185 2.46184164 
1.73625 18.8276322797 0.7509596921 2.5747189442 
1.74375 18.9585102339 0.6381546222 2.3930798332 
1.75125 19.2446354181 0.5536127997 2.3462637702 
1.75875 19.864996894 0.5881084607 2.4047101503 
1.76625 20.1113168003 0.7127077474 2.3065814371 
1.77375 18.8108926631 0.4754119047 2.4156064349 
1.78125 18.9840847778 0.7134958037 2.650127271 
1.78875 18.774685563 0.7327939183 2.5016068247 
1.79625 19.2948017289 0.7016291538 2.8065166151 
1.80375 19.4577328516 0.7455070058 2.8577768556 
1.81125 19.0504774525 0.7270233957 2.8834487218 
1.81875 20.7757201099 0.8310288044 2.5664124842 
1.82625 20.6054282794 0.6908878894 2.8847599591 
1.83375 20.4372216396 0.6491823344 2.4043790164 
1.84125 21.2726954426 0.7869943381 2.504072894 
1.84875 20.556377998 0.7096563175 2.6493835855 
1.85625 20.0620994451 0.7743266452 2.862662143 
1.86375 20.4595823631 0.7681071877 2.2577696123 
1.87125 19.1645079203 0.9235907431 2.2627973207 
1.87875 20.7526433266 0.8360612378 2.6341655437 
1.88625 20.7470086505 0.8748738588 2.2042276441 
1.89375 20.7859007828 0.8228691742 2.4347909811 
1.90125 20.1301624832 0.7492893813 2.8853232893 
1.90875 20.2385767307 0.765604054 2.9514591066 
1.91625 20.741005225 0.7376047506 2.8623467933 
1.92375 19.8368094237 0.7537113713 3.2551592557 
1.93125 19.6830364803 0.6286432356 2.6446370601 
1.93875 20.7786224226 0.8711534246 2.4951554876 
1.94625 19.8503856322 0.7684020245 2.4119285768 
1.95375 19.2958382449 0.7836948574 2.6476177614 
1.96125 20.1154282775 0.7356739704 2.6274070373 
1.96875 19.8998817367 1.0116816187 2.8577398301 
1.97625 19.2108896483 0.921211842 2.9188959487 
1.98375 19.9698892488 0.9450770632 3.2050439535 
1.99125 18.9429411997 0.9787526131 2.9566485188 
1.99875 19.4284233455 0.8297555804 3.0154532068 
2.00625 18.9620451906 0.9239979648 3.1536452277 
2.01375 18.7213762543 0.8971905553 2.5719462586 
2.02125 18.9389179216 0.9301244956 2.3549960634 
2.02875 17.9937508034 0.6973560628 2.5929859236 
2.03625 18.3684286405 1.0627169436 2.6909162976 
2.04375 18.6209928298 0.8807226338 3.0389770003 
2.05125 17.3321585752 0.9127245369 2.8054269978 
2.05875 17.9309763262 0.8774733096 2.403513848 
2.06625 18.615345284 0.9563325909 2.72696818 
2.07375 18.180130271 0.9588279667 2.7260795132 
2.08125 17.1720697522 1.0452564197 3.1917651387 
2.08875 18.438834937 0.9636376047 3.0391647534 
2.09625 17.2215811506 0.9843531961 2.520680147 
2.10375 18.0672212063 0.8403358701 2.5027394391 
2.11125 17.2135410192 0.8615839815 2.3036034873 
2.11875 15.8851927456 1.1346566247 3.0437614218 
2.12625 16.7390394706 1.0104227886 2.7183055551 
2.13375 16.3552016484 1.1365178127 3.2852468023 
2.14125 16.6464099808 1.1462040771 3.033032327 
2.14875 16.4778745199 1.0944390622 2.9243411741 
2.15625 15.7722049783 1.1477017956 2.9735910157 
2.16375 15.8184769244 1.1656628738 2.4349402253 
2.17125 16.3953837334 1.1919238174 3.0698469543 
2.17875 15.4140633071 1.1411516481 2.6570098076 
2.18625 16.0020216532 1.0233851057 3.4845839964 
2.19375 15.338393497 0.9407996011 2.872798782 
2.20125 14.3163371669 1.1596566819 2.9366845471 
2.20875 14.6170196585 1.1186494637 2.7841942207 
2.21625 15.6375777434 1.1357819624 2.6007760879 
2.22375 15.1725798089 1.2017075603 2.9102577651 
2.23125 14.3886694039 1.0962022401 3.4591270689 
2.23875 14.3246872928 1.0727384065 3.0810982803 
2.24625 14.2612374571 1.1376942241 2.4676747959 
2.25375 15.742300548 1.010754383 2.8173783589 
2.26125 14.5628327086 1.2017104081 3.0200879993 
2.26875 14.812276169 1.0445560607 3.1886448169 
2.27625 14.8864743148 1.0766946831 3.4797523818 
2.28375 14.4943214278 1.1316422077 2.8058525972 
2.29125 14.1685782118 1.1165455656 2.8799175278 
2.29875 15.0554942354 1.2316740711 2.8305553187 
2.30625 14.851325003 0.995662014 3.298605451 
2.31375 13.5772006475 1.268614966 2.8845887916 
2.32125 15.0201287159 1.1178817076 3.166081078 
2.32875 14.6253640231 1.2597790621 3.2351722661 
2.33625 14.1020332672 1.0887599214 3.2292471137 
2.34375 13.4820620359 1.1259582377 2.8995264422 
2.35125 13.7325565197 1.162660536 2.8664335227 
2.35875 13.5291115292 1.1916081046 3.0807429046 
2.36625 14.2665550091 1.2562654714 2.9312861 
2.37375 13.8465247018 1.097677865 3.1280231969 
2.38125 14.5293982253 1.3688147494 3.2937104907 
2.38875 13.7156814083 1.246880128 3.0463548582 
2.39625 14.2917438632 1.2390871527 2.590818592 
2.40375 14.0067997222 1.2663490258 2.9944606799 
2.41125 13.099353421 1.2028599479 3.0036733959 
2.41875 13.4742962369 1.3336098327 3.0541738137 
2.42625 13.2400425104 1.3803156352 3.3237451115 
2.43375 13.8410637986 1.1602469654 2.9210923599 
2.44125 14.3394971293 1.2480924654 3.1609298308 
2.44875 13.3753828805 1.253942145 3.357328969 
2.45625 13.4278362632 1.0184785988 3.1224409674 
2.46375 13.1996930703 1.0855448892 3.4630879902 
2.47125 12.9343513491 1.1319212286 3.3229500395 
2.47875 13.5536175635 1.2698292183 3.0528536648 
2.48625 13.6812428254 1.1837021756 3.3483730051 
2.49375 13.4300601054 1.1700923616 2.9902360351 
2.50125 13.478872585 1.2212401335 3.0369463638 
2.50875 13.9636269537 1.194680135 3.0573534636 
2.51625 13.3058802285 1.2322624204 3.2051592489 
2.52375 13.7727461486 1.2186024242 3.071893611 
2.53125 13.2874535877 1.4511464032 3.0537167789 
2.53875 13.3972250321 1.2669660377 2.834993312 
2.54625 13.5927674895 1.4029232501 2.7684352135 
2.55375 13.5130447423 1.2831193861 2.9133628573 
2.56125 13.0396280284 1.2263166246 3.0811975492 
2.56875 14.4216935904 1.3478218309 2.9652080279 
2.57625 13.4120384838 1.1633512036 3.337782511 
2.58375 13.564398079 1.2898289245 3.0156563586 
2.59125 13.3294575442 1.3907428603 2.8055678481 
2.59875 13.5040358354 1.3647695791 2.5978508655 
2.60625 13.6763867188 1.4045375394 2.7733664974 
2.61375 13.7163587195 1.4438272336 2.8048119211 
2.62125 14.826449071 1.3237900956 2.6240461451 
2.62875 13.7123703362 1.2401973171 2.5856944064 
2.63625 13.8205953152 1.4192867243 2.6175369915 
2.64375 13.2448856819 1.4748671829 2.8918964371 
2.65125 13.3080828069 1.1904810462 2.4959844158 
2.65875 13.7020425703 1.149461835 2.6306091746 
2.66625 14.1937238126 1.4557665449 2.6499500387 
2.67375 14.2951587376 1.3232069401 2.2845111274 
2.68125 14.1253274851 1.3832924209 2.5304129651 
2.68875 13.2637811924 1.3140761299 3.1761499651 
2.69625 14.2355142898 1.4124299334 2.6469159383 
2.70375 13.869090477 1.2221168243 2.4221138871 
2.71125 13.6274842141 1.4243415704 2.7826904812 
2.71875 13.7602272183 1.2852358491 2.5595335207 
2.72625 13.1189617238 1.3869549086 2.4366894081 
2.73375 12.9280739908 1.2387150393 2.3800638309 
2.74125 13.761214755 1.2911225728 2.560726436 
2.74875 13.8467327577 1.375042627 2.4504650707 
2.75625 13.9630451289 1.3994972824 2.4797176182 
2.76375 13.1781777762 1.4924683265 2.519201856 
2.77125 13.5806895407 1.1633071273 2.4950569156 
2.77875 12.9629909505 1.3978669563 2.5444319879 
2.78625 13.445272396 1.4892904358 2.4890938053 
2.79375 13.1142105531 1.2741294613 2.6829230121 
2.80125 12.9513508171 1.4836869671 2.5552386656 
2.80875 13.3742017731 1.3579170383 2.4288780232 
2.81625 13.4457774177 1.4475363103 2.4261524074 
2.82375 13.8814391346 1.475346526 2.372722248 
2.83125 13.2633383404 1.4725835724 2.592150535 
2.83875 12.6415342682 1.5350434468 2.4781420351 
2.84625 13.1239087628 1.4371428607 2.1557142911 
2.85375 12.7770394634 1.260826738 2.3131703147 
2.86125 13.2039337149 1.4122382358 2.5479542995 
2.86875 13.4493589069 1.409775751 2.5739459705 
2.87625 12.3335935906 1.5294828819 2.3064406398 
2.88375 12.9986944612 1.3854255503 2.4986271328 
2.89125 12.7959371218 1.4943101174 2.4373213565 
2.89875 12.5758575757 1.4096121919 2.3573719251 
2.90625 12.3387317935 1.5124279468 2.5845287698 
2.91375 12.8657267812 1.4856057571 2.5045789367 
2.92125 12.7523774528 1.4495644504 2.3969921958 
2.92875 12.2724121488 1.4704272621 2.6486542349 
2.93625 12.6693064618 1.4723028235 2.5694966473 
2.94375 12.1010116889 1.4554802031 2.3511603282 
2.95125 11.7239755722 1.4016787897 2.2463991199 
2.95875 11.6830850785 1.5284984826 2.5952149463 
2.96625 11.8538046197 1.5805072826 2.4350838948 
2.97375 11.9769419217 1.4719753049 2.4136737918 
2.98125 12.2624333143 1.4600300793 2.4652221277 
2.98875 11.6216931855 1.6744651397 2.3261488697 
2.99625 11.7797266137 1.5219983163 2.4496067576 
