# Radial distribution function (180 data points):
# "Pair separation distance" 0-0 0-1 1-1
0.0080555556 0.0 0.0 0.0 
0.0241666667 0.0 0.0 0.0 
0.0402777778 0.0 0.0 0.0 
0.0563888889 0.0 0.0 0.0 
0.0725 0.0 0.0 0.0 
0.0886111111 0.0 0.0 0.0 
0.1047222222 0.0 0.0 0.0 
0.1208333333 0.0 0.0 0.0 
0.1369444444 0.0 0.0 0.0 
0.1530555556 0.0 0.0 0.0 
0.1691666667 0.0 0.0 0.0 
0.1852777778 0.0 0.0 0.0 
0.2013888889 0.0 0.0 0.0 
0.2175 0.0 0.0 0.0 
0.2336111111 0.0 0.0 0.0 
0.2497222222 0.0 0.0 0.0 
0.2658333333 0.0 0.0 0.0 
0.2819444444 0.0 0.0 0.0 
0.2980555556 0.0 0.0 0.0 
0.3141666667 0.0 0.0 0.0 
0.3302777778 0.0 0.0 0.0 
0.3463888889 0.0 0.0 0.0 
0.3625 0.0 0.0 0.0 
0.3786111111 0.0 0.0 0.0 
0.3947222222 0.0 0.0 0.0 
0.4108333333 0.0 0.0 0.0 
0.4269444444 0.0 0.0 0.0 
0.4430555556 0.0 0.0 0.0 
0.4591666667 0.0 0.0 0.0 
0.4752777778 0.0 0.0 0.0 
0.4913888889 0.0 0.0 0.0 
0.5075 0.0 0.0 0.0 
0.5236111111 0.0 0.0 0.0 
0.5397222222 0.0 0.0 0.0 
0.5558333333 0.0 0.0 0.0 
0.5719444444 0.0 0.0 0.0 
0.5880555556 0.0 0.0 0.0 
0.6041666667 0.0 0.0 0.0 
0.6202777778 0.0 0.0 0.0 
0.6363888889 0.0 0.0 0.0 
0.6525 0.0 0.0 0.0 
0.6686111111 0.0 0.0 0.0 
0.6847222222 0.0 0.0 0.0 
0.7008333333 0.0 0.0 0.0 
0.7169444444 0.0 0.0 0.0 
0.7330555556 0.0 0.0 0.0 
0.7491666667 0.0 0.0 0.0 
0.7652777778 0.0 0.0 0.0 
0.7813888889 0.0 0.0 0.0 
0.7975 0.0597611308 0.0 0.0 
0.8136111111 0.2756057441 0.0 0.0 
0.8297222222 1.3360762292 0.0 0.0 
0.8458333333 3.4426053816 0.0 0.0 
0.8619444444 8.6459052357 0.0 0.0 
0.8780555556 14.5925267054 0.0 0.0 
0.8941666667 19.0914961077 0.0 0.0 
0.9102777778 23.9445260379 0.0 0.0 
0.9263888889 26.2014607636 0.0 0.0 
0.9425 26.4515221237 0.0 0.0 
0.9586111111 26.8272875858 0.0 0.0 
0.9747222222 24.0275044137 0.0 0.0 
0.9908333333 22.3465506891 0.0 0.0 
1.0069444444 20.5800781486 0.0 0.0 
1.0230555556 18.1502996987 0.0 0.0 
1.0391666667 15.6137558351 0.0 0.0 
1.0552777778 13.6388709025 0.0 0.0068262617 
1.0713888889 11.9801170909 0.003311254 0.0066225081 
1.0875 10.9014515623 0.0 0.0642774267 
1.1036111111 9.1249918882 0.0187243336 0.312072226 
1.1197222222 8.1609727643 0.0606312984 0.7760806195 
1.1358333333 7.430251968 0.1443625481 2.4099707017 
1.1519444444 6.7082880478 0.4096008501 4.239225581 
1.1680555556 5.8837605505 0.512600351 6.8699590518 
1.1841666667 5.3073201335 0.8999133219 9.6063036532 
1.2002777778 4.6486924258 1.1344709098 12.4475203546 
1.2163888889 4.4647124617 1.3717816194 14.5604086495 
1.2325 4.2636791001 1.5188105715 14.6726609408 
1.2486111111 4.183616119 1.6822232646 15.1741414478 
1.2647222222 3.9493880487 1.8535034163 14.267223733 
1.2808333333 3.36411325 1.6125501529 13.1089206393 
1.2969444444 3.760104813 1.6156700369 11.8768695297 
1.3130555556 3.5361255199 1.4924918809 10.4452385993 
1.3291666667 3.5714029111 1.4479241923 9.005959389 
1.3452777778 3.4695717734 1.323141778 7.7624317641 
1.3613888889 3.3674304986 1.1710126764 7.1040068497 
1.3775 3.5214835599 1.0556438203 5.9292328426 
1.3936111111 3.9650289614 0.9804933414 5.5267728465 
1.4097222222 3.8825689723 0.8950947187 4.701159869 
1.4258333333 4.1767259567 0.8114140847 4.2477714296 
1.4419444444 4.0839136867 0.7184324435 3.7292676459 
1.4580555556 4.4304077642 0.8081292613 3.5900963642 
1.4741666667 4.5929549488 0.6873691146 2.9523640341 
1.4902777778 5.0931821258 0.6708761402 2.6937730733 
1.5063888889 5.2226716673 0.6348276337 2.6699610769 
1.5225 5.8309330818 0.6378607899 2.4202635626 
1.5386111111 5.9213969501 0.6117278303 2.3120421931 
1.5547222222 6.4157232915 0.5676657128 2.1731690169 
1.5708333333 6.8085276504 0.5668638406 2.0209928229 
1.5869444444 6.9637853118 0.5327733453 1.8564057073 
1.6030555556 7.4871459385 0.5265555026 1.7660316576 
1.6191666667 7.6027542206 0.6002174385 1.7948531131 
1.6352777778 7.6896335213 0.5216442703 1.7852457861 
1.6513888889 8.0086335252 0.5352097587 1.7812449783 
1.6675 8.1963693529 0.5618258512 1.6321656116 
1.6836111111 8.0214796921 0.5564884775 1.5259852707 
1.6997222222 8.2806140354 0.5683548242 1.6419139365 
1.7158333333 8.6448410666 0.6029182763 1.4847023935 
1.7319444444 8.4898245868 0.5968219971 1.5180313216 
1.7480555556 8.6823411567 0.6119931016 1.5424216382 
1.7641666667 8.4658636981 0.6301768131 1.6389482231 
1.7802777778 8.459640544 0.6416086888 1.6429979509 
1.7963888889 8.369827974 0.6584201854 1.6277937321 
1.8125 8.6590420577 0.6594941172 1.6591483579 
1.8286111111 8.0910973383 0.7820560507 1.5663855201 
1.8447222222 8.1492016812 0.7807417729 1.7513635192 
1.8608333333 8.230433862 0.7848439866 1.7892247526 
1.8769444444 7.7380180471 0.8135060802 1.8169021739 
1.8930555556 7.7999037868 0.8771444699 1.8348971378 
1.9091666667 7.2996617556 0.9479132194 2.0626758504 
1.9252777778 7.0775115162 0.9751830559 2.1862148004 
1.9413888889 6.734630969 0.9893191046 2.1863851364 
1.9575 6.5290026542 1.0107951541 2.3013196836 
1.9736111111 6.1788875526 1.100724125 2.4707743656 
1.9897222222 5.8392101081 1.0772104146 2.555734513 
2.0058333333 5.6607599894 1.1459449044 2.6792248548 
2.0219444444 5.3421963573 1.2235173001 2.8170649082 
2.0380555556 5.0604110258 1.2216362965 2.866041109 
2.0541666667 4.8786541796 1.2529926078 3.1851774703 
2.0702777778 4.7870548955 1.25130316 3.0737184638 
2.0863888889 4.7430973784 1.3473120867 3.4088829465 
2.1025 4.6448897063 1.3791934633 3.6010362995 
2.1186111111 4.5016875487 1.3447478983 3.6819671673 
2.1347222222 4.3155542564 1.401262302 3.8050944178 
2.1508333333 4.3185183483 1.4091055874 3.8255368017 
2.1669444444 4.23349542 1.3736599862 4.0764594522 
2.1830555556 4.3084196 1.3749935932 4.0420345303 
2.1991666667 4.3005382846 1.4083634148 4.1637887119 
2.2152777778 4.3853729063 1.4398460319 3.9516376842 
2.2313888889 4.444416408 1.3740895799 4.1955535174 
2.2475 4.5314213954 1.4229355461 4.2018361129 
2.2636111111 4.4359912088 1.4346499996 4.1377857797 
2.2797222222 4.6294883699 1.3903092245 4.0531792332 
2.2958333333 4.6959866714 1.4653324503 4.0585093653 
2.3119444444 4.8099660823 1.4087141941 4.0647200069 
2.3280555556 5.0003001823 1.3387900488 4.0296949295 
2.3441666667 4.9705390645 1.3667944881 4.1142174166 
2.3602777778 5.3955248818 1.443036814 4.1428461156 
2.3763888889 5.4653036955 1.3447877812 3.998017728 
2.3925 5.3826485663 1.3486502884 4.1130181618 
2.4086111111 5.633229058 1.2730128006 4.0555580215 
2.4247222222 5.712485151 1.2968815316 3.9772757638 
2.4408333333 5.8044765993 1.3614808818 4.0091592603 
2.4569444444 5.8620890587 1.4116867529 3.9454189089 
2.4730555556 5.7921738878 1.3542003113 3.8593776656 
2.4891666667 5.9112902249 1.3900979296 3.7408725396 
2.5052777778 5.8900089736 1.3444190748 3.7268265704 
2.5213888889 5.8699829664 1.3530017776 3.5777121685 
2.5375 5.8476278136 1.2733023616 3.4486010183 
2.5536111111 5.7589186735 1.3418047355 3.3282819459 
2.5697222222 5.7042011489 1.3319396023 3.1623492545 
2.5858333333 5.7424848809 1.3182362343 3.0434828798 
2.6019444444 5.6816966965 1.2868032439 2.8352340234 
2.6180555556 5.5554200365 1.3281324603 2.7671736856 
2.6341666667 5.6465283985 1.3689051676 2.7454792717 
2.6502777778 5.5997321327 1.3073978385 2.5779980557 
2.6663888889 5.3868491742 1.3579393512 2.4400138578 
2.6825 5.1881691061 1.3416768 2.3864944025 
2.6986111111 5.0648180683 1.3016958226 2.2411715566 
2.7147222222 5.0935898428 1.3517921201 2.3054218912 
2.7308333333 4.971484173 1.3975609598 2.2446602725 
2.7469444444 4.881100392 1.4058979561 2.152922918 
2.7630555556 4.8761223596 1.4313714298 2.0790981186 
2.7791666667 4.8522310715 1.4551772088 2.1200214459 
2.7952777778 4.7157071757 1.4506126262 2.2211593733 
2.8113888889 4.5531312835 1.5345418172 2.0524677142 
2.8275 4.33974478 1.5009393372 2.0719333645 
2.8436111111 4.4881338847 1.5389767845 2.072965064 
2.8597222222 4.3847211887 1.5365580082 2.032941539 
2.8758333333 4.237379088 1.6338267525 2.0295299406 
2.8919444444 4.1739363365 1.6011299775 2.110601083 
