# Radial distribution function (200 data points):
# "Pair separation distance" 0-0 0-1 1-1
0.00625 0.0 0.0 0.0 
0.01875 0.0 0.0 0.0 
0.03125 0.0 0.0 0.0 
0.04375 0.0 0.0 0.0 
0.05625 0.0 0.0 0.0 
0.06875 0.0 0.0 0.0 
0.08125 0.0 0.0 0.0 
0.09375 0.0 0.0 0.0 
0.10625 0.0 0.0 0.0 
0.11875 0.0 0.0 0.0 
0.13125 0.0 0.0 0.0 
0.14375 0.0 0.0 0.0 
0.15625 0.0 0.0 0.0 
0.16875 0.0 0.0 0.0 
0.18125 0.0 0.0 0.0 
0.19375 0.0 0.0 0.0 
0.20625 0.0 0.0 0.0 
0.21875 0.0 0.0 0.0 
0.23125 0.0 0.0 0.0 
0.24375 0.0 0.0 0.0 
0.25625 0.0 0.0 0.0 
0.26875 0.0 0.0 0.0 
0.28125 0.0 0.0 0.0 
0.29375 0.0 0.0 0.0 
0.30625 0.0 0.0 0.0 
0.31875 0.0 0.0 0.0 
0.33125 0.0 0.0 0.0 
0.34375 0.0 0.0 0.0 
0.35625 0.0 0.0 0.0 
0.36875 0.0 0.0 0.0 
0.38125 0.0 0.0 0.0 
0.39375 0.0 0.0 0.0 
0.40625 0.0 0.0 0.0 
0.41875 0.0 0.0 0.0 
0.43125 0.0 0.0 0.0 
0.44375 0.0 0.0 0.0 
0.45625 0.0 0.0 0.0 
0.46875 0.0 0.0 0.0 
0.48125 0.0 0.0 0.0 
0.49375 0.0 0.0 0.0 
0.50625 0.0 0.0 0.0 
0.51875 0.0 0.0 0.0 
0.53125 0.0 0.0 0.0 
0.54375 0.0 0.0 0.0 
0.55625 0.0 0.0 0.0 
0.56875 0.0 0.0 0.0 
0.58125 0.0 0.0 0.0 
0.59375 0.0 0.0 0.0 
0.60625 0.0 0.0 0.0 
0.61875 0.0 0.0 0.0 
0.63125 0.0 0.0 0.0 
0.64375 0.0 0.0 0.0 
0.65625 0.0 0.0 0.0 
0.66875 0.0 0.0 0.0 
0.68125 0.0 0.0 0.0 
0.69375 0.0 0.0 0.0 
0.70625 0.0 0.0 0.0 
0.71875 0.0 0.0 0.0 
0.73125 0.0 0.0 0.0 
0.74375 0.0 0.0 0.0 
0.75625 0.0 0.0 0.0 
0.76875 0.0 0.0 0.0 
0.78125 0.0 0.0 0.0 
0.79375 0.0 0.0 0.0 
0.80625 0.0 0.0 0.0 
0.81875 0.0 0.0 0.0 
0.83125 0.0 0.0 0.0 
0.84375 0.0 0.0 0.0 
0.85625 0.0 0.0 0.0 
0.86875 0.0 0.0 0.0 
0.88125 0.0 0.0 0.0 
0.89375 0.0 0.0 0.0 
0.90625 0.091881063 0.0 0.0 
0.91875 0.1489965738 0.0 0.0 
0.93125 1.0731744211 0.0 0.0 
0.94375 2.0898692809 0.0 0.0 
0.95625 3.7135764493 0.0 0.0 
0.96875 7.1563156089 0.0 0.0 
0.98125 9.7965630082 0.0 0.0 
0.99375 13.9072196532 0.0 0.0 
1.00625 17.936078948 0.0 0.0 
1.01875 20.4797050543 0.0 0.0 
1.03125 24.6457568431 0.0236523578 0.0 
1.04375 25.0287289638 0.1154461668 0.0 
1.05625 28.768673854 0.1465488872 0.0 
1.06875 28.0996654337 0.2422384951 0.0 
1.08125 28.4434359764 0.5486441887 0.0 
1.09375 26.6826183189 0.5782285294 0.042052984 
1.10625 27.1312887761 0.6063431961 0.1027700332 
1.11875 26.3073263675 0.8943285129 0.4622372089 
1.13125 24.9625989037 1.071229638 0.9238127153 
1.14375 22.9778319702 0.9710297192 1.1152420538 
1.15625 20.376444982 1.1853333646 2.3330370986 
1.16875 19.335241123 1.1785289827 4.1248514396 
1.18125 17.2877547295 1.3159604747 5.6604327269 
1.19375 17.1041194365 1.3414995636 7.8371816613 
1.20625 16.5440212611 1.2792660118 8.9721494613 
1.21875 15.9862503785 1.151551934 10.7026591517 
1.23125 14.302723057 1.1199928148 11.9797749967 
1.24375 13.1060819616 1.2520698648 13.171124552 
1.25625 13.0218894683 0.996166575 13.5956814155 
1.26875 10.8132975055 1.1172699012 12.547800429 
1.28125 11.0476967332 1.0879146575 13.9130494227 
1.29375 9.9636188402 1.0820219555 13.0143196315 
1.30625 9.3315861495 1.0540417215 12.0735688095 
1.31875 9.430334109 0.9184451164 11.3540065576 
1.33125 8.6295634786 0.8870850615 11.0850149289 
1.34375 7.9404012722 0.8288664486 10.6707848676 
1.35625 7.4391617877 0.8820329693 9.2305775859 
1.36875 7.7469760131 0.7115939839 8.9419168539 
1.38125 7.2646004563 0.7712869813 7.5019195275 
1.39375 7.5880926513 0.8870040045 8.106051194 
1.40625 7.0213209937 0.7759068489 7.186678191 
1.41875 6.2983045796 0.6060868494 7.0231094717 
1.43125 6.1519337064 0.8227136893 6.3238440295 
1.44375 6.0458685341 0.7783603203 6.2992881733 
1.45625 5.835770984 0.7591246809 5.4443473205 
1.46875 5.9467471946 0.7229378942 5.841804597 
1.48125 5.5716605073 0.6018769067 5.1245519481 
1.49375 5.5689877021 0.738398167 5.2307900684 
1.50625 5.6654181389 0.7151065948 5.0778111695 
1.51875 5.6052600544 0.6870260378 4.7110356878 
1.53125 5.6750375273 0.6383076236 4.8919038043 
1.54375 6.005699985 0.728283478 4.5702426951 
1.55625 5.5980320721 0.6023856404 4.4140327099 
1.56875 5.519397407 0.6490402506 4.1804324805 
1.58125 5.4022991313 0.674029873 4.3661039534 
1.59375 5.9516794281 0.6882557741 4.1097287232 
1.60625 5.4986782958 0.7068336462 4.0947604331 
1.61875 5.4044854852 0.7103586606 3.5901910683 
1.63125 6.0593011254 0.656975707 4.0080244573 
1.64375 5.7906116662 0.7261538745 4.1428009509 
1.65625 5.6851971068 0.6051984017 4.4564609579 
1.66875 6.3681342403 0.7542400129 4.0557337218 
1.68125 5.7754493883 0.7742127839 3.6663869768 
1.69375 5.9009530257 0.5830807967 3.8842826009 
1.70625 6.1949751034 0.7344112745 3.9485406168 
1.71875 6.4713358065 0.7365401938 3.6528987645 
1.73125 6.5712498997 0.7553160804 3.7430107985 
1.74375 6.9654546879 0.686618455 3.8384453387 
1.75625 7.2988797442 0.6728017641 3.7024484959 
1.76875 7.4131687894 0.7035274068 3.7950278401 
1.78125 7.6186764712 0.7531469977 3.6943842202 
1.79375 7.5050454773 0.7192335249 3.689980693 
1.80625 7.4554987454 0.7941224103 3.4771767675 
1.81875 7.6499384231 0.7414204734 3.8629907743 
1.83125 8.003411346 0.8025913908 3.7054219353 
1.84375 8.3466278552 0.7769467418 3.5443570414 
1.85625 8.3586972034 0.7227170508 3.3726795703 
1.86875 8.6217971482 0.7743050906 3.745475787 
1.88125 8.9766937235 0.8138016083 3.2552064334 
1.89375 8.6201077653 0.8311495282 3.3105702728 
1.90625 9.1027405424 0.854896165 3.5026514939 
1.91875 8.7453929662 0.7959674067 3.6894626576 
1.93125 9.5430151 0.8767434367 3.4260435836 
1.94375 9.5937710974 0.8954630205 3.2423084833 
1.95625 9.3335280672 0.88076955 3.3521826157 
1.96875 9.8059470534 0.7917442359 3.4849725795 
1.98125 10.047863799 0.8298458941 3.6846439314 
1.99375 9.6438361813 0.8922446861 3.4550751673 
2.00625 9.8052601342 0.8905350982 3.3996567961 
2.01875 10.0421976957 0.9782964565 3.5860583044 
2.03125 9.766569961 0.8535079866 3.6883737993 
2.04375 9.8582418051 1.0207525876 3.5891949394 
2.05625 9.9291220588 0.9250919593 3.4861986378 
2.06875 9.7742307248 0.9727210974 3.608765884 
2.08125 9.8430020646 0.9407471 3.7339529956 
2.09375 9.370071975 1.0414378833 3.8329504466 
2.10625 9.5880475096 0.9950930443 3.5210984645 
2.11875 9.2959413734 1.1626930892 3.6701878237 
2.13125 9.5084108378 1.110329862 3.6992536049 
2.14375 8.8669281666 1.0098445968 3.7492875273 
2.15625 9.2783844626 1.092847616 3.278542848 
2.16875 9.6156175558 1.1150479757 3.6633470666 
2.18125 9.0351978372 1.1102349595 3.5580387036 
2.19375 9.3402132247 1.11068568 3.8207587394 
2.20625 9.0176319314 1.1317257266 3.6587297464 
2.21875 8.3900189963 1.2033188025 3.8935410933 
2.23125 8.8065836613 1.2201893025 3.7085670725 
2.24375 8.1591292048 1.2665886426 4.1220340441 
2.25625 8.0393268239 1.2896523055 3.9282512754 
2.26875 7.476954336 1.2705935473 3.8166675401 
2.28125 7.6949161901 1.2736246332 3.8281241348 
2.29375 7.5586861455 1.2741238822 4.1642097614 
2.30625 7.8695005962 1.1823167963 4.0624405121 
2.31875 7.4761077173 1.2140487814 4.0187587792 
2.33125 7.0119946309 1.1987502372 3.948007538 
2.34375 6.8320793918 1.2226308295 4.1578606487 
2.35625 7.1358298395 1.1983663445 4.3403968167 
2.36875 6.6572470219 1.3023099393 3.9988312078 
2.38125 6.8980619588 1.2598389687 4.4360527066 
2.39375 6.9491234387 1.2796395972 4.2669286054 
2.40625 6.4948092891 1.1360485813 4.3486983936 
2.41875 6.316064339 1.1909801375 4.4242547344 
2.43125 6.5747004483 1.2383416378 4.4256883276 
2.44375 6.6508218433 1.2130694686 4.4310731977 
2.45625 6.3456521337 1.1507227259 4.2193166618 
2.46875 6.240283469 1.1700531504 4.2922584708 
2.48125 6.5452799389 1.1971080038 4.60866153 
2.49375 6.2290478396 1.231652641 4.0569707683 
