# Radial distribution function (180 data points):
# "Pair separation distance" 0-0 0-1 1-1
0.0080555556 0.0 0.0 0.0 
0.0241666667 0.0 0.0 0.0 
0.0402777778 0.0 0.0 0.0 
0.0563888889 0.0 0.0 0.0 
0.0725 0.0 0.0 0.0 
0.0886111111 0.0 0.0 0.0 
0.1047222222 0.0 0.0 0.0 
0.1208333333 0.0 0.0 0.0 
0.1369444444 0.0 0.0 0.0 
0.1530555556 0.0 0.0 0.0 
0.1691666667 0.0 0.0 0.0 
0.1852777778 0.0 0.0 0.0 
0.2013888889 0.0 0.0 0.0 
0.2175 0.0 0.0 0.0 
0.2336111111 0.0 0.0 0.0 
0.2497222222 0.0 0.0 0.0 
0.2658333333 0.0 0.0 0.0 
0.2819444444 0.0 0.0 0.0 
0.2980555556 0.0 0.0 0.0 
0.3141666667 0.0 0.0 0.0 
0.3302777778 0.0 0.0 0.0 
0.3463888889 0.0 0.0 0.0 
0.3625 0.0 0.0 0.0 
0.3786111111 0.0 0.0 0.0 
0.3947222222 0.0 0.0 0.0 
0.4108333333 0.0 0.0 0.0 
0.4269444444 0.0 0.0 0.0 
0.4430555556 0.0 0.0 0.0 
0.4591666667 0.0 0.0 0.0 
0.4752777778 0.0 0.0 0.0 
0.4913888889 0.0 0.0 0.0 
0.5075 0.0 0.0 0.0 
0.5236111111 0.0 0.0 0.0 
0.5397222222 0.0 0.0 0.0 
0.5558333333 0.0 0.0 0.0 
0.5719444444 0.0 0.0 0.0 
0.5880555556 0.0 0.0 0.0 
0.6041666667 0.0 0.0 0.0 
0.6202777778 0.0 0.0 0.0 
0.6363888889 0.0 0.0 0.0 
0.6525 0.0 0.0 0.0 
0.6686111111 0.0 0.0 0.0 
0.6847222222 0.0 0.0 0.0 
0.7008333333 0.0 0.0 0.0 
0.7169444444 0.0 0.0 0.0 
0.7330555556 0.0 0.0 0.0 
0.7491666667 0.0 0.0 0.0 
0.7652777778 0.0 0.0 0.0 
0.7813888889 0.0 0.0 0.0 
0.7975 0.0 0.0 0.0 
0.8136111111 0.0 0.0 0.0 
0.8297222222 0.0 0.0 0.0 
0.8458333333 0.0 0.0 0.0 
0.8619444444 0.0 0.0 0.0 
0.8780555556 0.0 0.0 0.0 
0.8941666667 0.0394405266 0.0 0.0 
0.9102777778 0.0380567929 0.0 0.0 
0.9263888889 0.5511693306 0.0 0.0 
0.9425 1.9524539621 0.0 0.0 
0.9586111111 5.1473953392 0.0 0.0 
0.9747222222 9.2602771852 0.0 0.0 
0.9908333333 14.8074933163 0.0 0.0 
1.0069444444 21.1485225762 0.0 0.0 
1.0230555556 27.2064416885 0.0150644749 0.0 
1.0391666667 33.0274388007 0.058403959 0.0 
1.0552777778 36.160987487 0.0991099892 0.0 
1.0713888889 36.7574232464 0.206039368 0.0 
1.0875 37.0629284748 0.6799314217 0.0266639773 
1.1036111111 37.5421868069 0.6731702462 0.0258911633 
1.1197222222 34.5078125053 0.8174226723 0.4527264031 
1.1358333333 33.4380545497 0.9532778709 0.9777208933 
1.1519444444 32.6993930128 1.1763226411 2.2100607196 
1.1680555556 27.4352069507 1.1556531993 3.7674294296 
1.1841666667 26.4238995209 1.4505034205 6.5891085614 
1.2002777778 24.1870906321 1.3242705731 9.1276170078 
1.2163888889 22.1866073406 1.2894233853 11.7007179923 
1.2325 20.4478474339 1.1106191246 13.2028740791 
1.2486111111 20.0449346153 1.274299577 14.3004730303 
1.2647222222 16.7182604142 1.0547487408 15.1607809652 
1.2808333333 17.1653196586 1.0476034954 14.6087826881 
1.2969444444 16.1228393163 1.1904654611 14.5667978474 
1.3130555556 13.9554643583 1.0059640101 14.0834961414 
1.3291666667 13.2979127264 0.8924773642 11.4058607143 
1.3452777778 12.6153947475 0.7492568704 10.1411046175 
1.3613888889 11.2126263034 0.850730372 9.5792239891 
1.3775 11.1180688115 0.6896858829 8.7083229555 
1.3936111111 10.5702280393 0.6413579225 7.9398487115 
1.4097222222 9.8222330883 0.8013291938 6.7438595518 
1.4258333333 9.5239614536 0.7367885489 6.2045351489 
1.4419444444 9.2819933612 0.8189994142 5.3538295041 
1.4580555556 9.0038351282 0.6971668056 4.8801676395 
1.4741666667 9.3014774749 0.7473105928 4.3387547036 
1.4902777778 8.4909035716 0.5821522516 4.4868319877 
1.5063888889 8.0879050324 0.7782176663 4.3913711172 
1.5225 7.9584522788 0.6870116924 3.5779024775 
1.5386111111 8.6185457101 0.7726053341 3.9695929237 
1.5547222222 8.1016505572 0.6914452166 3.7442410788 
1.5708333333 7.680718591 0.6581647378 3.4122327185 
1.5869444444 7.9387748787 0.6949558451 3.430953181 
1.6030555556 8.0131594428 0.7362780499 2.9205695978 
1.6191666667 8.1551960747 0.6495288909 3.103304701 
1.6352777778 7.382086943 0.6367934424 3.195759683 
1.6513888889 8.0250678878 0.7227186498 3.1683985609 
1.6675 8.5171888912 0.6691266905 2.9827172815 
1.6836111111 8.6775900207 0.7898831942 2.8702797761 
1.6997222222 8.164579967 0.698573687 2.9689381698 
1.7158333333 9.0188280142 0.6962278158 3.3311823188 
1.7319444444 9.2828442409 0.8147456723 3.1223156733 
1.7480555556 9.5149999524 0.8617163731 3.4675054057 
1.7641666667 8.8860500834 0.8511154014 3.3436676483 
1.7802777778 9.5119770174 0.7760818069 3.2535737287 
1.7963888889 10.4463718127 0.8159701089 3.312740921 
1.8125 10.0599031177 0.7679315357 3.3980970455 
1.8286111111 10.6473082997 0.933643509 3.4327902755 
1.8447222222 10.9625460523 0.8247393057 3.3082239566 
1.8608333333 11.0831782211 0.9152501325 3.1327964733 
1.8769444444 11.4218532809 0.881702624 3.0613431207 
1.8930555556 11.4570563653 0.9503549059 3.3174425881 
1.9091666667 12.1123713623 0.9127536991 3.4174190629 
1.9252777778 11.4085605828 0.9741090132 3.3944934173 
1.9413888889 11.8224094295 0.870156108 3.5224588605 
1.9575 12.1470765967 0.880580756 3.1437555962 
1.9736111111 11.9657593693 1.0889002944 3.4326670992 
1.9897222222 12.0196929024 0.9279617118 3.2896840084 
2.0058333333 12.5954955575 1.0659535755 3.1665091507 
2.0219444444 12.3338634034 1.0181800933 3.5482033556 
2.0380555556 12.9899391577 1.0970462936 3.2190147299 
2.0541666667 12.5553003354 1.1695860134 3.2060856214 
2.0702777778 12.4930839648 1.1183443832 3.0165868231 
2.0863888889 12.48923929 1.0721620736 3.2889296042 
2.1025 13.147482663 1.1271309065 3.4527301188 
2.1186111111 12.5337685734 1.0995150122 3.6603662706 
2.1347222222 12.3729744613 1.1072012941 3.778324416 
2.1508333333 13.0267639916 1.2099689213 3.462896969 
2.1669444444 11.5510721803 1.1718965671 3.3310068613 
2.1830555556 12.2877328919 1.1811310292 3.4275959278 
2.1991666667 12.323525812 1.186709893 3.6970577436 
2.2152777778 11.740096233 1.1695115021 3.5149603938 
2.2313888889 10.8618327414 1.2825196094 3.7050566494 
2.2475 11.2872610956 1.1924042419 3.7332865792 
2.2636111111 10.46248527 1.2339578216 3.69264186 
2.2797222222 11.1646099691 1.2044429776 4.0957128963 
2.2958333333 10.1947950525 1.2055464807 3.6076651506 
2.3119444444 10.4189885228 1.2713997886 3.7345525113 
2.3280555556 9.6701678413 1.2567727158 3.7586813631 
2.3441666667 9.9508875152 1.2309488881 3.8047511088 
2.3602777778 9.3909573987 1.3047713565 3.7869502711 
2.3763888889 9.6661111288 1.3150601796 3.8027854874 
2.3925 9.3215091514 1.267108218 3.6085038382 
2.4086111111 9.4907526488 1.3806707748 4.1800623064 
2.4247222222 9.3382305827 1.2819282649 3.7331467464 
2.4408333333 9.0883254946 1.2862336023 3.9275116581 
2.4569444444 8.932957893 1.2772562601 3.9963232679 
2.4730555556 8.7860104376 1.2374662588 3.7020865576 
2.4891666667 8.5097775874 1.2113200154 3.6237808865 
2.5052777778 9.0588665788 1.2435216186 3.7079553717 
2.5213888889 8.6309680093 1.2921650382 3.6508002614 
2.5375 8.5413068711 1.2856038152 3.7123340644 
2.5536111111 8.6466516102 1.2355813682 3.665638658 
2.5697222222 8.2902445827 1.4111562639 3.5672884235 
2.5858333333 8.314597951 1.2403512542 3.7776477361 
2.6019444444 7.9976846215 1.1598272981 3.7915639382 
2.6180555556 8.3366297182 1.3273276345 3.5840146526 
2.6341666667 8.5349138178 1.3906728585 3.2676267492 
2.6502777778 8.6828789763 1.2413733387 3.5063746021 
2.6663888889 8.4984281543 1.3750066429 3.6326788405 
2.6825 8.458005201 1.3300541858 3.6680571779 
2.6986111111 8.7297143897 1.3293761496 3.3602472056 
2.7147222222 8.9344912793 1.3735496651 3.3932239389 
2.7308333333 8.8843530354 1.4187055894 3.5309066086 
2.7469444444 8.4586473004 1.3833064508 3.6985686072 
2.7630555556 8.839439224 1.3754828325 3.2011987844 
2.7791666667 8.769912938 1.408575402 3.46223751 
2.7952777778 8.8628335959 1.4710850846 3.3175087504 
2.8113888889 8.8971975167 1.4283393323 3.3314618504 
2.8275 8.9341493821 1.4002750687 3.3488268545 
2.8436111111 9.0710915322 1.4488007327 3.2680888667 
2.8597222222 9.0192988722 1.4132419994 3.2429373029 
2.8758333333 9.124425759 1.4451138164 3.4659853803 
2.8919444444 9.1587858768 1.4479101592 3.1899270695 
