# Radial distribution function (400 data points):
# "Pair separation distance" 0-0 0-1 1-1
0.00375 0.0 0.0 0.0 
0.01125 0.0 0.0 0.0 
0.01875 0.0 0.0 0.0 
0.02625 0.0 0.0 0.0 
0.03375 0.0 0.0 0.0 
0.04125 0.0 0.0 0.0 
0.04875 0.0 0.0 0.0 
0.05625 0.0 0.0 0.0 
0.06375 0.0 0.0 0.0 
0.07125 0.0 0.0 0.0 
0.07875 0.0 0.0 0.0 
0.08625 0.0 0.0 0.0 
0.09375 0.0 0.0 0.0 
0.10125 0.0 0.0 0.0 
0.10875 0.0 0.0 0.0 
0.11625 0.0 0.0 0.0 
0.12375 0.0 0.0 0.0 
0.13125 0.0 0.0 0.0 
0.13875 0.0 0.0 0.0 
0.14625 0.0 0.0 0.0 
0.15375 0.0 0.0 0.0 
0.16125 0.0 0.0 0.0 
0.16875 0.0 0.0 0.0 
0.17625 0.0 0.0 0.0 
0.18375 0.0 0.0 0.0 
0.19125 0.0 0.0 0.0 
0.19875 0.0 0.0 0.0 
0.20625 0.0 0.0 0.0 
0.21375 0.0 0.0 0.0 
0.22125 0.0 0.0 0.0 
0.22875 0.0 0.0 0.0 
0.23625 0.0 0.0 0.0 
0.24375 0.0 0.0 0.0 
0.25125 0.0 0.0 0.0 
0.25875 0.0 0.0 0.0 
0.26625 0.0 0.0 0.0 
0.27375 0.0 0.0 0.0 
0.28125 0.0 0.0 0.0 
0.28875 0.0 0.0 0.0 
0.29625 0.0 0.0 0.0 
0.30375 0.0 0.0 0.0 
0.31125 0.0 0.0 0.0 
0.31875 0.0 0.0 0.0 
0.32625 0.0 0.0 0.0 
0.33375 0.0 0.0 0.0 
0.34125 0.0 0.0 0.0 
0.34875 0.0 0.0 0.0 
0.35625 0.0 0.0 0.0 
0.36375 0.0 0.0 0.0 
0.37125 0.0 0.0 0.0 
0.37875 0.0 0.0 0.0 
0.38625 0.0 0.0 0.0 
0.39375 0.0 0.0 0.0 
0.40125 0.0 0.0 0.0 
0.40875 0.0 0.0 0.0 
0.41625 0.0 0.0 0.0 
0.42375 0.0 0.0 0.0 
0.43125 0.0 0.0 0.0 
0.43875 0.0 0.0 0.0 
0.44625 0.0 0.0 0.0 
0.45375 0.0 0.0 0.0 
0.46125 0.0 0.0 0.0 
0.46875 0.0 0.0 0.0 
0.47625 0.0 0.0 0.0 
0.48375 0.0 0.0 0.0 
0.49125 0.0 0.0 0.0 
0.49875 0.0 0.0 0.0 
0.50625 0.0 0.0 0.0 
0.51375 0.0 0.0 0.0 
0.52125 0.0 0.0 0.0 
0.52875 0.0 0.0 0.0 
0.53625 0.0 0.0 0.0 
0.54375 0.0 0.0 0.0 
0.55125 0.0 0.0 0.0 
0.55875 0.0 0.0 0.0 
0.56625 0.0 0.0 0.0 
0.57375 0.0 0.0 0.0 
0.58125 0.0 0.0 0.0 
0.58875 0.0 0.0 0.0 
0.59625 0.0 0.0 0.0 
0.60375 0.0 0.0 0.0 
0.61125 0.0 0.0 0.0 
0.61875 0.0 0.0 0.0 
0.62625 0.0 0.0 0.0 
0.63375 0.0 0.0 0.0 
0.64125 0.0 0.0 0.0 
0.64875 0.0 0.0 0.0 
0.65625 0.0 0.0 0.0 
0.66375 0.0 0.0 0.0 
0.67125 0.0 0.0 0.0 
0.67875 0.0 0.0 0.0 
0.68625 0.0 0.0 0.0 
0.69375 0.0 0.0 0.0 
0.70125 0.0 0.0 0.0 
0.70875 0.0 0.0 0.0 
0.71625 0.0 0.0 0.0 
0.72375 0.0 0.0 0.0 
0.73125 0.0 0.0 0.0 
0.73875 0.0 0.0 0.0 
0.74625 0.0 0.0 0.0 
0.75375 0.0 0.0 0.0 
0.76125 0.0 0.0 0.0 
0.76875 0.0 0.0 0.0 
0.77625 0.0 0.0 0.0 
0.78375 0.0 0.0 0.0 
0.79125 0.0 0.0 0.0 
0.79875 0.0 0.0 0.0 
0.80625 0.0 0.0 0.0 
0.81375 0.0 0.0 0.0 
0.82125 0.0 0.0 0.0 
0.82875 0.0 0.0 0.0 
0.83625 0.0 0.0 0.0 
0.84375 0.0 0.0 0.0 
0.85125 0.0 0.0 0.0 
0.85875 0.0 0.0 0.0 
0.86625 0.0 0.0 0.0 
0.87375 0.0 0.0 0.0 
0.88125 0.0 0.0 0.0 
0.88875 0.0 0.0 0.0 
0.89625 0.0 0.0 0.0 
0.90375 0.1183562338 0.0 0.0 
0.91125 0.232832023 0.0 0.0 
0.91875 0.6871386617 0.0 0.0 
0.92625 0.4507040148 0.0 0.0 
0.93375 1.3304787171 0.0 0.0 
0.94125 2.4004941661 0.0 0.0 
0.94875 3.3292476713 0.0 0.0 
0.95625 4.4401170391 0.0 0.0 
0.96375 6.9732314316 0.0 0.0 
0.97125 11.9897986627 0.0 0.0 
0.97875 15.0359489808 0.0 0.0 
0.98625 18.88285794 0.0 0.0 
0.99375 23.0039157177 0.0 0.0 
1.00125 24.2034281214 0.0 0.0 
1.00875 30.1148300361 0.0 0.0 
1.01625 30.5143948731 0.0 0.0 
1.02375 36.802165498 0.0 0.0 
1.03125 40.7228745929 0.0 0.0 
1.03875 43.6310084663 0.0 0.0 
1.04625 44.8622613204 0.3090903831 0.0 
1.05375 45.792988372 0.0 0.0 
1.06125 51.1563200678 0.3004146313 0.0 
1.06875 51.8796081328 0.1692646269 0.0 
1.07625 50.4079577306 0.500741302 0.0 
1.08375 50.864967471 0.2880702041 0.0 
1.09125 46.5963522487 0.4870698841 0.0 
1.09875 48.1243924553 0.9208494397 0.0800738643 
1.10625 53.63543332 0.9479016198 0.0789918016 
1.11375 46.2133943469 1.0910413505 0.4675891502 
1.12125 50.4414495179 1.0380481227 0.4613547212 
1.12875 48.3317541977 0.9104883051 0.6069922034 
1.13625 46.7973109294 1.609827496 1.4226382523 
1.14375 42.7863307082 1.1454026355 1.625732773 
1.15125 40.9178013064 1.3128706302 2.2610549742 
1.15875 39.9578601826 1.6199132506 3.5278110792 
1.16625 39.3034407264 1.0305603807 5.8990697654 
1.17375 39.8552830445 1.6489421682 5.4730846434 
1.18125 34.9169004493 0.900634337 7.0665155671 
1.18875 36.9403928378 1.4365708326 9.8507714234 
1.19625 36.1408787555 1.7226026323 10.403168838 
1.20375 35.2916462272 1.9680596667 12.2086413225 
1.21125 31.7591098023 1.4166407899 14.2322981687 
1.21875 28.3105873251 1.4643407237 15.6196343863 
1.22625 27.6438998691 1.4464831327 15.1720008584 
1.23375 28.2614599023 1.3654413211 18.9256517998 
1.24125 26.2896272758 1.2548748103 18.6976346735 
1.24875 26.718693156 1.2708427139 19.5895754926 
1.25625 24.5017329509 0.8881878195 21.3165076673 
1.26375 23.9696572683 1.3619123448 19.6115377649 
1.27125 21.8931445288 1.3757986999 20.0388071507 
1.27875 21.7553227447 1.3597076715 17.5579642804 
1.28625 20.1584594461 1.2270366619 20.8596232529 
1.29375 19.4633776443 1.1550965961 20.3297000914 
1.30125 21.0094837818 1.170365265 16.6134776644 
1.30875 19.5277304249 0.9876742267 17.2137508081 
1.31625 20.1985817954 1.1438423392 15.6790096257 
1.32375 15.9983480268 1.2136677813 14.5088466588 
1.33125 16.3095150674 0.9272968433 15.2185776047 
1.33875 18.3926592794 0.8899673845 13.5922291449 
1.34625 16.8015074238 1.2267767325 13.1211772262 
1.35375 15.0861434601 1.0549750671 14.9806459534 
1.36125 14.6073487258 0.7564519876 11.2163570573 
1.36875 14.8604988014 0.7997837897 12.3837490012 
1.37625 15.5666209655 0.969723929 9.3910106808 
1.38375 15.7012528812 0.908754186 9.1380282042 
1.39125 15.2327629304 1.0238414429 9.4393186683 
1.39875 13.8346138607 0.6176166902 8.7948616686 
1.40625 14.2251593117 0.7332556346 7.4303237642 
1.41375 12.6720035863 1.0398781569 8.6575902364 
1.42125 14.3571931065 0.8853602416 8.4228866225 
1.42875 12.2178973527 1.0181581127 7.1034286934 
1.43625 13.9182819278 0.9606894933 6.6545321002 
1.44375 11.1769246134 0.672470568 6.3073101553 
1.45125 12.8976663529 0.7573362805 5.4161018849 
1.45875 12.2656712295 0.9994250631 5.3605526114 
1.46625 12.4103015752 0.7644026333 5.1709589897 
1.47375 11.8392260668 0.8234048204 5.0739540286 
1.48125 11.1909334302 0.5727643094 4.2296441311 
1.48875 13.7390383741 0.6324319252 4.9722234116 
1.49625 13.0834910785 1.0147262058 5.5270193335 
1.50375 11.756302792 0.6626279755 4.0185180453 
1.51125 11.4282700789 0.8042115981 3.682442581 
1.51875 11.2737672847 0.7124685645 4.1490816401 
1.52625 13.1966938737 1.0167264148 3.8179114352 
1.53375 11.7940273379 0.8218834382 4.6025472538 
1.54125 10.8249238691 0.8545992528 3.7439586314 
1.54875 10.7606380654 0.7657382893 3.6674833856 
1.55625 9.4597362273 0.518888485 3.5923048964 
1.56375 9.9226687577 0.8499497143 3.5183964918 
1.57125 10.1022601991 0.7048088511 3.4457321609 
1.57875 10.8985576609 0.8338754082 2.8312978977 
1.58625 11.9867311593 0.7107516873 2.8814257594 
1.59375 11.1510733765 1.0085441791 2.8543703182 
1.60125 11.0468584996 0.565538831 2.2621553242 
1.60875 10.1597085097 0.933796738 3.3990201264 
1.61625 9.8806077031 0.9066475233 3.700602136 
1.62375 10.0461975231 0.7516315665 2.7865365393 
1.63125 12.0610889269 0.5994215882 3.0516008128 
1.63875 10.7990446673 0.7199363112 3.5276879246 
1.64625 10.7722113612 0.6955566939 3.2102616639 
1.65375 11.4523549969 0.777629043 2.7923951999 
1.66125 10.4034162178 0.7531092548 3.0824936942 
1.66875 10.8655396096 0.7984262333 2.8812772767 
1.67625 12.9703977459 0.6020741659 2.7523390442 
1.68375 11.1501848527 0.7501653418 2.830169244 
1.69125 11.8288347218 0.8449167658 3.041700357 
1.69875 11.7916144 0.8039737091 3.2158948364 
1.70625 12.684331544 0.9629466355 2.5567893426 
1.71375 12.0798261968 0.9051640883 2.9294401404 
1.72125 11.7790118446 0.799406621 3.8175744759 
1.72875 11.6770296979 0.9056975943 2.9435171815 
1.73625 11.7367037579 0.8016874152 2.7257372115 
1.74375 12.3671816798 0.7948060206 2.9248861556 
1.75125 12.040836321 0.7722525913 3.4042155044 
1.75875 11.6570914366 0.9844460597 3.2189823538 
1.76625 12.5189127626 0.7591914918 3.067753375 
1.77375 12.5976240324 0.9064144121 2.8575098415 
1.78125 12.6441008354 1.0054345243 2.6506910185 
1.78875 12.9310588876 0.9517017639 2.6587223881 
1.79625 12.1641590655 0.7640050645 2.9062153432 
1.80375 13.0734320158 0.6091030826 3.03065924 
1.81125 14.0261921922 0.9576706854 3.0645461932 
1.81875 12.6833317353 0.8036673335 2.5425112004 
1.82625 14.3474388 0.8260646582 2.9274572097 
1.83375 13.7990957611 1.0493062402 2.2711011774 
1.84125 14.2857108629 1.0265181458 2.7373817222 
1.84875 13.9154861494 0.9050722699 3.0546189108 
1.85625 13.8874313482 0.9819395903 2.7494308528 
1.86375 13.8037163903 1.057542788 2.5047066031 
1.87125 15.6534150626 0.7868118682 2.7331359633 
1.87875 15.1452629401 1.0954982235 3.1495573926 
1.88625 14.0197695229 0.9509533591 2.7985198854 
1.89375 14.4210928457 1.0243019217 3.099861079 
1.90125 15.2435489118 1.1232088672 2.9684805776 
1.90875 15.4423921182 0.9286661927 2.7329319384 
1.91625 15.427053163 0.8292699226 2.8958632217 
1.92375 15.8816643699 0.8228164928 3.1606601789 
1.93125 16.4842740693 1.1792994814 3.3175897498 
1.93875 13.7851303377 1.0030225432 3.2919714239 
1.94625 16.1035572246 1.0463484092 3.1645659205 
1.95375 15.7522327278 1.1902812511 3.1403164924 
1.96125 16.3608098199 1.2440247098 3.066081103 
1.96875 16.0119273458 1.0849203108 2.5938324672 
1.97625 15.8163701892 1.0643253805 3.3909901658 
1.98375 16.3356905806 1.1668350415 3.3899628573 
1.99125 15.8959231668 1.1580618872 3.1206720328 
1.99875 15.8978412777 1.197782562 2.5165532616 
2.00625 16.3075763029 1.1408098297 2.6178583461 
2.01375 16.3293618497 1.1442472537 3.0274875254 
2.02125 16.1610803612 0.9819690117 3.194357026 
2.02875 16.4176073883 1.0569275143 2.7949860933 
2.03625 17.2527879431 1.1657289151 3.4505575886 
2.04375 16.1774996315 1.2844795845 3.1475535764 
2.05125 15.2552966656 1.2061793297 2.8259058582 
2.05875 16.2163140452 1.1745993999 3.5352020774 
2.06625 16.8233644784 1.0868391588 3.0793776165 
2.07375 17.2189136622 1.1464289775 3.7539929264 
2.08125 16.8272297517 1.3613541311 2.9905156323 
2.08875 17.1275936865 1.285123459 3.1906513465 
2.09625 16.1912899491 1.0889522452 3.4098504648 
2.10375 17.1463304382 1.2122564832 3.5603208426 
2.11125 17.0247257693 1.1928151813 3.6218206414 
2.11875 15.9999704079 1.3243582505 3.0794021108 
2.12625 15.951442921 1.1546620881 3.186012058 
2.13375 16.1367595283 1.1996406755 3.3335147973 
2.14125 15.0751310461 1.1490834154 3.6897173889 
2.14875 15.9959997443 1.3713847948 3.2033873833 
2.15625 15.8017497567 1.1851312318 2.8276815354 
2.16375 15.9814659689 1.3937324973 3.8405073259 
2.17125 16.7939964588 1.3431096069 3.6499772523 
2.17875 15.5177943652 1.4764305662 3.0343193706 
2.18625 15.8362351321 1.4562055294 3.984340129 
2.19375 15.0853536746 1.3056564432 3.8968823074 
2.20125 15.2819882629 1.3666007781 2.8728541904 
2.20875 15.0793063608 1.3771508437 3.70542745 
2.21625 14.7609259638 1.5449769175 3.9559281583 
2.22375 14.9547566891 1.3488604073 3.1082435472 
2.23125 14.6213795401 1.3300989356 3.1844704443 
2.23875 14.4464275552 1.3597772265 3.047443997 
2.24625 15.0206846762 1.2644964141 3.4486265838 
2.25375 14.5592768758 1.3607690152 3.5589343474 
2.26125 14.1036499349 1.6258899389 3.3274026656 
2.26875 14.3673941145 1.3803966894 3.4932487651 
2.27625 14.7952779041 1.5392313078 3.2090640599 
2.28375 13.9939297957 1.3993929796 4.31865648 
2.29125 13.5894308588 1.6204199398 3.1855982907 
2.29875 14.177775103 1.4360714137 3.4209599281 
2.30625 13.7767350455 1.5085343124 3.5077966541 
2.31375 13.3805884878 1.4897416333 4.0268167784 
2.32125 13.7069048339 1.668510667 3.2652574343 
2.32875 13.7613626348 1.363658344 3.2264334675 
2.33625 13.3012110819 1.4523293059 3.7193799297 
2.34375 12.3363115115 1.3374603065 3.6076231952 
2.35125 13.3943312322 1.495059165 3.7070472862 
2.35875 13.0312873491 1.5290043823 3.4228848104 
2.36625 11.6539300108 1.3984716013 3.4184861365 
2.37375 12.5068361938 1.4411169277 3.5684800114 
2.38125 12.9225764704 1.3979568213 3.3244095142 
2.38875 13.2312089278 1.3298974402 3.5068633138 
2.39625 12.2057269564 1.6414598321 3.350261606 
2.40375 11.878720183 1.4304655995 3.6974607894 
2.41125 12.187353085 1.5213408012 3.4916018388 
2.41875 12.5249829453 1.3384216604 3.5360769793 
2.42625 11.6758473492 1.3712141402 3.859105664 
2.43375 11.7508822363 1.5912653028 3.6231886895 
2.44125 12.1491869162 1.2814229191 3.3414319155 
2.44875 10.7045666882 1.3783741745 3.8852418251 
2.45625 11.2161243976 1.4741192065 3.8935974695 
2.46375 10.9090570209 1.2581248243 3.5832669047 
2.47125 11.5710808793 1.4087909689 4.0522526745 
2.47875 11.2022293018 1.3766784605 3.6344311358 
2.48625 11.4631586555 1.532591471 3.2528472037 
2.49375 11.8295644191 1.5311591265 3.699653524 
2.50125 11.0788549711 1.4601838142 3.8165651016 
2.50875 11.5195740067 1.4284271768 3.409793906 
2.51625 11.0540371325 1.3970226487 3.3894975738 
2.52375 11.1705634838 1.4797961137 3.4300915046 
2.53125 11.0441153116 1.380514414 3.2438316831 
2.53875 10.7389812442 1.4323641185 3.6146570948 
2.54625 10.9441972577 1.438848822 3.6977669209 
2.55375 11.0727063021 1.6675762503 3.6167876007 
2.56125 10.9932176021 1.5473027456 3.5219557733 
2.56875 10.9437676815 1.4577039951 3.560020812 
2.57625 10.9238366515 1.6385754977 3.481062613 
2.58375 10.7591454779 1.5421924541 3.3305564736 
2.59125 10.9560996488 1.4756901629 3.3400987103 
2.59875 10.5780443255 1.4671847677 3.2206494902 
2.60625 11.3142282171 1.6579969651 3.5579334016 
2.61375 11.3342914707 1.5635945162 3.1554893857 
2.62125 10.5379196959 1.6109369896 3.362567166 
2.62875 10.8555818322 1.3849260327 3.0356459505 
2.63625 10.7382638834 1.6135215162 2.7680239803 
2.64375 10.5529462834 1.7634346673 3.3332372927 
2.65125 11.4285102296 1.5884391474 3.6582234911 
2.65875 11.1863463075 1.4222249584 3.2136813964 
2.66625 10.9331240491 1.4890262231 3.1956270542 
2.67375 10.5338184248 1.4874454772 3.1642021969 
2.68125 11.0262846639 1.6136026337 3.4961390398 
2.68875 10.7107932925 1.584555562 3.1289957933 
2.69625 11.0768087007 1.5624550088 3.3110748697 
2.70375 11.6634086438 1.5405749512 3.3720739276 
2.71125 10.6652661452 1.5583650286 3.4718005701 
2.71875 10.9596187037 1.6086313849 3.5049854566 
2.72625 11.1205107407 1.56727666 2.9914824215 
2.73375 10.9043544606 1.6686378712 2.7293224095 
2.74125 10.7547165188 1.6273584206 3.2804458281 
2.74875 11.361415999 1.6504759728 2.9171203241 
2.75625 10.2816810978 1.6860430018 3.2321126223 
2.76375 11.5801335132 1.6958884052 2.6324237932 
2.77125 11.1525016152 1.6552527792 3.134280928 
2.77875 10.6541938717 1.4209765034 2.9671491746 
2.78625 10.7463410838 1.5938953172 3.2625044773 
2.79375 11.3575391922 1.4119514372 3.1211558086 
2.80125 11.1489721586 1.4906360566 3.1907003194 
2.80875 11.3713439943 1.5133200251 2.5977639297 
2.81625 11.6033804615 1.6149662932 2.8886566905 
2.82375 11.238730088 1.7397602671 3.2612927656 
2.83125 11.4807565011 1.8390917714 3.1596199614 
2.83875 11.3601922791 1.6554451262 3.1789344815 
2.84625 10.9304838116 1.742195018 2.9593449621 
2.85375 11.0274187167 1.5668668144 3.3948780979 
2.86125 11.4065817304 1.6117995923 2.7630850154 
2.86875 11.6641701329 1.6268756933 2.9835843039 
2.87625 10.7971394877 1.6476154413 3.1199526442 
2.88375 11.066536959 1.737864785 3.0921206209 
2.89125 11.4255117097 1.6652567674 3.3767706672 
2.89875 12.022222881 1.5588623927 3.0026795904 
2.90625 11.2964301542 1.5222139924 3.0902088568 
2.91375 11.4091465572 1.8730584917 3.1312527976 
2.92125 11.2600143837 1.8521251023 2.6734038175 
2.92875 12.7013336832 1.5101851939 3.0992606592 
2.93625 10.9770753755 1.7491560353 3.0273854457 
2.94375 10.9769899051 1.7458322359 2.9450460721 
2.95125 11.5206072115 1.6204322282 2.9744920353 
2.95875 11.2745500252 1.6840047785 3.0698578913 
2.96625 11.2835292752 1.7194472557 2.5489569541 
2.97375 11.7951251876 1.5905381972 3.0061718504 
2.98125 11.0723806179 1.6206136661 3.0563251018 
2.98875 11.2549658967 1.6774228019 3.0518272912 
2.99625 10.3910932628 1.6744196916 3.015032242 
