# Radial distribution function (180 data points):
# "Pair separation distance" 0-0 0-1 1-1
0.0080555556 0.0 0.0 0.0 
0.0241666667 0.0 0.0 0.0 
0.0402777778 0.0 0.0 0.0 
0.0563888889 0.0 0.0 0.0 
0.0725 0.0 0.0 0.0 
0.0886111111 0.0 0.0 0.0 
0.1047222222 0.0 0.0 0.0 
0.1208333333 0.0 0.0 0.0 
0.1369444444 0.0 0.0 0.0 
0.1530555556 0.0 0.0 0.0 
0.1691666667 0.0 0.0 0.0 
0.1852777778 0.0 0.0 0.0 
0.2013888889 0.0 0.0 0.0 
0.2175 0.0 0.0 0.0 
0.2336111111 0.0 0.0 0.0 
0.2497222222 0.0 0.0 0.0 
0.2658333333 0.0 0.0 0.0 
0.2819444444 0.0 0.0 0.0 
0.2980555556 0.0 0.0 0.0 
0.3141666667 0.0 0.0 0.0 
0.3302777778 0.0 0.0 0.0 
0.3463888889 0.0 0.0 0.0 
0.3625 0.0 0.0 0.0 
0.3786111111 0.0 0.0 0.0 
0.3947222222 0.0 0.0 0.0 
0.4108333333 0.0 0.0 0.0 
0.4269444444 0.0 0.0 0.0 
0.4430555556 0.0 0.0 0.0 
0.4591666667 0.0 0.0 0.0 
0.4752777778 0.0 0.0 0.0 
0.4913888889 0.0 0.0 0.0 
0.5075 0.0 0.0 0.0 
0.5236111111 0.0 0.0 0.0 
0.5397222222 0.0 0.0 0.0 
0.5558333333 0.0 0.0 0.0 
0.5719444444 0.0 0.0 0.0 
0.5880555556 0.0 0.0 0.0 
0.6041666667 0.0 0.0 0.0 
0.6202777778 0.0 0.0 0.0 
0.6363888889 0.0 0.0 0.0 
0.6525 0.0 0.0 0.0 
0.6686111111 0.0 0.0 0.0 
0.6847222222 0.0 0.0 0.0 
0.7008333333 0.0 0.0 0.0 
0.7169444444 0.0 0.0 0.0 
0.7330555556 0.0 0.0 0.0 
0.7491666667 0.0 0.0 0.0 
0.7652777778 0.0 0.0 0.0 
0.7813888889 0.0 0.0 0.0 
0.7975 0.0 0.0 0.0 
0.8136111111 0.0 0.0 0.0 
0.8297222222 0.0 0.0 0.0 
0.8458333333 0.0 0.0 0.0 
0.8619444444 0.0 0.0 0.0 
0.8780555556 0.0 0.0 0.0 
0.8941666667 0.0194648379 0.0 0.0 
0.9102777778 0.187819324 0.0 0.0 
0.9263888889 0.6528364147 0.0 0.0 
0.9425 2.4352356828 0.0 0.0 
0.9586111111 5.4871819579 0.0 0.0 
0.9747222222 8.7963429795 0.0 0.0 
0.9908333333 13.2682658178 0.0158521694 0.0 
1.0069444444 18.9713255656 0.0076744845 0.0 
1.0230555556 21.9471654364 0.0594774131 0.0 
1.0391666667 25.7828378837 0.0864712282 0.0 
1.0552777778 26.9581259381 0.2236029108 0.0 
1.0713888889 26.5602077295 0.3864042472 0.0 
1.0875 25.9238346755 0.559270545 0.0131593069 
1.1036111111 24.6485784577 0.8369527677 0.0638895243 
1.1197222222 23.9443819577 1.2040461638 0.3599725644 
1.1358333333 22.1480587658 1.4415539338 1.1580684322 
1.1519444444 19.2810711007 1.4660181798 2.7209297417 
1.1680555556 18.2395479723 1.4087455751 4.4600770839 
1.1841666667 15.8487617134 1.4705608733 7.2362693537 
1.2002777778 14.3782984883 1.5447758706 8.9445763699 
1.2163888889 12.4432262601 1.5935323571 11.5807202979 
1.2325 11.8024435103 1.4599376738 13.2777489491 
1.2486111111 10.7810939517 1.4374791936 13.735912294 
1.2647222222 8.9319441839 1.3281158836 14.4584630254 
1.2808333333 8.7276304658 1.233252131 14.3436709394 
1.2969444444 7.6516777207 1.1149058831 14.3226083575 
1.3130555556 7.1942605295 0.9658542994 12.0054786753 
1.3291666667 7.1090051049 1.0879332472 11.6897766719 
1.3452777778 5.8218234728 1.0147343719 10.8266997818 
1.3613888889 5.8191996007 0.9026896927 9.7490486816 
1.3775 6.2333988695 0.7750739384 8.8743915484 
1.3936111111 5.817656495 0.8013300957 8.2857531898 
1.4097222222 4.9571422635 0.8496839425 7.7058893954 
1.4258333333 5.1443039004 0.7157625219 6.9662448651 
1.4419444444 4.9626248449 0.767223298 6.324914018 
1.4580555556 4.4655685816 0.7137589126 5.8930864069 
1.4741666667 4.6191462137 0.7054044993 5.4641993195 
1.4902777778 4.7720822723 0.6937388325 5.276619605 
1.5063888889 4.6842692256 0.7338459841 5.0134711624 
1.5225 4.2298151226 0.701612191 4.6460826427 
1.5386111111 4.6150340172 0.7625982137 4.5558669144 
1.5547222222 4.5263206612 0.7243400774 4.2623389441 
1.5708333333 4.5222505784 0.6685614523 4.2888847884 
1.5869444444 4.6719061511 0.599437694 4.1033673073 
1.6030555556 4.9660666174 0.6328706848 3.8396173603 
1.6191666667 4.8974132021 0.6589246854 3.9357393369 
1.6352777778 5.0050838731 0.7216632561 3.6083162806 
1.6513888889 5.1875370738 0.7418919908 3.7836491528 
1.6675 5.1661394953 0.7024382521 3.503795584 
1.6836111111 5.5399236192 0.6204275213 3.5029447661 
1.6997222222 5.6131681706 0.743394633 3.3452758483 
1.7158333333 5.931150666 0.6739943939 3.0025789468 
1.7319444444 6.2104432261 0.6796725669 3.2219592677 
1.7480555556 6.7738815178 0.7512387398 3.4276859109 
1.7641666667 7.0257642561 0.7300794174 2.965322565 
1.7802777778 6.9531922767 0.7267460854 3.0248350582 
1.7963888889 7.4511677985 0.7113574435 3.0528085543 
1.8125 7.5277380576 0.786409388 3.1172131164 
1.8286111111 7.623736385 0.7400330191 3.2533527064 
1.8447222222 8.1268491731 0.7728967418 3.0870136139 
1.8608333333 8.3283169308 0.7955273053 3.065252103 
1.8769444444 8.3582454499 0.7730935273 2.9112493401 
1.8930555556 8.746405686 0.7947329893 2.9921914189 
1.9091666667 8.7018863605 0.8475586077 3.287758831 
1.9252777778 8.5316663782 0.9111080729 2.9306609901 
1.9413888889 8.952229296 0.8692086102 2.985452851 
1.9575 9.0369840057 0.970714237 3.2248832811 
1.9736111111 9.3655119857 0.9948858722 3.1284965379 
1.9897222222 8.9235584972 0.9454254707 3.3964557452 
2.0058333333 9.0283486036 0.9999263556 3.1989907006 
2.0219444444 9.2504962183 1.0754177702 3.2814517449 
2.0380555556 9.4720125052 1.1596471006 3.3271942661 
2.0541666667 9.3203270473 1.0751386364 3.2088185719 
2.0702777778 9.0814197678 1.1837436403 3.3369951086 
2.0863888889 8.8702033294 1.1351429089 3.4322431263 
2.1025 9.0129159826 1.2181519258 3.5629183494 
2.1186111111 8.7099275454 1.2152984095 3.4499912053 
2.1347222222 8.6438422608 1.2482514209 3.4698315832 
2.1508333333 8.3668065743 1.1488799538 3.7511014597 
2.1669444444 8.2892574494 1.2511774039 3.7783900409 
2.1830555556 8.4318754367 1.3127861834 3.8599832557 
2.1991666667 7.7520766931 1.2904037999 3.8486856475 
2.2152777778 7.5128766066 1.4001414191 3.9895309291 
2.2313888889 7.1891063505 1.3831215479 3.9977682706 
2.2475 6.9107869488 1.3156067887 4.1224400078 
2.2636111111 6.7702404371 1.3546555563 4.3130289012 
2.2797222222 6.4832343327 1.3056305631 4.1804134543 
2.2958333333 6.5283846867 1.36856911 4.3050135112 
2.3119444444 6.3503638851 1.3874132926 4.2859860793 
2.3280555556 6.119198311 1.4587295833 4.4967923768 
2.3441666667 5.8512833143 1.3523658192 4.6192851334 
2.3602777778 5.7688816066 1.3870458681 4.4726292747 
2.3763888889 5.6523423995 1.3476330733 4.4948661402 
2.3925 5.7504830681 1.3744062368 4.6520456404 
2.4086111111 5.4189590686 1.2997453806 4.6222111263 
2.4247222222 5.6807231667 1.3619441143 4.6086388785 
2.4408333333 5.3134012292 1.3048396824 4.5636735238 
2.4569444444 5.3470717812 1.330322584 4.8159740055 
2.4730555556 5.4633906442 1.314318243 4.8272249893 
2.4891666667 5.5436059888 1.3187100789 4.6720014223 
2.5052777778 5.3510334114 1.3067630249 4.6914528334 
2.5213888889 5.4885035901 1.20810728 4.5558007053 
2.5375 5.5084607057 1.2786203218 4.4908819619 
2.5536111111 5.5083856288 1.2899837229 4.5394061811 
2.5697222222 5.4654566884 1.3257090933 4.5698665454 
2.5858333333 5.418511549 1.2906205558 4.3175854482 
2.6019444444 5.6918402862 1.2758365747 4.2780754332 
2.6180555556 5.8626861098 1.2454234435 4.2823493428 
2.6341666667 5.8024053738 1.2638791759 4.0820942328 
2.6502777778 6.0422752009 1.2950897891 4.1854997633 
2.6663888889 5.9869898093 1.2532181593 3.9665175629 
2.6825 5.9650348654 1.2695705098 3.9428058592 
2.6986111111 6.0778109206 1.3548987777 3.8595381585 
2.7147222222 6.0650146782 1.2385554 3.9490172173 
2.7308333333 6.1564429167 1.3178961701 3.8900371515 
2.7469444444 6.457754962 1.341670266 3.7909146024 
2.7630555556 6.5212862917 1.3219925477 3.6632546002 
2.7791666667 6.3914922898 1.3782410865 3.4859021631 
2.7952777778 6.509241627 1.2847187422 3.533474494 
2.8113888889 6.7695893852 1.2897268899 3.621080535 
2.8275 6.828930202 1.3578046796 3.5974523983 
2.8436111111 6.6112665315 1.3434247566 3.3816580192 
2.8597222222 6.8091198516 1.3911309702 3.3531775233 
2.8758333333 6.7782040325 1.4442730691 3.6186802761 
2.8919444444 6.5130816261 1.4514867624 3.3979677284 
