# Cluster list (5522 data points):
# "Cluster Identifier" "Cluster Size"
1 24 
2 24 
3 23 
4 22 
5 21 
6 20 
7 20 
8 19 
9 19 
10 18 
11 18 
12 18 
13 18 
14 17 
15 16 
16 16 
17 15 
18 15 
19 15 
20 15 
21 15 
22 14 
23 14 
24 14 
25 14 
26 14 
27 14 
28 14 
29 14 
30 13 
31 13 
32 13 
33 13 
34 13 
35 13 
36 13 
37 12 
38 12 
39 12 
40 12 
41 12 
42 12 
43 12 
44 12 
45 12 
46 12 
47 12 
48 12 
49 12 
50 12 
51 12 
52 12 
53 11 
54 11 
55 11 
56 11 
57 11 
58 11 
59 11 
60 11 
61 11 
62 11 
63 11 
64 11 
65 11 
66 11 
67 11 
68 11 
69 11 
70 11 
71 11 
72 11 
73 11 
74 11 
75 11 
76 11 
77 10 
78 10 
79 10 
80 10 
81 10 
82 10 
83 10 
84 10 
85 10 
86 10 
87 10 
88 10 
89 10 
90 10 
91 10 
92 10 
93 10 
94 10 
95 10 
96 10 
97 10 
98 10 
99 10 
100 10 
101 10 
102 10 
103 9 
104 9 
105 9 
106 9 
107 9 
108 9 
109 9 
110 9 
111 9 
112 9 
113 9 
114 9 
115 9 
116 9 
117 9 
118 9 
119 9 
120 9 
121 9 
122 9 
123 9 
124 9 
125 9 
126 9 
127 9 
128 9 
129 9 
130 9 
131 9 
132 9 
133 9 
134 9 
135 9 
136 9 
137 9 
138 9 
139 9 
140 9 
141 9 
142 9 
143 9 
144 9 
145 8 
146 8 
147 8 
148 8 
149 8 
150 8 
151 8 
152 8 
153 8 
154 8 
155 8 
156 8 
157 8 
158 8 
159 8 
160 8 
161 8 
162 8 
163 8 
164 8 
165 8 
166 8 
167 8 
168 8 
169 8 
170 8 
171 8 
172 8 
173 8 
174 8 
175 8 
176 8 
177 8 
178 8 
179 8 
180 8 
181 8 
182 8 
183 8 
184 8 
185 8 
186 8 
187 8 
188 8 
189 8 
190 8 
191 8 
192 8 
193 8 
194 8 
195 8 
196 8 
197 8 
198 8 
199 8 
200 8 
201 8 
202 8 
203 8 
204 8 
205 8 
206 8 
207 8 
208 8 
209 8 
210 8 
211 7 
212 7 
213 7 
214 7 
215 7 
216 7 
217 7 
218 7 
219 7 
220 7 
221 7 
222 7 
223 7 
224 7 
225 7 
226 7 
227 7 
228 7 
229 7 
230 7 
231 7 
232 7 
233 7 
234 7 
235 7 
236 7 
237 7 
238 7 
239 7 
240 7 
241 7 
242 7 
243 7 
244 7 
245 7 
246 7 
247 7 
248 7 
249 7 
250 7 
251 7 
252 7 
253 7 
254 7 
255 7 
256 7 
257 7 
258 7 
259 7 
260 7 
261 7 
262 7 
263 7 
264 7 
265 7 
266 7 
267 7 
268 7 
269 7 
270 7 
271 7 
272 7 
273 7 
274 7 
275 7 
276 7 
277 7 
278 7 
279 7 
280 7 
281 7 
282 7 
283 7 
284 7 
285 7 
286 7 
287 7 
288 7 
289 7 
290 7 
291 7 
292 7 
293 7 
294 7 
295 7 
296 7 
297 7 
298 7 
299 7 
300 7 
301 7 
302 7 
303 7 
304 7 
305 7 
306 7 
307 7 
308 7 
309 7 
310 7 
311 7 
312 7 
313 7 
314 7 
315 7 
316 7 
317 6 
318 6 
319 6 
320 6 
321 6 
322 6 
323 6 
324 6 
325 6 
326 6 
327 6 
328 6 
329 6 
330 6 
331 6 
332 6 
333 6 
334 6 
335 6 
336 6 
337 6 
338 6 
339 6 
340 6 
341 6 
342 6 
343 6 
344 6 
345 6 
346 6 
347 6 
348 6 
349 6 
350 6 
351 6 
352 6 
353 6 
354 6 
355 6 
356 6 
357 6 
358 6 
359 6 
360 6 
361 6 
362 6 
363 6 
364 6 
365 6 
366 6 
367 6 
368 6 
369 6 
370 6 
371 6 
372 6 
373 6 
374 6 
375 6 
376 6 
377 6 
378 6 
379 6 
380 6 
381 6 
382 6 
383 6 
384 6 
385 6 
386 6 
387 6 
388 6 
389 6 
390 6 
391 6 
392 6 
393 6 
394 6 
395 6 
396 6 
397 6 
398 6 
399 6 
400 6 
401 6 
402 6 
403 6 
404 6 
405 6 
406 6 
407 6 
408 6 
409 6 
410 6 
411 6 
412 6 
413 6 
414 6 
415 6 
416 6 
417 6 
418 6 
419 6 
420 6 
421 6 
422 6 
423 6 
424 6 
425 6 
426 6 
427 6 
428 6 
429 6 
430 6 
431 6 
432 6 
433 6 
434 6 
435 6 
436 6 
437 6 
438 6 
439 6 
440 6 
441 6 
442 6 
443 6 
444 6 
445 6 
446 6 
447 6 
448 6 
449 6 
450 6 
451 6 
452 6 
453 6 
454 6 
455 6 
456 6 
457 6 
458 6 
459 6 
460 6 
461 6 
462 6 
463 6 
464 6 
465 6 
466 6 
467 6 
468 6 
469 6 
470 6 
471 6 
472 6 
473 6 
474 6 
475 6 
476 6 
477 6 
478 6 
479 6 
480 6 
481 6 
482 6 
483 6 
484 6 
485 6 
486 6 
487 6 
488 6 
489 6 
490 6 
491 6 
492 6 
493 6 
494 6 
495 6 
496 6 
497 6 
498 6 
499 6 
500 6 
501 6 
502 6 
503 6 
504 6 
505 6 
506 6 
507 6 
508 6 
509 6 
510 5 
511 5 
512 5 
513 5 
514 5 
515 5 
516 5 
517 5 
518 5 
519 5 
520 5 
521 5 
522 5 
523 5 
524 5 
525 5 
526 5 
527 5 
528 5 
529 5 
530 5 
531 5 
532 5 
533 5 
534 5 
535 5 
536 5 
537 5 
538 5 
539 5 
540 5 
541 5 
542 5 
543 5 
544 5 
545 5 
546 5 
547 5 
548 5 
549 5 
550 5 
551 5 
552 5 
553 5 
554 5 
555 5 
556 5 
557 5 
558 5 
559 5 
560 5 
561 5 
562 5 
563 5 
564 5 
565 5 
566 5 
567 5 
568 5 
569 5 
570 5 
571 5 
572 5 
573 5 
574 5 
575 5 
576 5 
577 5 
578 5 
579 5 
580 5 
581 5 
582 5 
583 5 
584 5 
585 5 
586 5 
587 5 
588 5 
589 5 
590 5 
591 5 
592 5 
593 5 
594 5 
595 5 
596 5 
597 5 
598 5 
599 5 
600 5 
601 5 
602 5 
603 5 
604 5 
605 5 
606 5 
607 5 
608 5 
609 5 
610 5 
611 5 
612 5 
613 5 
614 5 
615 5 
616 5 
617 5 
618 5 
619 5 
620 5 
621 5 
622 5 
623 5 
624 5 
625 5 
626 5 
627 5 
628 5 
629 5 
630 5 
631 5 
632 5 
633 5 
634 5 
635 5 
636 5 
637 5 
638 5 
639 5 
640 5 
641 5 
642 5 
643 5 
644 5 
645 5 
646 5 
647 5 
648 5 
649 5 
650 5 
651 5 
652 5 
653 5 
654 5 
655 5 
656 5 
657 5 
658 5 
659 5 
660 5 
661 5 
662 5 
663 5 
664 5 
665 5 
666 5 
667 5 
668 5 
669 5 
670 5 
671 5 
672 5 
673 5 
674 5 
675 5 
676 5 
677 5 
678 5 
679 5 
680 5 
681 5 
682 5 
683 5 
684 5 
685 5 
686 5 
687 5 
688 5 
689 5 
690 5 
691 5 
692 5 
693 5 
694 5 
695 5 
696 5 
697 5 
698 5 
699 5 
700 5 
701 5 
702 5 
703 5 
704 5 
705 5 
706 5 
707 5 
708 5 
709 5 
710 5 
711 5 
712 5 
713 5 
714 5 
715 5 
716 5 
717 5 
718 5 
719 5 
720 5 
721 5 
722 5 
723 5 
724 5 
725 5 
726 5 
727 5 
728 5 
729 5 
730 5 
731 5 
732 5 
733 5 
734 5 
735 5 
736 5 
737 5 
738 5 
739 5 
740 5 
741 5 
742 5 
743 5 
744 5 
745 5 
746 5 
747 5 
748 5 
749 5 
750 5 
751 5 
752 5 
753 5 
754 5 
755 5 
756 5 
757 5 
758 5 
759 5 
760 5 
761 5 
762 5 
763 5 
764 5 
765 5 
766 5 
767 5 
768 5 
769 5 
770 5 
771 5 
772 5 
773 5 
774 5 
775 5 
776 5 
777 5 
778 5 
779 5 
780 5 
781 5 
782 5 
783 5 
784 5 
785 5 
786 5 
787 5 
788 5 
789 5 
790 5 
791 5 
792 5 
793 5 
794 5 
795 5 
796 5 
797 5 
798 5 
799 5 
800 5 
801 5 
802 5 
803 5 
804 5 
805 5 
806 5 
807 5 
808 5 
809 5 
810 5 
811 5 
812 5 
813 5 
814 5 
815 5 
816 5 
817 5 
818 5 
819 5 
820 5 
821 5 
822 5 
823 5 
824 5 
825 5 
826 5 
827 5 
828 5 
829 5 
830 5 
831 5 
832 5 
833 5 
834 5 
835 5 
836 5 
837 5 
838 4 
839 4 
840 4 
841 4 
842 4 
843 4 
844 4 
845 4 
846 4 
847 4 
848 4 
849 4 
850 4 
851 4 
852 4 
853 4 
854 4 
855 4 
856 4 
857 4 
858 4 
859 4 
860 4 
861 4 
862 4 
863 4 
864 4 
865 4 
866 4 
867 4 
868 4 
869 4 
870 4 
871 4 
872 4 
873 4 
874 4 
875 4 
876 4 
877 4 
878 4 
879 4 
880 4 
881 4 
882 4 
883 4 
884 4 
885 4 
886 4 
887 4 
888 4 
889 4 
890 4 
891 4 
892 4 
893 4 
894 4 
895 4 
896 4 
897 4 
898 4 
899 4 
900 4 
901 4 
902 4 
903 4 
904 4 
905 4 
906 4 
907 4 
908 4 
909 4 
910 4 
911 4 
912 4 
913 4 
914 4 
915 4 
916 4 
917 4 
918 4 
919 4 
920 4 
921 4 
922 4 
923 4 
924 4 
925 4 
926 4 
927 4 
928 4 
929 4 
930 4 
931 4 
932 4 
933 4 
934 4 
935 4 
936 4 
937 4 
938 4 
939 4 
940 4 
941 4 
942 4 
943 4 
944 4 
945 4 
946 4 
947 4 
948 4 
949 4 
950 4 
951 4 
952 4 
953 4 
954 4 
955 4 
956 4 
957 4 
958 4 
959 4 
960 4 
961 4 
962 4 
963 4 
964 4 
965 4 
966 4 
967 4 
968 4 
969 4 
970 4 
971 4 
972 4 
973 4 
974 4 
975 4 
976 4 
977 4 
978 4 
979 4 
980 4 
981 4 
982 4 
983 4 
984 4 
985 4 
986 4 
987 4 
988 4 
989 4 
990 4 
991 4 
992 4 
993 4 
994 4 
995 4 
996 4 
997 4 
998 4 
999 4 
1000 4 
1001 4 
1002 4 
1003 4 
1004 4 
1005 4 
1006 4 
1007 4 
1008 4 
1009 4 
1010 4 
1011 4 
1012 4 
1013 4 
1014 4 
1015 4 
1016 4 
1017 4 
1018 4 
1019 4 
1020 4 
1021 4 
1022 4 
1023 4 
1024 4 
1025 4 
1026 4 
1027 4 
1028 4 
1029 4 
1030 4 
1031 4 
1032 4 
1033 4 
1034 4 
1035 4 
1036 4 
1037 4 
1038 4 
1039 4 
1040 4 
1041 4 
1042 4 
1043 4 
1044 4 
1045 4 
1046 4 
1047 4 
1048 4 
1049 4 
1050 4 
1051 4 
1052 4 
1053 4 
1054 4 
1055 4 
1056 4 
1057 4 
1058 4 
1059 4 
1060 4 
1061 4 
1062 4 
1063 4 
1064 4 
1065 4 
1066 4 
1067 4 
1068 4 
1069 4 
1070 4 
1071 4 
1072 4 
1073 4 
1074 4 
1075 4 
1076 4 
1077 4 
1078 4 
1079 4 
1080 4 
1081 4 
1082 4 
1083 4 
1084 4 
1085 4 
1086 4 
1087 4 
1088 4 
1089 4 
1090 4 
1091 4 
1092 4 
1093 4 
1094 4 
1095 4 
1096 4 
1097 4 
1098 4 
1099 4 
1100 4 
1101 4 
1102 4 
1103 4 
1104 4 
1105 4 
1106 4 
1107 4 
1108 4 
1109 4 
1110 4 
1111 4 
1112 4 
1113 4 
1114 4 
1115 4 
1116 4 
1117 4 
1118 4 
1119 4 
1120 4 
1121 4 
1122 4 
1123 4 
1124 4 
1125 4 
1126 4 
1127 4 
1128 4 
1129 4 
1130 4 
1131 4 
1132 4 
1133 4 
1134 4 
1135 4 
1136 4 
1137 4 
1138 4 
1139 4 
1140 4 
1141 4 
1142 4 
1143 4 
1144 4 
1145 4 
1146 4 
1147 4 
1148 4 
1149 4 
1150 4 
1151 4 
1152 4 
1153 4 
1154 4 
1155 4 
1156 4 
1157 4 
1158 4 
1159 4 
1160 4 
1161 4 
1162 4 
1163 4 
1164 4 
1165 4 
1166 4 
1167 4 
1168 4 
1169 4 
1170 4 
1171 4 
1172 4 
1173 4 
1174 4 
1175 4 
1176 4 
1177 4 
1178 4 
1179 4 
1180 4 
1181 4 
1182 4 
1183 4 
1184 4 
1185 4 
1186 4 
1187 4 
1188 4 
1189 4 
1190 4 
1191 4 
1192 4 
1193 4 
1194 4 
1195 4 
1196 4 
1197 4 
1198 4 
1199 4 
1200 4 
1201 4 
1202 4 
1203 4 
1204 4 
1205 4 
1206 4 
1207 4 
1208 4 
1209 4 
1210 4 
1211 4 
1212 4 
1213 4 
1214 4 
1215 4 
1216 4 
1217 4 
1218 4 
1219 4 
1220 4 
1221 4 
1222 4 
1223 4 
1224 4 
1225 4 
1226 4 
1227 4 
1228 4 
1229 4 
1230 4 
1231 4 
1232 4 
1233 4 
1234 4 
1235 4 
1236 4 
1237 4 
1238 4 
1239 4 
1240 4 
1241 4 
1242 4 
1243 4 
1244 4 
1245 4 
1246 4 
1247 4 
1248 4 
1249 4 
1250 3 
1251 3 
1252 3 
1253 3 
1254 3 
1255 3 
1256 3 
1257 3 
1258 3 
1259 3 
1260 3 
1261 3 
1262 3 
1263 3 
1264 3 
1265 3 
1266 3 
1267 3 
1268 3 
1269 3 
1270 3 
1271 3 
1272 3 
1273 3 
1274 3 
1275 3 
1276 3 
1277 3 
1278 3 
1279 3 
1280 3 
1281 3 
1282 3 
1283 3 
1284 3 
1285 3 
1286 3 
1287 3 
1288 3 
1289 3 
1290 3 
1291 3 
1292 3 
1293 3 
1294 3 
1295 3 
1296 3 
1297 3 
1298 3 
1299 3 
1300 3 
1301 3 
1302 3 
1303 3 
1304 3 
1305 3 
1306 3 
1307 3 
1308 3 
1309 3 
1310 3 
1311 3 
1312 3 
1313 3 
1314 3 
1315 3 
1316 3 
1317 3 
1318 3 
1319 3 
1320 3 
1321 3 
1322 3 
1323 3 
1324 3 
1325 3 
1326 3 
1327 3 
1328 3 
1329 3 
1330 3 
1331 3 
1332 3 
1333 3 
1334 3 
1335 3 
1336 3 
1337 3 
1338 3 
1339 3 
1340 3 
1341 3 
1342 3 
1343 3 
1344 3 
1345 3 
1346 3 
1347 3 
1348 3 
1349 3 
1350 3 
1351 3 
1352 3 
1353 3 
1354 3 
1355 3 
1356 3 
1357 3 
1358 3 
1359 3 
1360 3 
1361 3 
1362 3 
1363 3 
1364 3 
1365 3 
1366 3 
1367 3 
1368 3 
1369 3 
1370 3 
1371 3 
1372 3 
1373 3 
1374 3 
1375 3 
1376 3 
1377 3 
1378 3 
1379 3 
1380 3 
1381 3 
1382 3 
1383 3 
1384 3 
1385 3 
1386 3 
1387 3 
1388 3 
1389 3 
1390 3 
1391 3 
1392 3 
1393 3 
1394 3 
1395 3 
1396 3 
1397 3 
1398 3 
1399 3 
1400 3 
1401 3 
1402 3 
1403 3 
1404 3 
1405 3 
1406 3 
1407 3 
1408 3 
1409 3 
1410 3 
1411 3 
1412 3 
1413 3 
1414 3 
1415 3 
1416 3 
1417 3 
1418 3 
1419 3 
1420 3 
1421 3 
1422 3 
1423 3 
1424 3 
1425 3 
1426 3 
1427 3 
1428 3 
1429 3 
1430 3 
1431 3 
1432 3 
1433 3 
1434 3 
1435 3 
1436 3 
1437 3 
1438 3 
1439 3 
1440 3 
1441 3 
1442 3 
1443 3 
1444 3 
1445 3 
1446 3 
1447 3 
1448 3 
1449 3 
1450 3 
1451 3 
1452 3 
1453 3 
1454 3 
1455 3 
1456 3 
1457 3 
1458 3 
1459 3 
1460 3 
1461 3 
1462 3 
1463 3 
1464 3 
1465 3 
1466 3 
1467 3 
1468 3 
1469 3 
1470 3 
1471 3 
1472 3 
1473 3 
1474 3 
1475 3 
1476 3 
1477 3 
1478 3 
1479 3 
1480 3 
1481 3 
1482 3 
1483 3 
1484 3 
1485 3 
1486 3 
1487 3 
1488 3 
1489 3 
1490 3 
1491 3 
1492 3 
1493 3 
1494 3 
1495 3 
1496 3 
1497 3 
1498 3 
1499 3 
1500 3 
1501 3 
1502 3 
1503 3 
1504 3 
1505 3 
1506 3 
1507 3 
1508 3 
1509 3 
1510 3 
1511 3 
1512 3 
1513 3 
1514 3 
1515 3 
1516 3 
1517 3 
1518 3 
1519 3 
1520 3 
1521 3 
1522 3 
1523 3 
1524 3 
1525 3 
1526 3 
1527 3 
1528 3 
1529 3 
1530 3 
1531 3 
1532 3 
1533 3 
1534 3 
1535 3 
1536 3 
1537 3 
1538 3 
1539 3 
1540 3 
1541 3 
1542 3 
1543 3 
1544 3 
1545 3 
1546 3 
1547 3 
1548 3 
1549 3 
1550 3 
1551 3 
1552 3 
1553 3 
1554 3 
1555 3 
1556 3 
1557 3 
1558 3 
1559 3 
1560 3 
1561 3 
1562 3 
1563 3 
1564 3 
1565 3 
1566 3 
1567 3 
1568 3 
1569 3 
1570 3 
1571 3 
1572 3 
1573 3 
1574 3 
1575 3 
1576 3 
1577 3 
1578 3 
1579 3 
1580 3 
1581 3 
1582 3 
1583 3 
1584 3 
1585 3 
1586 3 
1587 3 
1588 3 
1589 3 
1590 3 
1591 3 
1592 3 
1593 3 
1594 3 
1595 3 
1596 3 
1597 3 
1598 3 
1599 3 
1600 3 
1601 3 
1602 3 
1603 3 
1604 3 
1605 3 
1606 3 
1607 3 
1608 3 
1609 3 
1610 3 
1611 3 
1612 3 
1613 3 
1614 3 
1615 3 
1616 3 
1617 3 
1618 3 
1619 3 
1620 3 
1621 3 
1622 3 
1623 3 
1624 3 
1625 3 
1626 3 
1627 3 
1628 3 
1629 3 
1630 3 
1631 3 
1632 3 
1633 3 
1634 3 
1635 3 
1636 3 
1637 3 
1638 3 
1639 3 
1640 3 
1641 3 
1642 3 
1643 3 
1644 3 
1645 3 
1646 3 
1647 3 
1648 3 
1649 3 
1650 3 
1651 3 
1652 3 
1653 3 
1654 3 
1655 3 
1656 3 
1657 3 
1658 3 
1659 3 
1660 3 
1661 3 
1662 3 
1663 3 
1664 3 
1665 3 
1666 3 
1667 3 
1668 3 
1669 3 
1670 3 
1671 3 
1672 3 
1673 3 
1674 3 
1675 3 
1676 3 
1677 3 
1678 3 
1679 3 
1680 3 
1681 3 
1682 3 
1683 3 
1684 3 
1685 3 
1686 3 
1687 3 
1688 3 
1689 3 
1690 3 
1691 3 
1692 3 
1693 3 
1694 3 
1695 3 
1696 3 
1697 3 
1698 3 
1699 3 
1700 3 
1701 3 
1702 3 
1703 3 
1704 3 
1705 3 
1706 3 
1707 3 
1708 3 
1709 3 
1710 3 
1711 3 
1712 3 
1713 3 
1714 3 
1715 3 
1716 3 
1717 3 
1718 3 
1719 3 
1720 3 
1721 3 
1722 3 
1723 3 
1724 3 
1725 3 
1726 3 
1727 3 
1728 3 
1729 3 
1730 3 
1731 3 
1732 3 
1733 3 
1734 3 
1735 3 
1736 3 
1737 3 
1738 3 
1739 3 
1740 3 
1741 3 
1742 3 
1743 3 
1744 3 
1745 3 
1746 3 
1747 3 
1748 3 
1749 3 
1750 3 
1751 3 
1752 3 
1753 3 
1754 3 
1755 3 
1756 3 
1757 3 
1758 3 
1759 3 
1760 3 
1761 3 
1762 3 
1763 3 
1764 3 
1765 3 
1766 3 
1767 3 
1768 3 
1769 3 
1770 3 
1771 3 
1772 3 
1773 3 
1774 3 
1775 3 
1776 3 
1777 3 
1778 3 
1779 3 
1780 3 
1781 3 
1782 3 
1783 3 
1784 3 
1785 3 
1786 3 
1787 3 
1788 3 
1789 3 
1790 3 
1791 3 
1792 3 
1793 3 
1794 3 
1795 3 
1796 3 
1797 3 
1798 3 
1799 3 
1800 3 
1801 3 
1802 3 
1803 3 
1804 3 
1805 3 
1806 3 
1807 3 
1808 3 
1809 3 
1810 3 
1811 3 
1812 3 
1813 3 
1814 3 
1815 3 
1816 3 
1817 3 
1818 3 
1819 3 
1820 3 
1821 3 
1822 3 
1823 3 
1824 3 
1825 3 
1826 3 
1827 3 
1828 3 
1829 3 
1830 2 
1831 2 
1832 2 
1833 2 
1834 2 
1835 2 
1836 2 
1837 2 
1838 2 
1839 2 
1840 2 
1841 2 
1842 2 
1843 2 
1844 2 
1845 2 
1846 2 
1847 2 
1848 2 
1849 2 
1850 2 
1851 2 
1852 2 
1853 2 
1854 2 
1855 2 
1856 2 
1857 2 
1858 2 
1859 2 
1860 2 
1861 2 
1862 2 
1863 2 
1864 2 
1865 2 
1866 2 
1867 2 
1868 2 
1869 2 
1870 2 
1871 2 
1872 2 
1873 2 
1874 2 
1875 2 
1876 2 
1877 2 
1878 2 
1879 2 
1880 2 
1881 2 
1882 2 
1883 2 
1884 2 
1885 2 
1886 2 
1887 2 
1888 2 
1889 2 
1890 2 
1891 2 
1892 2 
1893 2 
1894 2 
1895 2 
1896 2 
1897 2 
1898 2 
1899 2 
1900 2 
1901 2 
1902 2 
1903 2 
1904 2 
1905 2 
1906 2 
1907 2 
1908 2 
1909 2 
1910 2 
1911 2 
1912 2 
1913 2 
1914 2 
1915 2 
1916 2 
1917 2 
1918 2 
1919 2 
1920 2 
1921 2 
1922 2 
1923 2 
1924 2 
1925 2 
1926 2 
1927 2 
1928 2 
1929 2 
1930 2 
1931 2 
1932 2 
1933 2 
1934 2 
1935 2 
1936 2 
1937 2 
1938 2 
1939 2 
1940 2 
1941 2 
1942 2 
1943 2 
1944 2 
1945 2 
1946 2 
1947 2 
1948 2 
1949 2 
1950 2 
1951 2 
1952 2 
1953 2 
1954 2 
1955 2 
1956 2 
1957 2 
1958 2 
1959 2 
1960 2 
1961 2 
1962 2 
1963 2 
1964 2 
1965 2 
1966 2 
1967 2 
1968 2 
1969 2 
1970 2 
1971 2 
1972 2 
1973 2 
1974 2 
1975 2 
1976 2 
1977 2 
1978 2 
1979 2 
1980 2 
1981 2 
1982 2 
1983 2 
1984 2 
1985 2 
1986 2 
1987 2 
1988 2 
1989 2 
1990 2 
1991 2 
1992 2 
1993 2 
1994 2 
1995 2 
1996 2 
1997 2 
1998 2 
1999 2 
2000 2 
2001 2 
2002 2 
2003 2 
2004 2 
2005 2 
2006 2 
2007 2 
2008 2 
2009 2 
2010 2 
2011 2 
2012 2 
2013 2 
2014 2 
2015 2 
2016 2 
2017 2 
2018 2 
2019 2 
2020 2 
2021 2 
2022 2 
2023 2 
2024 2 
2025 2 
2026 2 
2027 2 
2028 2 
2029 2 
2030 2 
2031 2 
2032 2 
2033 2 
2034 2 
2035 2 
2036 2 
2037 2 
2038 2 
2039 2 
2040 2 
2041 2 
2042 2 
2043 2 
2044 2 
2045 2 
2046 2 
2047 2 
2048 2 
2049 2 
2050 2 
2051 2 
2052 2 
2053 2 
2054 2 
2055 2 
2056 2 
2057 2 
2058 2 
2059 2 
2060 2 
2061 2 
2062 2 
2063 2 
2064 2 
2065 2 
2066 2 
2067 2 
2068 2 
2069 2 
2070 2 
2071 2 
2072 2 
2073 2 
2074 2 
2075 2 
2076 2 
2077 2 
2078 2 
2079 2 
2080 2 
2081 2 
2082 2 
2083 2 
2084 2 
2085 2 
2086 2 
2087 2 
2088 2 
2089 2 
2090 2 
2091 2 
2092 2 
2093 2 
2094 2 
2095 2 
2096 2 
2097 2 
2098 2 
2099 2 
2100 2 
2101 2 
2102 2 
2103 2 
2104 2 
2105 2 
2106 2 
2107 2 
2108 2 
2109 2 
2110 2 
2111 2 
2112 2 
2113 2 
2114 2 
2115 2 
2116 2 
2117 2 
2118 2 
2119 2 
2120 2 
2121 2 
2122 2 
2123 2 
2124 2 
2125 2 
2126 2 
2127 2 
2128 2 
2129 2 
2130 2 
2131 2 
2132 2 
2133 2 
2134 2 
2135 2 
2136 2 
2137 2 
2138 2 
2139 2 
2140 2 
2141 2 
2142 2 
2143 2 
2144 2 
2145 2 
2146 2 
2147 2 
2148 2 
2149 2 
2150 2 
2151 2 
2152 2 
2153 2 
2154 2 
2155 2 
2156 2 
2157 2 
2158 2 
2159 2 
2160 2 
2161 2 
2162 2 
2163 2 
2164 2 
2165 2 
2166 2 
2167 2 
2168 2 
2169 2 
2170 2 
2171 2 
2172 2 
2173 2 
2174 2 
2175 2 
2176 2 
2177 2 
2178 2 
2179 2 
2180 2 
2181 2 
2182 2 
2183 2 
2184 2 
2185 2 
2186 2 
2187 2 
2188 2 
2189 2 
2190 2 
2191 2 
2192 2 
2193 2 
2194 2 
2195 2 
2196 2 
2197 2 
2198 2 
2199 2 
2200 2 
2201 2 
2202 2 
2203 2 
2204 2 
2205 2 
2206 2 
2207 2 
2208 2 
2209 2 
2210 2 
2211 2 
2212 2 
2213 2 
2214 2 
2215 2 
2216 2 
2217 2 
2218 2 
2219 2 
2220 2 
2221 2 
2222 2 
2223 2 
2224 2 
2225 2 
2226 2 
2227 2 
2228 2 
2229 2 
2230 2 
2231 2 
2232 2 
2233 2 
2234 2 
2235 2 
2236 2 
2237 2 
2238 2 
2239 2 
2240 2 
2241 2 
2242 2 
2243 2 
2244 2 
2245 2 
2246 2 
2247 2 
2248 2 
2249 2 
2250 2 
2251 2 
2252 2 
2253 2 
2254 2 
2255 2 
2256 2 
2257 2 
2258 2 
2259 2 
2260 2 
2261 2 
2262 2 
2263 2 
2264 2 
2265 2 
2266 2 
2267 2 
2268 2 
2269 2 
2270 2 
2271 2 
2272 2 
2273 2 
2274 2 
2275 2 
2276 2 
2277 2 
2278 2 
2279 2 
2280 2 
2281 2 
2282 2 
2283 2 
2284 2 
2285 2 
2286 2 
2287 2 
2288 2 
2289 2 
2290 2 
2291 2 
2292 2 
2293 2 
2294 2 
2295 2 
2296 2 
2297 2 
2298 2 
2299 2 
2300 2 
2301 2 
2302 2 
2303 2 
2304 2 
2305 2 
2306 2 
2307 2 
2308 2 
2309 2 
2310 2 
2311 2 
2312 2 
2313 2 
2314 2 
2315 2 
2316 2 
2317 2 
2318 2 
2319 2 
2320 2 
2321 2 
2322 2 
2323 2 
2324 2 
2325 2 
2326 2 
2327 2 
2328 2 
2329 2 
2330 2 
2331 2 
2332 2 
2333 2 
2334 2 
2335 2 
2336 2 
2337 2 
2338 2 
2339 2 
2340 2 
2341 2 
2342 2 
2343 2 
2344 2 
2345 2 
2346 2 
2347 2 
2348 2 
2349 2 
2350 2 
2351 2 
2352 2 
2353 2 
2354 2 
2355 2 
2356 2 
2357 2 
2358 2 
2359 2 
2360 2 
2361 2 
2362 2 
2363 2 
2364 2 
2365 2 
2366 2 
2367 2 
2368 2 
2369 2 
2370 2 
2371 2 
2372 2 
2373 2 
2374 2 
2375 2 
2376 2 
2377 2 
2378 2 
2379 2 
2380 2 
2381 2 
2382 2 
2383 2 
2384 2 
2385 2 
2386 2 
2387 2 
2388 2 
2389 2 
2390 2 
2391 2 
2392 2 
2393 2 
2394 2 
2395 2 
2396 2 
2397 2 
2398 2 
2399 2 
2400 2 
2401 2 
2402 2 
2403 2 
2404 2 
2405 2 
2406 2 
2407 2 
2408 2 
2409 2 
2410 2 
2411 2 
2412 2 
2413 2 
2414 2 
2415 2 
2416 2 
2417 2 
2418 2 
2419 2 
2420 2 
2421 2 
2422 2 
2423 2 
2424 2 
2425 2 
2426 2 
2427 2 
2428 2 
2429 2 
2430 2 
2431 2 
2432 2 
2433 2 
2434 2 
2435 2 
2436 2 
2437 2 
2438 2 
2439 2 
2440 2 
2441 2 
2442 2 
2443 2 
2444 2 
2445 2 
2446 2 
2447 2 
2448 2 
2449 2 
2450 2 
2451 2 
2452 2 
2453 2 
2454 2 
2455 2 
2456 2 
2457 2 
2458 2 
2459 2 
2460 2 
2461 2 
2462 2 
2463 2 
2464 2 
2465 2 
2466 2 
2467 2 
2468 2 
2469 2 
2470 2 
2471 2 
2472 2 
2473 2 
2474 2 
2475 2 
2476 2 
2477 2 
2478 2 
2479 2 
2480 2 
2481 2 
2482 2 
2483 2 
2484 2 
2485 2 
2486 2 
2487 2 
2488 2 
2489 2 
2490 2 
2491 2 
2492 2 
2493 2 
2494 2 
2495 2 
2496 2 
2497 2 
2498 2 
2499 2 
2500 2 
2501 2 
2502 2 
2503 2 
2504 2 
2505 2 
2506 2 
2507 2 
2508 2 
2509 2 
2510 2 
2511 2 
2512 2 
2513 2 
2514 2 
2515 2 
2516 2 
2517 2 
2518 2 
2519 2 
2520 2 
2521 2 
2522 2 
2523 2 
2524 2 
2525 2 
2526 2 
2527 2 
2528 2 
2529 2 
2530 2 
2531 2 
2532 2 
2533 2 
2534 2 
2535 2 
2536 2 
2537 2 
2538 2 
2539 2 
2540 2 
2541 2 
2542 2 
2543 2 
2544 2 
2545 2 
2546 2 
2547 2 
2548 2 
2549 2 
2550 2 
2551 2 
2552 2 
2553 2 
2554 2 
2555 2 
2556 2 
2557 2 
2558 2 
2559 2 
2560 2 
2561 2 
2562 2 
2563 2 
2564 2 
2565 2 
2566 2 
2567 2 
2568 2 
2569 2 
2570 2 
2571 2 
2572 2 
2573 2 
2574 2 
2575 2 
2576 2 
2577 2 
2578 2 
2579 2 
2580 2 
2581 2 
2582 2 
2583 2 
2584 2 
2585 2 
2586 2 
2587 2 
2588 2 
2589 2 
2590 2 
2591 2 
2592 2 
2593 2 
2594 2 
2595 2 
2596 2 
2597 2 
2598 2 
2599 2 
2600 2 
2601 2 
2602 2 
2603 2 
2604 2 
2605 2 
2606 2 
2607 2 
2608 2 
2609 2 
2610 2 
2611 2 
2612 2 
2613 2 
2614 2 
2615 2 
2616 2 
2617 2 
2618 2 
2619 2 
2620 2 
2621 2 
2622 2 
2623 2 
2624 2 
2625 2 
2626 2 
2627 2 
2628 2 
2629 2 
2630 2 
2631 2 
2632 2 
2633 2 
2634 2 
2635 2 
2636 2 
2637 2 
2638 2 
2639 2 
2640 2 
2641 2 
2642 2 
2643 2 
2644 2 
2645 2 
2646 2 
2647 2 
2648 2 
2649 2 
2650 2 
2651 2 
2652 2 
2653 2 
2654 2 
2655 2 
2656 2 
2657 2 
2658 2 
2659 2 
2660 2 
2661 2 
2662 2 
2663 2 
2664 2 
2665 2 
2666 2 
2667 2 
2668 2 
2669 2 
2670 2 
2671 2 
2672 2 
2673 2 
2674 2 
2675 2 
2676 2 
2677 2 
2678 2 
2679 2 
2680 2 
2681 2 
2682 2 
2683 2 
2684 2 
2685 2 
2686 2 
2687 2 
2688 2 
2689 2 
2690 2 
2691 2 
2692 2 
2693 2 
2694 2 
2695 2 
2696 2 
2697 2 
2698 2 
2699 2 
2700 2 
2701 2 
2702 2 
2703 2 
2704 2 
2705 2 
2706 2 
2707 2 
2708 2 
2709 2 
2710 2 
2711 2 
2712 2 
2713 2 
2714 2 
2715 2 
2716 2 
2717 2 
2718 2 
2719 2 
2720 2 
2721 2 
2722 2 
2723 2 
2724 2 
2725 2 
2726 2 
2727 2 
2728 2 
2729 2 
2730 2 
2731 2 
2732 2 
2733 2 
2734 2 
2735 2 
2736 2 
2737 2 
2738 2 
2739 2 
2740 2 
2741 2 
2742 2 
2743 2 
2744 2 
2745 2 
2746 2 
2747 2 
2748 2 
2749 2 
2750 2 
2751 2 
2752 2 
2753 2 
2754 2 
2755 2 
2756 2 
2757 2 
2758 2 
2759 2 
2760 2 
2761 2 
2762 2 
2763 2 
2764 2 
2765 2 
2766 2 
2767 2 
2768 2 
2769 2 
2770 2 
2771 2 
2772 2 
2773 2 
2774 2 
2775 2 
2776 2 
2777 2 
2778 2 
2779 2 
2780 2 
2781 2 
2782 2 
2783 2 
2784 2 
2785 2 
2786 2 
2787 2 
2788 2 
2789 2 
2790 2 
2791 2 
2792 2 
2793 2 
2794 2 
2795 2 
2796 2 
2797 2 
2798 2 
2799 2 
2800 2 
2801 2 
2802 2 
2803 2 
2804 2 
2805 2 
2806 2 
2807 2 
2808 2 
2809 2 
2810 2 
2811 2 
2812 2 
2813 2 
2814 2 
2815 2 
2816 2 
2817 2 
2818 2 
2819 2 
2820 2 
2821 2 
2822 2 
2823 2 
2824 2 
2825 2 
2826 2 
2827 2 
2828 2 
2829 2 
2830 2 
2831 2 
2832 2 
2833 2 
2834 2 
2835 2 
2836 2 
2837 2 
2838 2 
2839 2 
2840 2 
2841 2 
2842 2 
2843 2 
2844 2 
2845 2 
2846 2 
2847 2 
2848 2 
2849 2 
2850 2 
2851 2 
2852 2 
2853 2 
2854 2 
2855 2 
2856 2 
2857 2 
2858 2 
2859 2 
2860 2 
2861 2 
2862 2 
2863 2 
2864 2 
2865 2 
2866 2 
2867 2 
2868 2 
2869 2 
2870 2 
2871 2 
2872 2 
2873 2 
2874 2 
2875 2 
2876 2 
2877 2 
2878 2 
2879 2 
2880 2 
2881 2 
2882 2 
2883 2 
2884 2 
2885 2 
2886 2 
2887 2 
2888 2 
2889 2 
2890 2 
2891 2 
2892 2 
2893 2 
2894 2 
2895 2 
2896 2 
2897 2 
2898 2 
2899 2 
2900 2 
2901 2 
2902 2 
2903 2 
2904 2 
2905 2 
2906 2 
2907 2 
2908 2 
2909 2 
2910 2 
2911 2 
2912 2 
2913 2 
2914 2 
2915 2 
2916 2 
2917 2 
2918 2 
2919 2 
2920 2 
2921 2 
2922 2 
2923 2 
2924 2 
2925 2 
2926 2 
2927 2 
2928 2 
2929 2 
2930 2 
2931 2 
2932 2 
2933 2 
2934 2 
2935 2 
2936 2 
2937 2 
2938 2 
2939 2 
2940 2 
2941 2 
2942 2 
2943 2 
2944 2 
2945 2 
2946 2 
2947 2 
2948 2 
2949 2 
2950 2 
2951 2 
2952 2 
2953 2 
2954 2 
2955 2 
2956 2 
2957 2 
2958 2 
2959 2 
2960 2 
2961 2 
2962 2 
2963 2 
2964 2 
2965 2 
2966 2 
2967 2 
2968 2 
2969 2 
2970 2 
2971 2 
2972 2 
2973 2 
2974 2 
2975 2 
2976 2 
2977 2 
2978 2 
2979 2 
2980 2 
2981 2 
2982 2 
2983 2 
2984 2 
2985 2 
2986 2 
2987 2 
2988 2 
2989 2 
2990 2 
2991 2 
2992 2 
2993 2 
2994 2 
2995 2 
2996 1 
2997 1 
2998 1 
2999 1 
3000 1 
3001 1 
3002 1 
3003 1 
3004 1 
3005 1 
3006 1 
3007 1 
3008 1 
3009 1 
3010 1 
3011 1 
3012 1 
3013 1 
3014 1 
3015 1 
3016 1 
3017 1 
3018 1 
3019 1 
3020 1 
3021 1 
3022 1 
3023 1 
3024 1 
3025 1 
3026 1 
3027 1 
3028 1 
3029 1 
3030 1 
3031 1 
3032 1 
3033 1 
3034 1 
3035 1 
3036 1 
3037 1 
3038 1 
3039 1 
3040 1 
3041 1 
3042 1 
3043 1 
3044 1 
3045 1 
3046 1 
3047 1 
3048 1 
3049 1 
3050 1 
3051 1 
3052 1 
3053 1 
3054 1 
3055 1 
3056 1 
3057 1 
3058 1 
3059 1 
3060 1 
3061 1 
3062 1 
3063 1 
3064 1 
3065 1 
3066 1 
3067 1 
3068 1 
3069 1 
3070 1 
3071 1 
3072 1 
3073 1 
3074 1 
3075 1 
3076 1 
3077 1 
3078 1 
3079 1 
3080 1 
3081 1 
3082 1 
3083 1 
3084 1 
3085 1 
3086 1 
3087 1 
3088 1 
3089 1 
3090 1 
3091 1 
3092 1 
3093 1 
3094 1 
3095 1 
3096 1 
3097 1 
3098 1 
3099 1 
3100 1 
3101 1 
3102 1 
3103 1 
3104 1 
3105 1 
3106 1 
3107 1 
3108 1 
3109 1 
3110 1 
3111 1 
3112 1 
3113 1 
3114 1 
3115 1 
3116 1 
3117 1 
3118 1 
3119 1 
3120 1 
3121 1 
3122 1 
3123 1 
3124 1 
3125 1 
3126 1 
3127 1 
3128 1 
3129 1 
3130 1 
3131 1 
3132 1 
3133 1 
3134 1 
3135 1 
3136 1 
3137 1 
3138 1 
3139 1 
3140 1 
3141 1 
3142 1 
3143 1 
3144 1 
3145 1 
3146 1 
3147 1 
3148 1 
3149 1 
3150 1 
3151 1 
3152 1 
3153 1 
3154 1 
3155 1 
3156 1 
3157 1 
3158 1 
3159 1 
3160 1 
3161 1 
3162 1 
3163 1 
3164 1 
3165 1 
3166 1 
3167 1 
3168 1 
3169 1 
3170 1 
3171 1 
3172 1 
3173 1 
3174 1 
3175 1 
3176 1 
3177 1 
3178 1 
3179 1 
3180 1 
3181 1 
3182 1 
3183 1 
3184 1 
3185 1 
3186 1 
3187 1 
3188 1 
3189 1 
3190 1 
3191 1 
3192 1 
3193 1 
3194 1 
3195 1 
3196 1 
3197 1 
3198 1 
3199 1 
3200 1 
3201 1 
3202 1 
3203 1 
3204 1 
3205 1 
3206 1 
3207 1 
3208 1 
3209 1 
3210 1 
3211 1 
3212 1 
3213 1 
3214 1 
3215 1 
3216 1 
3217 1 
3218 1 
3219 1 
3220 1 
3221 1 
3222 1 
3223 1 
3224 1 
3225 1 
3226 1 
3227 1 
3228 1 
3229 1 
3230 1 
3231 1 
3232 1 
3233 1 
3234 1 
3235 1 
3236 1 
3237 1 
3238 1 
3239 1 
3240 1 
3241 1 
3242 1 
3243 1 
3244 1 
3245 1 
3246 1 
3247 1 
3248 1 
3249 1 
3250 1 
3251 1 
3252 1 
3253 1 
3254 1 
3255 1 
3256 1 
3257 1 
3258 1 
3259 1 
3260 1 
3261 1 
3262 1 
3263 1 
3264 1 
3265 1 
3266 1 
3267 1 
3268 1 
3269 1 
3270 1 
3271 1 
3272 1 
3273 1 
3274 1 
3275 1 
3276 1 
3277 1 
3278 1 
3279 1 
3280 1 
3281 1 
3282 1 
3283 1 
3284 1 
3285 1 
3286 1 
3287 1 
3288 1 
3289 1 
3290 1 
3291 1 
3292 1 
3293 1 
3294 1 
3295 1 
3296 1 
3297 1 
3298 1 
3299 1 
3300 1 
3301 1 
3302 1 
3303 1 
3304 1 
3305 1 
3306 1 
3307 1 
3308 1 
3309 1 
3310 1 
3311 1 
3312 1 
3313 1 
3314 1 
3315 1 
3316 1 
3317 1 
3318 1 
3319 1 
3320 1 
3321 1 
3322 1 
3323 1 
3324 1 
3325 1 
3326 1 
3327 1 
3328 1 
3329 1 
3330 1 
3331 1 
3332 1 
3333 1 
3334 1 
3335 1 
3336 1 
3337 1 
3338 1 
3339 1 
3340 1 
3341 1 
3342 1 
3343 1 
3344 1 
3345 1 
3346 1 
3347 1 
3348 1 
3349 1 
3350 1 
3351 1 
3352 1 
3353 1 
3354 1 
3355 1 
3356 1 
3357 1 
3358 1 
3359 1 
3360 1 
3361 1 
3362 1 
3363 1 
3364 1 
3365 1 
3366 1 
3367 1 
3368 1 
3369 1 
3370 1 
3371 1 
3372 1 
3373 1 
3374 1 
3375 1 
3376 1 
3377 1 
3378 1 
3379 1 
3380 1 
3381 1 
3382 1 
3383 1 
3384 1 
3385 1 
3386 1 
3387 1 
3388 1 
3389 1 
3390 1 
3391 1 
3392 1 
3393 1 
3394 1 
3395 1 
3396 1 
3397 1 
3398 1 
3399 1 
3400 1 
3401 1 
3402 1 
3403 1 
3404 1 
3405 1 
3406 1 
3407 1 
3408 1 
3409 1 
3410 1 
3411 1 
3412 1 
3413 1 
3414 1 
3415 1 
3416 1 
3417 1 
3418 1 
3419 1 
3420 1 
3421 1 
3422 1 
3423 1 
3424 1 
3425 1 
3426 1 
3427 1 
3428 1 
3429 1 
3430 1 
3431 1 
3432 1 
3433 1 
3434 1 
3435 1 
3436 1 
3437 1 
3438 1 
3439 1 
3440 1 
3441 1 
3442 1 
3443 1 
3444 1 
3445 1 
3446 1 
3447 1 
3448 1 
3449 1 
3450 1 
3451 1 
3452 1 
3453 1 
3454 1 
3455 1 
3456 1 
3457 1 
3458 1 
3459 1 
3460 1 
3461 1 
3462 1 
3463 1 
3464 1 
3465 1 
3466 1 
3467 1 
3468 1 
3469 1 
3470 1 
3471 1 
3472 1 
3473 1 
3474 1 
3475 1 
3476 1 
3477 1 
3478 1 
3479 1 
3480 1 
3481 1 
3482 1 
3483 1 
3484 1 
3485 1 
3486 1 
3487 1 
3488 1 
3489 1 
3490 1 
3491 1 
3492 1 
3493 1 
3494 1 
3495 1 
3496 1 
3497 1 
3498 1 
3499 1 
3500 1 
3501 1 
3502 1 
3503 1 
3504 1 
3505 1 
3506 1 
3507 1 
3508 1 
3509 1 
3510 1 
3511 1 
3512 1 
3513 1 
3514 1 
3515 1 
3516 1 
3517 1 
3518 1 
3519 1 
3520 1 
3521 1 
3522 1 
3523 1 
3524 1 
3525 1 
3526 1 
3527 1 
3528 1 
3529 1 
3530 1 
3531 1 
3532 1 
3533 1 
3534 1 
3535 1 
3536 1 
3537 1 
3538 1 
3539 1 
3540 1 
3541 1 
3542 1 
3543 1 
3544 1 
3545 1 
3546 1 
3547 1 
3548 1 
3549 1 
3550 1 
3551 1 
3552 1 
3553 1 
3554 1 
3555 1 
3556 1 
3557 1 
3558 1 
3559 1 
3560 1 
3561 1 
3562 1 
3563 1 
3564 1 
3565 1 
3566 1 
3567 1 
3568 1 
3569 1 
3570 1 
3571 1 
3572 1 
3573 1 
3574 1 
3575 1 
3576 1 
3577 1 
3578 1 
3579 1 
3580 1 
3581 1 
3582 1 
3583 1 
3584 1 
3585 1 
3586 1 
3587 1 
3588 1 
3589 1 
3590 1 
3591 1 
3592 1 
3593 1 
3594 1 
3595 1 
3596 1 
3597 1 
3598 1 
3599 1 
3600 1 
3601 1 
3602 1 
3603 1 
3604 1 
3605 1 
3606 1 
3607 1 
3608 1 
3609 1 
3610 1 
3611 1 
3612 1 
3613 1 
3614 1 
3615 1 
3616 1 
3617 1 
3618 1 
3619 1 
3620 1 
3621 1 
3622 1 
3623 1 
3624 1 
3625 1 
3626 1 
3627 1 
3628 1 
3629 1 
3630 1 
3631 1 
3632 1 
3633 1 
3634 1 
3635 1 
3636 1 
3637 1 
3638 1 
3639 1 
3640 1 
3641 1 
3642 1 
3643 1 
3644 1 
3645 1 
3646 1 
3647 1 
3648 1 
3649 1 
3650 1 
3651 1 
3652 1 
3653 1 
3654 1 
3655 1 
3656 1 
3657 1 
3658 1 
3659 1 
3660 1 
3661 1 
3662 1 
3663 1 
3664 1 
3665 1 
3666 1 
3667 1 
3668 1 
3669 1 
3670 1 
3671 1 
3672 1 
3673 1 
3674 1 
3675 1 
3676 1 
3677 1 
3678 1 
3679 1 
3680 1 
3681 1 
3682 1 
3683 1 
3684 1 
3685 1 
3686 1 
3687 1 
3688 1 
3689 1 
3690 1 
3691 1 
3692 1 
3693 1 
3694 1 
3695 1 
3696 1 
3697 1 
3698 1 
3699 1 
3700 1 
3701 1 
3702 1 
3703 1 
3704 1 
3705 1 
3706 1 
3707 1 
3708 1 
3709 1 
3710 1 
3711 1 
3712 1 
3713 1 
3714 1 
3715 1 
3716 1 
3717 1 
3718 1 
3719 1 
3720 1 
3721 1 
3722 1 
3723 1 
3724 1 
3725 1 
3726 1 
3727 1 
3728 1 
3729 1 
3730 1 
3731 1 
3732 1 
3733 1 
3734 1 
3735 1 
3736 1 
3737 1 
3738 1 
3739 1 
3740 1 
3741 1 
3742 1 
3743 1 
3744 1 
3745 1 
3746 1 
3747 1 
3748 1 
3749 1 
3750 1 
3751 1 
3752 1 
3753 1 
3754 1 
3755 1 
3756 1 
3757 1 
3758 1 
3759 1 
3760 1 
3761 1 
3762 1 
3763 1 
3764 1 
3765 1 
3766 1 
3767 1 
3768 1 
3769 1 
3770 1 
3771 1 
3772 1 
3773 1 
3774 1 
3775 1 
3776 1 
3777 1 
3778 1 
3779 1 
3780 1 
3781 1 
3782 1 
3783 1 
3784 1 
3785 1 
3786 1 
3787 1 
3788 1 
3789 1 
3790 1 
3791 1 
3792 1 
3793 1 
3794 1 
3795 1 
3796 1 
3797 1 
3798 1 
3799 1 
3800 1 
3801 1 
3802 1 
3803 1 
3804 1 
3805 1 
3806 1 
3807 1 
3808 1 
3809 1 
3810 1 
3811 1 
3812 1 
3813 1 
3814 1 
3815 1 
3816 1 
3817 1 
3818 1 
3819 1 
3820 1 
3821 1 
3822 1 
3823 1 
3824 1 
3825 1 
3826 1 
3827 1 
3828 1 
3829 1 
3830 1 
3831 1 
3832 1 
3833 1 
3834 1 
3835 1 
3836 1 
3837 1 
3838 1 
3839 1 
3840 1 
3841 1 
3842 1 
3843 1 
3844 1 
3845 1 
3846 1 
3847 1 
3848 1 
3849 1 
3850 1 
3851 1 
3852 1 
3853 1 
3854 1 
3855 1 
3856 1 
3857 1 
3858 1 
3859 1 
3860 1 
3861 1 
3862 1 
3863 1 
3864 1 
3865 1 
3866 1 
3867 1 
3868 1 
3869 1 
3870 1 
3871 1 
3872 1 
3873 1 
3874 1 
3875 1 
3876 1 
3877 1 
3878 1 
3879 1 
3880 1 
3881 1 
3882 1 
3883 1 
3884 1 
3885 1 
3886 1 
3887 1 
3888 1 
3889 1 
3890 1 
3891 1 
3892 1 
3893 1 
3894 1 
3895 1 
3896 1 
3897 1 
3898 1 
3899 1 
3900 1 
3901 1 
3902 1 
3903 1 
3904 1 
3905 1 
3906 1 
3907 1 
3908 1 
3909 1 
3910 1 
3911 1 
3912 1 
3913 1 
3914 1 
3915 1 
3916 1 
3917 1 
3918 1 
3919 1 
3920 1 
3921 1 
3922 1 
3923 1 
3924 1 
3925 1 
3926 1 
3927 1 
3928 1 
3929 1 
3930 1 
3931 1 
3932 1 
3933 1 
3934 1 
3935 1 
3936 1 
3937 1 
3938 1 
3939 1 
3940 1 
3941 1 
3942 1 
3943 1 
3944 1 
3945 1 
3946 1 
3947 1 
3948 1 
3949 1 
3950 1 
3951 1 
3952 1 
3953 1 
3954 1 
3955 1 
3956 1 
3957 1 
3958 1 
3959 1 
3960 1 
3961 1 
3962 1 
3963 1 
3964 1 
3965 1 
3966 1 
3967 1 
3968 1 
3969 1 
3970 1 
3971 1 
3972 1 
3973 1 
3974 1 
3975 1 
3976 1 
3977 1 
3978 1 
3979 1 
3980 1 
3981 1 
3982 1 
3983 1 
3984 1 
3985 1 
3986 1 
3987 1 
3988 1 
3989 1 
3990 1 
3991 1 
3992 1 
3993 1 
3994 1 
3995 1 
3996 1 
3997 1 
3998 1 
3999 1 
4000 1 
4001 1 
4002 1 
4003 1 
4004 1 
4005 1 
4006 1 
4007 1 
4008 1 
4009 1 
4010 1 
4011 1 
4012 1 
4013 1 
4014 1 
4015 1 
4016 1 
4017 1 
4018 1 
4019 1 
4020 1 
4021 1 
4022 1 
4023 1 
4024 1 
4025 1 
4026 1 
4027 1 
4028 1 
4029 1 
4030 1 
4031 1 
4032 1 
4033 1 
4034 1 
4035 1 
4036 1 
4037 1 
4038 1 
4039 1 
4040 1 
4041 1 
4042 1 
4043 1 
4044 1 
4045 1 
4046 1 
4047 1 
4048 1 
4049 1 
4050 1 
4051 1 
4052 1 
4053 1 
4054 1 
4055 1 
4056 1 
4057 1 
4058 1 
4059 1 
4060 1 
4061 1 
4062 1 
4063 1 
4064 1 
4065 1 
4066 1 
4067 1 
4068 1 
4069 1 
4070 1 
4071 1 
4072 1 
4073 1 
4074 1 
4075 1 
4076 1 
4077 1 
4078 1 
4079 1 
4080 1 
4081 1 
4082 1 
4083 1 
4084 1 
4085 1 
4086 1 
4087 1 
4088 1 
4089 1 
4090 1 
4091 1 
4092 1 
4093 1 
4094 1 
4095 1 
4096 1 
4097 1 
4098 1 
4099 1 
4100 1 
4101 1 
4102 1 
4103 1 
4104 1 
4105 1 
4106 1 
4107 1 
4108 1 
4109 1 
4110 1 
4111 1 
4112 1 
4113 1 
4114 1 
4115 1 
4116 1 
4117 1 
4118 1 
4119 1 
4120 1 
4121 1 
4122 1 
4123 1 
4124 1 
4125 1 
4126 1 
4127 1 
4128 1 
4129 1 
4130 1 
4131 1 
4132 1 
4133 1 
4134 1 
4135 1 
4136 1 
4137 1 
4138 1 
4139 1 
4140 1 
4141 1 
4142 1 
4143 1 
4144 1 
4145 1 
4146 1 
4147 1 
4148 1 
4149 1 
4150 1 
4151 1 
4152 1 
4153 1 
4154 1 
4155 1 
4156 1 
4157 1 
4158 1 
4159 1 
4160 1 
4161 1 
4162 1 
4163 1 
4164 1 
4165 1 
4166 1 
4167 1 
4168 1 
4169 1 
4170 1 
4171 1 
4172 1 
4173 1 
4174 1 
4175 1 
4176 1 
4177 1 
4178 1 
4179 1 
4180 1 
4181 1 
4182 1 
4183 1 
4184 1 
4185 1 
4186 1 
4187 1 
4188 1 
4189 1 
4190 1 
4191 1 
4192 1 
4193 1 
4194 1 
4195 1 
4196 1 
4197 1 
4198 1 
4199 1 
4200 1 
4201 1 
4202 1 
4203 1 
4204 1 
4205 1 
4206 1 
4207 1 
4208 1 
4209 1 
4210 1 
4211 1 
4212 1 
4213 1 
4214 1 
4215 1 
4216 1 
4217 1 
4218 1 
4219 1 
4220 1 
4221 1 
4222 1 
4223 1 
4224 1 
4225 1 
4226 1 
4227 1 
4228 1 
4229 1 
4230 1 
4231 1 
4232 1 
4233 1 
4234 1 
4235 1 
4236 1 
4237 1 
4238 1 
4239 1 
4240 1 
4241 1 
4242 1 
4243 1 
4244 1 
4245 1 
4246 1 
4247 1 
4248 1 
4249 1 
4250 1 
4251 1 
4252 1 
4253 1 
4254 1 
4255 1 
4256 1 
4257 1 
4258 1 
4259 1 
4260 1 
4261 1 
4262 1 
4263 1 
4264 1 
4265 1 
4266 1 
4267 1 
4268 1 
4269 1 
4270 1 
4271 1 
4272 1 
4273 1 
4274 1 
4275 1 
4276 1 
4277 1 
4278 1 
4279 1 
4280 1 
4281 1 
4282 1 
4283 1 
4284 1 
4285 1 
4286 1 
4287 1 
4288 1 
4289 1 
4290 1 
4291 1 
4292 1 
4293 1 
4294 1 
4295 1 
4296 1 
4297 1 
4298 1 
4299 1 
4300 1 
4301 1 
4302 1 
4303 1 
4304 1 
4305 1 
4306 1 
4307 1 
4308 1 
4309 1 
4310 1 
4311 1 
4312 1 
4313 1 
4314 1 
4315 1 
4316 1 
4317 1 
4318 1 
4319 1 
4320 1 
4321 1 
4322 1 
4323 1 
4324 1 
4325 1 
4326 1 
4327 1 
4328 1 
4329 1 
4330 1 
4331 1 
4332 1 
4333 1 
4334 1 
4335 1 
4336 1 
4337 1 
4338 1 
4339 1 
4340 1 
4341 1 
4342 1 
4343 1 
4344 1 
4345 1 
4346 1 
4347 1 
4348 1 
4349 1 
4350 1 
4351 1 
4352 1 
4353 1 
4354 1 
4355 1 
4356 1 
4357 1 
4358 1 
4359 1 
4360 1 
4361 1 
4362 1 
4363 1 
4364 1 
4365 1 
4366 1 
4367 1 
4368 1 
4369 1 
4370 1 
4371 1 
4372 1 
4373 1 
4374 1 
4375 1 
4376 1 
4377 1 
4378 1 
4379 1 
4380 1 
4381 1 
4382 1 
4383 1 
4384 1 
4385 1 
4386 1 
4387 1 
4388 1 
4389 1 
4390 1 
4391 1 
4392 1 
4393 1 
4394 1 
4395 1 
4396 1 
4397 1 
4398 1 
4399 1 
4400 1 
4401 1 
4402 1 
4403 1 
4404 1 
4405 1 
4406 1 
4407 1 
4408 1 
4409 1 
4410 1 
4411 1 
4412 1 
4413 1 
4414 1 
4415 1 
4416 1 
4417 1 
4418 1 
4419 1 
4420 1 
4421 1 
4422 1 
4423 1 
4424 1 
4425 1 
4426 1 
4427 1 
4428 1 
4429 1 
4430 1 
4431 1 
4432 1 
4433 1 
4434 1 
4435 1 
4436 1 
4437 1 
4438 1 
4439 1 
4440 1 
4441 1 
4442 1 
4443 1 
4444 1 
4445 1 
4446 1 
4447 1 
4448 1 
4449 1 
4450 1 
4451 1 
4452 1 
4453 1 
4454 1 
4455 1 
4456 1 
4457 1 
4458 1 
4459 1 
4460 1 
4461 1 
4462 1 
4463 1 
4464 1 
4465 1 
4466 1 
4467 1 
4468 1 
4469 1 
4470 1 
4471 1 
4472 1 
4473 1 
4474 1 
4475 1 
4476 1 
4477 1 
4478 1 
4479 1 
4480 1 
4481 1 
4482 1 
4483 1 
4484 1 
4485 1 
4486 1 
4487 1 
4488 1 
4489 1 
4490 1 
4491 1 
4492 1 
4493 1 
4494 1 
4495 1 
4496 1 
4497 1 
4498 1 
4499 1 
4500 1 
4501 1 
4502 1 
4503 1 
4504 1 
4505 1 
4506 1 
4507 1 
4508 1 
4509 1 
4510 1 
4511 1 
4512 1 
4513 1 
4514 1 
4515 1 
4516 1 
4517 1 
4518 1 
4519 1 
4520 1 
4521 1 
4522 1 
4523 1 
4524 1 
4525 1 
4526 1 
4527 1 
4528 1 
4529 1 
4530 1 
4531 1 
4532 1 
4533 1 
4534 1 
4535 1 
4536 1 
4537 1 
4538 1 
4539 1 
4540 1 
4541 1 
4542 1 
4543 1 
4544 1 
4545 1 
4546 1 
4547 1 
4548 1 
4549 1 
4550 1 
4551 1 
4552 1 
4553 1 
4554 1 
4555 1 
4556 1 
4557 1 
4558 1 
4559 1 
4560 1 
4561 1 
4562 1 
4563 1 
4564 1 
4565 1 
4566 1 
4567 1 
4568 1 
4569 1 
4570 1 
4571 1 
4572 1 
4573 1 
4574 1 
4575 1 
4576 1 
4577 1 
4578 1 
4579 1 
4580 1 
4581 1 
4582 1 
4583 1 
4584 1 
4585 1 
4586 1 
4587 1 
4588 1 
4589 1 
4590 1 
4591 1 
4592 1 
4593 1 
4594 1 
4595 1 
4596 1 
4597 1 
4598 1 
4599 1 
4600 1 
4601 1 
4602 1 
4603 1 
4604 1 
4605 1 
4606 1 
4607 1 
4608 1 
4609 1 
4610 1 
4611 1 
4612 1 
4613 1 
4614 1 
4615 1 
4616 1 
4617 1 
4618 1 
4619 1 
4620 1 
4621 1 
4622 1 
4623 1 
4624 1 
4625 1 
4626 1 
4627 1 
4628 1 
4629 1 
4630 1 
4631 1 
4632 1 
4633 1 
4634 1 
4635 1 
4636 1 
4637 1 
4638 1 
4639 1 
4640 1 
4641 1 
4642 1 
4643 1 
4644 1 
4645 1 
4646 1 
4647 1 
4648 1 
4649 1 
4650 1 
4651 1 
4652 1 
4653 1 
4654 1 
4655 1 
4656 1 
4657 1 
4658 1 
4659 1 
4660 1 
4661 1 
4662 1 
4663 1 
4664 1 
4665 1 
4666 1 
4667 1 
4668 1 
4669 1 
4670 1 
4671 1 
4672 1 
4673 1 
4674 1 
4675 1 
4676 1 
4677 1 
4678 1 
4679 1 
4680 1 
4681 1 
4682 1 
4683 1 
4684 1 
4685 1 
4686 1 
4687 1 
4688 1 
4689 1 
4690 1 
4691 1 
4692 1 
4693 1 
4694 1 
4695 1 
4696 1 
4697 1 
4698 1 
4699 1 
4700 1 
4701 1 
4702 1 
4703 1 
4704 1 
4705 1 
4706 1 
4707 1 
4708 1 
4709 1 
4710 1 
4711 1 
4712 1 
4713 1 
4714 1 
4715 1 
4716 1 
4717 1 
4718 1 
4719 1 
4720 1 
4721 1 
4722 1 
4723 1 
4724 1 
4725 1 
4726 1 
4727 1 
4728 1 
4729 1 
4730 1 
4731 1 
4732 1 
4733 1 
4734 1 
4735 1 
4736 1 
4737 1 
4738 1 
4739 1 
4740 1 
4741 1 
4742 1 
4743 1 
4744 1 
4745 1 
4746 1 
4747 1 
4748 1 
4749 1 
4750 1 
4751 1 
4752 1 
4753 1 
4754 1 
4755 1 
4756 1 
4757 1 
4758 1 
4759 1 
4760 1 
4761 1 
4762 1 
4763 1 
4764 1 
4765 1 
4766 1 
4767 1 
4768 1 
4769 1 
4770 1 
4771 1 
4772 1 
4773 1 
4774 1 
4775 1 
4776 1 
4777 1 
4778 1 
4779 1 
4780 1 
4781 1 
4782 1 
4783 1 
4784 1 
4785 1 
4786 1 
4787 1 
4788 1 
4789 1 
4790 1 
4791 1 
4792 1 
4793 1 
4794 1 
4795 1 
4796 1 
4797 1 
4798 1 
4799 1 
4800 1 
4801 1 
4802 1 
4803 1 
4804 1 
4805 1 
4806 1 
4807 1 
4808 1 
4809 1 
4810 1 
4811 1 
4812 1 
4813 1 
4814 1 
4815 1 
4816 1 
4817 1 
4818 1 
4819 1 
4820 1 
4821 1 
4822 1 
4823 1 
4824 1 
4825 1 
4826 1 
4827 1 
4828 1 
4829 1 
4830 1 
4831 1 
4832 1 
4833 1 
4834 1 
4835 1 
4836 1 
4837 1 
4838 1 
4839 1 
4840 1 
4841 1 
4842 1 
4843 1 
4844 1 
4845 1 
4846 1 
4847 1 
4848 1 
4849 1 
4850 1 
4851 1 
4852 1 
4853 1 
4854 1 
4855 1 
4856 1 
4857 1 
4858 1 
4859 1 
4860 1 
4861 1 
4862 1 
4863 1 
4864 1 
4865 1 
4866 1 
4867 1 
4868 1 
4869 1 
4870 1 
4871 1 
4872 1 
4873 1 
4874 1 
4875 1 
4876 1 
4877 1 
4878 1 
4879 1 
4880 1 
4881 1 
4882 1 
4883 1 
4884 1 
4885 1 
4886 1 
4887 1 
4888 1 
4889 1 
4890 1 
4891 1 
4892 1 
4893 1 
4894 1 
4895 1 
4896 1 
4897 1 
4898 1 
4899 1 
4900 1 
4901 1 
4902 1 
4903 1 
4904 1 
4905 1 
4906 1 
4907 1 
4908 1 
4909 1 
4910 1 
4911 1 
4912 1 
4913 1 
4914 1 
4915 1 
4916 1 
4917 1 
4918 1 
4919 1 
4920 1 
4921 1 
4922 1 
4923 1 
4924 1 
4925 1 
4926 1 
4927 1 
4928 1 
4929 1 
4930 1 
4931 1 
4932 1 
4933 1 
4934 1 
4935 1 
4936 1 
4937 1 
4938 1 
4939 1 
4940 1 
4941 1 
4942 1 
4943 1 
4944 1 
4945 1 
4946 1 
4947 1 
4948 1 
4949 1 
4950 1 
4951 1 
4952 1 
4953 1 
4954 1 
4955 1 
4956 1 
4957 1 
4958 1 
4959 1 
4960 1 
4961 1 
4962 1 
4963 1 
4964 1 
4965 1 
4966 1 
4967 1 
4968 1 
4969 1 
4970 1 
4971 1 
4972 1 
4973 1 
4974 1 
4975 1 
4976 1 
4977 1 
4978 1 
4979 1 
4980 1 
4981 1 
4982 1 
4983 1 
4984 1 
4985 1 
4986 1 
4987 1 
4988 1 
4989 1 
4990 1 
4991 1 
4992 1 
4993 1 
4994 1 
4995 1 
4996 1 
4997 1 
4998 1 
4999 1 
5000 1 
5001 1 
5002 1 
5003 1 
5004 1 
5005 1 
5006 1 
5007 1 
5008 1 
5009 1 
5010 1 
5011 1 
5012 1 
5013 1 
5014 1 
5015 1 
5016 1 
5017 1 
5018 1 
5019 1 
5020 1 
5021 1 
5022 1 
5023 1 
5024 1 
5025 1 
5026 1 
5027 1 
5028 1 
5029 1 
5030 1 
5031 1 
5032 1 
5033 1 
5034 1 
5035 1 
5036 1 
5037 1 
5038 1 
5039 1 
5040 1 
5041 1 
5042 1 
5043 1 
5044 1 
5045 1 
5046 1 
5047 1 
5048 1 
5049 1 
5050 1 
5051 1 
5052 1 
5053 1 
5054 1 
5055 1 
5056 1 
5057 1 
5058 1 
5059 1 
5060 1 
5061 1 
5062 1 
5063 1 
5064 1 
5065 1 
5066 1 
5067 1 
5068 1 
5069 1 
5070 1 
5071 1 
5072 1 
5073 1 
5074 1 
5075 1 
5076 1 
5077 1 
5078 1 
5079 1 
5080 1 
5081 1 
5082 1 
5083 1 
5084 1 
5085 1 
5086 1 
5087 1 
5088 1 
5089 1 
5090 1 
5091 1 
5092 1 
5093 1 
5094 1 
5095 1 
5096 1 
5097 1 
5098 1 
5099 1 
5100 1 
5101 1 
5102 1 
5103 1 
5104 1 
5105 1 
5106 1 
5107 1 
5108 1 
5109 1 
5110 1 
5111 1 
5112 1 
5113 1 
5114 1 
5115 1 
5116 1 
5117 1 
5118 1 
5119 1 
5120 1 
5121 1 
5122 1 
5123 1 
5124 1 
5125 1 
5126 1 
5127 1 
5128 1 
5129 1 
5130 1 
5131 1 
5132 1 
5133 1 
5134 1 
5135 1 
5136 1 
5137 1 
5138 1 
5139 1 
5140 1 
5141 1 
5142 1 
5143 1 
5144 1 
5145 1 
5146 1 
5147 1 
5148 1 
5149 1 
5150 1 
5151 1 
5152 1 
5153 1 
5154 1 
5155 1 
5156 1 
5157 1 
5158 1 
5159 1 
5160 1 
5161 1 
5162 1 
5163 1 
5164 1 
5165 1 
5166 1 
5167 1 
5168 1 
5169 1 
5170 1 
5171 1 
5172 1 
5173 1 
5174 1 
5175 1 
5176 1 
5177 1 
5178 1 
5179 1 
5180 1 
5181 1 
5182 1 
5183 1 
5184 1 
5185 1 
5186 1 
5187 1 
5188 1 
5189 1 
5190 1 
5191 1 
5192 1 
5193 1 
5194 1 
5195 1 
5196 1 
5197 1 
5198 1 
5199 1 
5200 1 
5201 1 
5202 1 
5203 1 
5204 1 
5205 1 
5206 1 
5207 1 
5208 1 
5209 1 
5210 1 
5211 1 
5212 1 
5213 1 
5214 1 
5215 1 
5216 1 
5217 1 
5218 1 
5219 1 
5220 1 
5221 1 
5222 1 
5223 1 
5224 1 
5225 1 
5226 1 
5227 1 
5228 1 
5229 1 
5230 1 
5231 1 
5232 1 
5233 1 
5234 1 
5235 1 
5236 1 
5237 1 
5238 1 
5239 1 
5240 1 
5241 1 
5242 1 
5243 1 
5244 1 
5245 1 
5246 1 
5247 1 
5248 1 
5249 1 
5250 1 
5251 1 
5252 1 
5253 1 
5254 1 
5255 1 
5256 1 
5257 1 
5258 1 
5259 1 
5260 1 
5261 1 
5262 1 
5263 1 
5264 1 
5265 1 
5266 1 
5267 1 
5268 1 
5269 1 
5270 1 
5271 1 
5272 1 
5273 1 
5274 1 
5275 1 
5276 1 
5277 1 
5278 1 
5279 1 
5280 1 
5281 1 
5282 1 
5283 1 
5284 1 
5285 1 
5286 1 
5287 1 
5288 1 
5289 1 
5290 1 
5291 1 
5292 1 
5293 1 
5294 1 
5295 1 
5296 1 
5297 1 
5298 1 
5299 1 
5300 1 
5301 1 
5302 1 
5303 1 
5304 1 
5305 1 
5306 1 
5307 1 
5308 1 
5309 1 
5310 1 
5311 1 
5312 1 
5313 1 
5314 1 
5315 1 
5316 1 
5317 1 
5318 1 
5319 1 
5320 1 
5321 1 
5322 1 
5323 1 
5324 1 
5325 1 
5326 1 
5327 1 
5328 1 
5329 1 
5330 1 
5331 1 
5332 1 
5333 1 
5334 1 
5335 1 
5336 1 
5337 1 
5338 1 
5339 1 
5340 1 
5341 1 
5342 1 
5343 1 
5344 1 
5345 1 
5346 1 
5347 1 
5348 1 
5349 1 
5350 1 
5351 1 
5352 1 
5353 1 
5354 1 
5355 1 
5356 1 
5357 1 
5358 1 
5359 1 
5360 1 
5361 1 
5362 1 
5363 1 
5364 1 
5365 1 
5366 1 
5367 1 
5368 1 
5369 1 
5370 1 
5371 1 
5372 1 
5373 1 
5374 1 
5375 1 
5376 1 
5377 1 
5378 1 
5379 1 
5380 1 
5381 1 
5382 1 
5383 1 
5384 1 
5385 1 
5386 1 
5387 1 
5388 1 
5389 1 
5390 1 
5391 1 
5392 1 
5393 1 
5394 1 
5395 1 
5396 1 
5397 1 
5398 1 
5399 1 
5400 1 
5401 1 
5402 1 
5403 1 
5404 1 
5405 1 
5406 1 
5407 1 
5408 1 
5409 1 
5410 1 
5411 1 
5412 1 
5413 1 
5414 1 
5415 1 
5416 1 
5417 1 
5418 1 
5419 1 
5420 1 
5421 1 
5422 1 
5423 1 
5424 1 
5425 1 
5426 1 
5427 1 
5428 1 
5429 1 
5430 1 
5431 1 
5432 1 
5433 1 
5434 1 
5435 1 
5436 1 
5437 1 
5438 1 
5439 1 
5440 1 
5441 1 
5442 1 
5443 1 
5444 1 
5445 1 
5446 1 
5447 1 
5448 1 
5449 1 
5450 1 
5451 1 
5452 1 
5453 1 
5454 1 
5455 1 
5456 1 
5457 1 
5458 1 
5459 1 
5460 1 
5461 1 
5462 1 
5463 1 
5464 1 
5465 1 
5466 1 
5467 1 
5468 1 
5469 1 
5470 1 
5471 1 
5472 1 
5473 1 
5474 1 
5475 1 
5476 1 
5477 1 
5478 1 
5479 1 
5480 1 
5481 1 
5482 1 
5483 1 
5484 1 
5485 1 
5486 1 
5487 1 
5488 1 
5489 1 
5490 1 
5491 1 
5492 1 
5493 1 
5494 1 
5495 1 
5496 1 
5497 1 
5498 1 
5499 1 
5500 1 
5501 1 
5502 1 
5503 1 
5504 1 
5505 1 
5506 1 
5507 1 
5508 1 
5509 1 
5510 1 
5511 1 
5512 1 
5513 1 
5514 1 
5515 1 
5516 1 
5517 1 
5518 1 
5519 1 
5520 1 
5521 1 
5522 1 
