# Radial distribution function (180 data points):
# "Pair separation distance" 0-0 0-1 1-1
0.0080555556 0.0 0.0 0.0 
0.0241666667 0.0 0.0 0.0 
0.0402777778 0.0 0.0 0.0 
0.0563888889 0.0 0.0 0.0 
0.0725 0.0 0.0 0.0 
0.0886111111 0.0 0.0 0.0 
0.1047222222 0.0 0.0 0.0 
0.1208333333 0.0 0.0 0.0 
0.1369444444 0.0 0.0 0.0 
0.1530555556 0.0 0.0 0.0 
0.1691666667 0.0 0.0 0.0 
0.1852777778 0.0 0.0 0.0 
0.2013888889 0.0 0.0 0.0 
0.2175 0.0 0.0 0.0 
0.2336111111 0.0 0.0 0.0 
0.2497222222 0.0 0.0 0.0 
0.2658333333 0.0 0.0 0.0 
0.2819444444 0.0 0.0 0.0 
0.2980555556 0.0 0.0 0.0 
0.3141666667 0.0 0.0 0.0 
0.3302777778 0.0 0.0 0.0 
0.3463888889 0.0 0.0 0.0 
0.3625 0.0 0.0 0.0 
0.3786111111 0.0 0.0 0.0 
0.3947222222 0.0 0.0 0.0 
0.4108333333 0.0 0.0 0.0 
0.4269444444 0.0 0.0 0.0 
0.4430555556 0.0 0.0 0.0 
0.4591666667 0.0 0.0 0.0 
0.4752777778 0.0 0.0 0.0 
0.4913888889 0.0 0.0 0.0 
0.5075 0.0 0.0 0.0 
0.5236111111 0.0 0.0 0.0 
0.5397222222 0.0 0.0 0.0 
0.5558333333 0.0 0.0 0.0 
0.5719444444 0.0 0.0 0.0 
0.5880555556 0.0 0.0 0.0 
0.6041666667 0.0 0.0 0.0 
0.6202777778 0.0 0.0 0.0 
0.6363888889 0.0 0.0 0.0 
0.6525 0.0 0.0 0.0 
0.6686111111 0.0 0.0 0.0 
0.6847222222 0.0 0.0 0.0 
0.7008333333 0.0 0.0 0.0 
0.7169444444 0.0 0.0 0.0 
0.7330555556 0.0 0.0 0.0 
0.7491666667 0.0 0.0 0.0 
0.7652777778 0.0 0.0 0.0 
0.7813888889 0.0 0.0 0.0 
0.7975 0.0 0.0 0.0 
0.8136111111 0.0 0.0 0.0 
0.8297222222 0.0 0.0 0.0 
0.8458333333 0.0 0.0 0.0 
0.8619444444 0.0 0.0 0.0 
0.8780555556 0.0 0.0 0.0 
0.8941666667 0.0 0.0 0.0 
0.9102777778 0.119155336 0.0 0.0 
0.9263888889 0.3451408366 0.0 0.0 
0.9425 1.0710570424 0.0 0.0 
0.9586111111 2.4028131283 0.0 0.0 
0.9747222222 4.5536059363 0.0 0.0 
0.9908333333 7.3506423393 0.0 0.0 
1.0069444444 9.330401974 0.0 0.0 
1.0230555556 11.6544578083 0.0686060798 0.0 
1.0391666667 13.3239942637 0.1329905853 0.0 
1.0552777778 13.7504539006 0.4997234126 0.0 
1.0713888889 13.5667882897 0.7506695538 0.0 
1.0875 12.8793930381 1.3509322102 0.0 
1.1036111111 12.8451025067 1.6802543726 0.1179125876 
1.1197222222 11.984154383 2.2049698626 0.3436316669 
1.1358333333 10.3873157989 2.6577057168 2.0037153048 
1.1519444444 9.9229315184 3.1114850024 2.3809624366 
1.1680555556 8.6905840133 3.2499231662 7.0524648465 
1.1841666667 8.0204500186 2.6884190007 9.3198525356 
1.2002777778 7.027794871 2.8784053461 15.7502353138 
1.2163888889 6.8367973469 3.0938479564 17.0828938144 
1.2325 5.5247368849 2.7771404662 18.6245675522 
1.2486111111 5.279453247 2.2798947501 19.3445615156 
1.2647222222 4.7417708838 2.3680796603 21.4586175856 
1.2808333333 4.2238293146 2.0900295313 19.696613384 
1.2969444444 3.9007585992 1.6328756927 22.369329751 
1.3130555556 3.6650595564 1.7908813741 21.9070605302 
1.3291666667 3.4903788294 1.7375685002 19.1030922829 
1.3452777778 3.0452242014 1.5176524522 14.6012052914 
1.3613888889 2.9784181686 1.433515086 16.1948461068 
1.3775 2.861852442 1.4191003844 12.4880833831 
1.3936111111 2.6943905466 1.3495060714 11.9052316432 
1.4097222222 2.5925079839 1.3730355873 10.6952245749 
1.4258333333 2.4636106902 1.46580421 8.9007870098 
1.4419444444 2.3138928502 1.2173839249 8.9792856872 
1.4580555556 2.5079213403 1.1230758864 9.5250345853 
1.4741666667 2.3501457595 1.1482258719 8.5249575528 
1.4902777778 2.1217814652 1.0831189194 7.6949941137 
1.5063888889 2.2585920226 1.1075407467 7.2781249066 
1.5225 2.2304056519 1.1849030026 6.8770840933 
1.5386111111 2.233230891 0.9933896323 5.9451715401 
1.5547222222 2.2911614535 1.0174687816 6.1196662485 
1.5708333333 2.5281381908 1.0403561476 5.7037707672 
1.5869444444 2.3059884763 0.9409288373 5.1323391126 
1.6030555556 2.4275267858 1.0199105345 5.8120929087 
1.6191666667 2.5643373275 0.9997149528 5.2587745461 
1.6352777778 2.4502833326 1.0203919631 4.6723210944 
1.6513888889 2.7351357839 1.0993205196 4.107640744 
1.6675 2.8278024816 0.9426008272 5.3198841206 
1.6836111111 2.6409440395 0.8549818833 4.7625657498 
1.6997222222 2.9204429436 1.0376893013 4.9709667126 
1.7158333333 2.9481739936 1.0853670545 4.1463460509 
1.7319444444 3.1209965699 1.2507924892 4.6919679976 
1.7480555556 3.2282278878 0.9987238233 3.8069002207 
1.7641666667 3.3541115424 1.0613181837 4.475994079 
1.7802777778 3.5882123614 1.0875087188 5.0750406879 
1.7963888889 3.8106315993 1.1849117236 3.8273204968 
1.8125 3.8743367812 1.3278756528 4.0655945912 
1.8286111111 4.0747998574 1.0361480533 2.8775925212 
1.8447222222 4.2650618078 1.171111591 3.4183797792 
1.8608333333 4.1215396871 1.3531092557 3.7741898015 
1.8769444444 4.2523682079 1.2637355489 3.098190378 
1.8930555556 4.3681462361 1.2623541875 3.6468009861 
1.9091666667 4.548379156 1.5070969374 4.2947337564 
1.9252777778 4.5258483698 1.4383916167 4.2231565312 
1.9413888889 4.5867887608 1.4336691765 3.2388539536 
1.9575 4.6591728097 1.4944958535 3.5980339043 
1.9736111111 4.8760720854 1.484021939 4.1663224624 
1.9897222222 4.5639043089 1.4056734583 3.7000952967 
2.0058333333 4.8344482614 1.7133623741 4.176320787 
2.0219444444 4.6655003689 1.7432504908 4.0046459637 
2.0380555556 4.7065600695 1.8886747019 4.2527595118 
2.0541666667 4.8159599857 1.7740771325 4.0161362425 
2.0702777778 4.5528163874 1.9601822165 4.7915565292 
2.0863888889 4.6374239831 2.0496218049 4.5528822387 
2.1025 4.5280452451 1.9574150745 4.5808385977 
2.1186111111 4.6594147013 1.9357568373 4.6074212325 
2.1347222222 4.3411702223 1.8672547054 4.4435934761 
2.1508333333 4.4413016768 2.0993833177 4.8118952199 
2.1669444444 4.0008447779 2.1906202176 4.3124251404 
2.1830555556 3.96084415 2.0190323009 4.5804911901 
2.1991666667 4.0552089743 2.0637951393 4.9887422073 
2.2152777778 3.9470549532 2.1472856881 4.7993847067 
2.2313888889 3.8812501963 2.1776824139 5.9129125146 
2.2475 3.8258047146 2.2496371429 5.0039322232 
2.2636111111 3.6401569108 2.060069551 5.1011246026 
2.2797222222 3.3902728793 2.0517800207 4.6700447609 
2.2958333333 3.4058657705 2.0367077308 5.2314098235 
2.3119444444 3.3199393723 2.0890260896 5.5886485741 
2.3280555556 3.113504265 2.0833980667 4.9551089153 
2.3441666667 3.0953556894 2.1136624074 5.4360652951 
2.3602777778 3.0967453265 2.0075674697 5.7230173776 
2.3763888889 2.9690684558 2.1298456803 5.5948185034 
2.3925 2.8806046075 1.8817232058 4.8673906923 
2.4086111111 2.9489535703 2.0670524501 5.1490647859 
2.4247222222 2.8014992728 1.9389123032 5.2518569473 
2.4408333333 2.8685943899 2.027903387 5.6889771094 
2.4569444444 2.7582378485 1.8913630961 5.5670309999 
2.4730555556 2.6989353199 1.9988852124 5.4242876249 
2.4891666667 2.8741685129 1.8919677812 5.6788006909 
2.5052777778 2.8130089869 1.7876264533 5.6059965575 
2.5213888889 2.819531472 1.9540468489 5.3764526016 
2.5375 2.7657195257 1.7369387747 5.152267826 
2.5536111111 2.8369198184 1.9518448823 4.6029402584 
2.5697222222 2.9781640944 1.7289934861 5.1543579397 
2.5858333333 2.8794189684 1.7155699029 5.4554585956 
2.6019444444 2.9857331389 1.8349265827 5.0699127545 
2.6180555556 3.0171952597 2.0088444134 5.1334224905 
2.6341666667 3.1783178853 1.8886219425 4.8638482901 
2.6502777778 3.0618415685 1.8427276886 4.6822151532 
2.6663888889 3.115852431 1.8760764637 4.6662036405 
2.6825 3.2955816443 1.8735668546 4.4506568156 
2.6986111111 3.2551164638 1.8438675615 4.299070892 
2.7147222222 3.2811459545 1.8269186829 4.3066563086 
2.7308333333 3.3039291615 1.9546743018 4.4870848503 
2.7469444444 3.2581499186 1.9104011571 4.4155722884 
2.7630555556 3.4389466174 1.864673277 4.1384930233 
2.7791666667 3.4875113005 1.9779221038 3.9418988108 
2.7952777778 3.453169202 1.9827578319 3.7311688516 
2.8113888889 3.5477092248 1.9260290798 3.7975479026 
2.8275 3.5837401246 1.984978866 4.2214482671 
2.8436111111 3.6420398412 1.9203684625 3.676451068 
2.8597222222 3.525386331 2.1117195831 3.6702652213 
2.8758333333 3.6531337918 2.1337079723 3.7160814329 
2.8919444444 3.6586933862 2.0820959722 3.2970097044 
