# Radial distribution function (200 data points):
# "Pair separation distance" 0-0 0-1 1-1
0.00625 0.0 0.0 0.0 
0.01875 0.0 0.0 0.0 
0.03125 0.0 0.0 0.0 
0.04375 0.0 0.0 0.0 
0.05625 0.0 0.0 0.0 
0.06875 0.0 0.0 0.0 
0.08125 0.0 0.0 0.0 
0.09375 0.0 0.0 0.0 
0.10625 0.0 0.0 0.0 
0.11875 0.0 0.0 0.0 
0.13125 0.0 0.0 0.0 
0.14375 0.0 0.0 0.0 
0.15625 0.0 0.0 0.0 
0.16875 0.0 0.0 0.0 
0.18125 0.0 0.0 0.0 
0.19375 0.0 0.0 0.0 
0.20625 0.0 0.0 0.0 
0.21875 0.0 0.0 0.0 
0.23125 0.0 0.0 0.0 
0.24375 0.0 0.0 0.0 
0.25625 0.0 0.0 0.0 
0.26875 0.0 0.0 0.0 
0.28125 0.0 0.0 0.0 
0.29375 0.0 0.0 0.0 
0.30625 0.0 0.0 0.0 
0.31875 0.0 0.0 0.0 
0.33125 0.0 0.0 0.0 
0.34375 0.0 0.0 0.0 
0.35625 0.0 0.0 0.0 
0.36875 0.0 0.0 0.0 
0.38125 0.0 0.0 0.0 
0.39375 0.0 0.0 0.0 
0.40625 0.0 0.0 0.0 
0.41875 0.0 0.0 0.0 
0.43125 0.0 0.0 0.0 
0.44375 0.0 0.0 0.0 
0.45625 0.0 0.0 0.0 
0.46875 0.0 0.0 0.0 
0.48125 0.0 0.0 0.0 
0.49375 0.0 0.0 0.0 
0.50625 0.0 0.0 0.0 
0.51875 0.0 0.0 0.0 
0.53125 0.0 0.0 0.0 
0.54375 0.0 0.0 0.0 
0.55625 0.0 0.0 0.0 
0.56875 0.0 0.0 0.0 
0.58125 0.0 0.0 0.0 
0.59375 0.0 0.0 0.0 
0.60625 0.0 0.0 0.0 
0.61875 0.0 0.0 0.0 
0.63125 0.0 0.0 0.0 
0.64375 0.0 0.0 0.0 
0.65625 0.0 0.0 0.0 
0.66875 0.0 0.0 0.0 
0.68125 0.0 0.0 0.0 
0.69375 0.0 0.0 0.0 
0.70625 0.0 0.0 0.0 
0.71875 0.0 0.0 0.0 
0.73125 0.0 0.0 0.0 
0.74375 0.0 0.0 0.0 
0.75625 0.0 0.0 0.0 
0.76875 0.0 0.0 0.0 
0.78125 0.0 0.0 0.0 
0.79375 0.0 0.0 0.0 
0.80625 0.0 0.0 0.0 
0.81875 0.0 0.0 0.0 
0.83125 0.0 0.0 0.0 
0.84375 0.0 0.0 0.0 
0.85625 0.0 0.0 0.0 
0.86875 0.0 0.0 0.0 
0.88125 0.0 0.0 0.0 
0.89375 0.0 0.0 0.0 
0.90625 0.0743942856 0.0 0.0 
0.91875 0.1447675066 0.0 0.0 
0.93125 0.4579486327 0.0 0.0 
0.94375 1.1661949198 0.0 0.0 
0.95625 2.7061286853 0.0 0.0 
0.96875 4.7852032014 0.0 0.0 
0.98125 6.5994938561 0.0 0.0 
0.99375 9.7136431552 0.0 0.0 
1.00625 12.0685508934 0.0603427545 0.0 
1.01875 16.277846383 0.0 0.0 
1.03125 17.4942995535 0.0574525437 0.0 
1.04375 21.0598016132 0.3365081483 0.0 
1.05625 21.7965150487 0.6571813583 0.0 
1.06875 23.0548640744 0.5349156398 0.0 
1.08125 22.6555456293 0.8884527698 0.0 
1.09375 23.1366163432 1.2768552066 0.0 
1.10625 21.4933677606 1.5976487069 0.0 
1.11875 21.6503794114 2.7337570395 0.3905367199 
1.13125 20.7687403026 2.960142296 1.9097692232 
1.14375 20.57414887 3.2694447693 2.6155558155 
1.15625 18.3721860149 3.4733485998 4.7530033471 
1.16875 16.751239061 4.2045833691 7.5145745321 
1.18125 16.1577607279 3.6344014645 10.1588089129 
1.19375 14.4276910292 3.4729360278 10.9761928781 
1.20625 13.9412606417 4.0312078964 13.4373596546 
1.21875 14.582288196 2.5092230746 17.1120786729 
1.23125 12.4538825123 3.4661291135 23.2150042948 
1.24375 12.3430554695 3.6337955302 20.8548265212 
1.25625 10.8791030189 2.7488125066 23.5391268168 
1.26875 10.4760113608 2.5051331515 20.9520227216 
1.28125 9.5282088054 2.8659065547 18.1631480352 
1.29375 8.8886818843 2.0807181413 25.4066636201 
1.30625 8.9163257809 2.8288744446 19.4798442764 
1.31875 7.8697751391 2.459304731 21.6418816325 
1.33125 8.0502052729 2.2409564999 16.5486018458 
1.34375 7.6304291126 2.3686476181 19.7612886995 
1.35625 7.5734676113 2.0926686821 11.9581067547 
1.36875 6.4247679367 2.2829124648 12.2625012396 
1.38125 6.2769840834 1.6653223079 9.4795269832 
1.39375 6.6209747315 1.9501208235 13.336310148 
1.40625 6.2720658534 1.977400072 5.437850198 
1.41875 6.025435679 2.1551936182 8.0136776788 
1.43125 5.6522056718 2.1475398859 6.2040041147 
1.44375 5.979790407 1.7880745825 8.9110602143 
1.45625 5.5894578918 1.9015681488 7.3757794861 
1.46875 5.4947236047 1.6144291003 5.66466351 
1.48125 5.3327592342 1.5316018688 8.2428027849 
1.49375 4.8605172476 1.8072909202 6.3529014165 
1.50625 5.0494858773 1.561974298 5.3861182691 
1.51875 5.5229807298 1.3774340429 4.662084453 
1.53125 5.0423020333 1.4071540558 3.1270090129 
1.54375 5.2558147468 1.6152016051 4.1020993145 
1.55625 4.9194443232 1.7154985332 3.0273503527 
1.56875 5.2758405439 1.4399941249 2.9792981895 
1.58125 4.6673732271 1.9304842143 4.3008255915 
1.59375 4.7147204979 1.5876099636 4.0411889982 
1.60625 4.9139658052 1.420905775 3.7890820666 
1.61875 4.8733439869 1.6555379094 5.0365660343 
1.63125 4.8219046958 1.8369160746 4.5922901865 
1.64375 4.6583927146 1.696016765 4.7036198284 
1.65625 4.8556251444 1.2027695312 3.9201377313 
1.66875 4.9148009365 1.7552860487 5.0903295413 
1.68125 4.9933026128 1.8589784619 3.4585645803 
1.69375 5.377783285 1.3843798556 3.7484746858 
1.70625 5.1313790222 1.7209532917 2.854263996 
1.71875 5.0570125215 2.0062585464 3.3092924476 
1.73125 5.2798405443 1.5289113545 4.2401808233 
1.74375 5.5359709732 1.949144045 4.6618702932 
1.75625 5.3484970229 2.1195895609 3.8033756607 
1.76875 5.6149466972 1.7772526937 4.3747758614 
1.78125 5.9023022302 1.7138822137 4.1595343612 
1.79375 5.6589151286 1.7850269198 4.1017639858 
1.80625 5.9647807576 1.797861704 5.0939414947 
1.81875 5.6983608594 1.5146372463 5.0241625729 
1.83125 5.9214613838 1.8584278805 4.0812533845 
1.84375 6.3357187958 1.7614196936 5.0326276959 
1.85625 5.6832395425 2.1633548337 3.5464833339 
1.86875 6.3597916283 1.977046641 5.1788124401 
1.88125 6.6726351154 1.7609541572 2.4860529279 
1.89375 6.5166901661 2.0103776199 3.4074196947 
1.90625 6.8602729544 2.202685679 4.7080304589 
1.91875 6.7047956455 2.190675805 3.0536693039 
1.93125 6.9131573726 1.933062962 4.5869290624 
1.94375 6.7760127671 2.2640615451 4.5281230902 
1.95625 7.2724491951 1.8360738912 4.9813482961 
1.96875 6.888764495 2.4276195246 3.1527526293 
1.98125 7.0044657518 2.0079468489 4.3583342456 
1.99375 7.1859020635 1.9213641881 3.8119865492 
2.00625 7.7417862048 2.1251962131 3.7646332918 
2.01875 7.766150365 2.1289446947 4.07797857 
2.03125 7.7449044429 2.4582297084 4.264880458 
2.04375 7.46760529 1.9894110077 3.9788220154 
2.05625 7.4493435519 2.1242550963 2.5433258296 
2.06875 7.2311040085 2.4127474382 3.5405997909 
2.08125 7.4336705546 2.2004793293 3.3853528143 
2.09375 7.5890855313 2.2997228883 4.2370652002 
2.10625 7.2789105539 2.8785095663 4.0767408211 
2.11875 7.2136934191 2.1641080257 3.7021219057 
2.13125 7.6001280988 2.5288921815 3.6588227307 
2.14375 6.9467119611 2.4330110792 3.7226399026 
2.15625 6.991247762 2.3523183259 3.7847356306 
2.16875 7.2811157044 2.41621324 4.5726186047 
2.18125 7.0887474276 2.5170190141 4.1094187986 
2.19375 6.6082702171 2.2852807667 3.961153329 
2.20625 6.9729404803 2.6987978457 3.7155542433 
2.21875 7.0745605547 2.4698904393 2.8794702609 
2.23125 6.9157425841 2.8472977454 4.1236725967 
2.24375 6.3959205783 2.5607955256 4.0778544863 
2.25625 6.4032635404 3.0005920995 2.9765873627 
2.26875 6.3269634812 2.6352455775 4.8431540344 
2.28125 6.4339282048 2.5360008983 4.9780758373 
2.29375 6.2072176484 2.6942460139 4.7381567831 
2.30625 6.3526335401 2.5157807329 3.5841259756 
2.31875 5.8070357081 2.7046467682 4.6365373168 
2.33125 5.9641581572 2.6644778195 3.687547362 
2.34375 6.0063780294 2.6806242687 4.7161190453 
2.35625 6.036363444 2.4761746124 4.8422970198 
2.36875 5.5808057887 2.63522927 4.0944058079 
2.38125 5.5439192751 2.7153890327 4.9135611068 
2.39375 5.6141279736 2.5804728768 4.5211590899 
2.40625 5.6245429927 2.6909164412 3.1235735944 
2.41875 5.2323561413 2.4542987888 3.8433274651 
2.43125 5.5818230907 2.5738406474 4.3000711217 
2.44375 5.1514261781 2.4964210277 4.9109921857 
2.45625 5.3067388533 2.6128599697 3.4027943792 
2.46875 5.1127849297 2.7669189032 4.4110301355 
2.48125 5.6022757525 2.6001704998 4.6842766257 
2.49375 5.2269386057 2.56434394 4.7160348323 
