# Radial distribution function (180 data points):
# "Pair separation distance" 0-0 0-1 1-1
0.0080555556 0.0 0.0 0.0 
0.0241666667 0.0 0.0 0.0 
0.0402777778 0.0 0.0 0.0 
0.0563888889 0.0 0.0 0.0 
0.0725 0.0 0.0 0.0 
0.0886111111 0.0 0.0 0.0 
0.1047222222 0.0 0.0 0.0 
0.1208333333 0.0 0.0 0.0 
0.1369444444 0.0 0.0 0.0 
0.1530555556 0.0 0.0 0.0 
0.1691666667 0.0 0.0 0.0 
0.1852777778 0.0 0.0 0.0 
0.2013888889 0.0 0.0 0.0 
0.2175 0.0 0.0 0.0 
0.2336111111 0.0 0.0 0.0 
0.2497222222 0.0 0.0 0.0 
0.2658333333 0.0 0.0 0.0 
0.2819444444 0.0 0.0 0.0 
0.2980555556 0.0 0.0 0.0 
0.3141666667 0.0 0.0 0.0 
0.3302777778 0.0 0.0 0.0 
0.3463888889 0.0 0.0 0.0 
0.3625 0.0 0.0 0.0 
0.3786111111 0.0 0.0 0.0 
0.3947222222 0.0 0.0 0.0 
0.4108333333 0.0 0.0 0.0 
0.4269444444 0.0 0.0 0.0 
0.4430555556 0.0 0.0 0.0 
0.4591666667 0.0 0.0 0.0 
0.4752777778 0.0 0.0 0.0 
0.4913888889 0.0 0.0 0.0 
0.5075 0.0 0.0 0.0 
0.5236111111 0.0 0.0 0.0 
0.5397222222 0.0 0.0 0.0 
0.5558333333 0.0 0.0 0.0 
0.5719444444 0.0 0.0 0.0 
0.5880555556 0.0 0.0 0.0 
0.6041666667 0.0 0.0 0.0 
0.6202777778 0.0 0.0 0.0 
0.6363888889 0.0 0.0 0.0 
0.6525 0.0 0.0 0.0 
0.6686111111 0.0 0.0 0.0 
0.6847222222 0.0 0.0 0.0 
0.7008333333 0.0 0.0 0.0 
0.7169444444 0.0 0.0 0.0 
0.7330555556 0.0 0.0 0.0 
0.7491666667 0.0 0.0 0.0 
0.7652777778 0.0 0.0 0.0 
0.7813888889 0.0 0.0 0.0 
0.7975 0.0 0.0 0.0 
0.8136111111 0.0 0.0 0.0 
0.8297222222 0.0 0.0 0.0 
0.8458333333 0.0 0.0 0.0 
0.8619444444 0.0 0.0 0.0 
0.8780555556 0.0 0.0 0.0 
0.8941666667 0.0841617929 0.0 0.0 
0.9102777778 0.6496724469 0.0 0.0 
0.9263888889 0.6272722073 0.0 0.0 
0.9425 3.10580542 0.0 0.0 
0.9586111111 8.7871853269 0.0 0.0 
0.9747222222 14.8026115788 0.0 0.0 
0.9908333333 23.9894857487 0.0 0.0 
1.0069444444 36.766573675 0.0 0.0 
1.0230555556 44.6185793844 0.0 0.0 
1.0391666667 53.9014779022 0.872393862 0.0 
1.0552777778 58.6733504205 0.3625541736 0.0 
1.0713888889 61.7290496537 1.7586623833 0.0 
1.0875 62.1326452372 3.6414737135 0.0 
1.1036111111 63.094273222 4.7514076157 0.0 
1.1197222222 62.6334664513 5.4743903839 0.0 
1.1358333333 55.6533867311 8.5540350739 2.5036200216 
1.1519444444 52.2820004525 8.3164384813 4.0567992592 
1.1680555556 48.8768771528 8.1872468288 18.9391733871 
1.1841666667 44.1008365896 7.9659835407 33.0156426264 
1.2002777778 39.6553071677 8.6877351392 33.6299424744 
1.2163888889 38.9756407621 10.7330819368 41.4769946034 
1.2325 35.3054670499 10.7201041732 48.9049380465 
1.2486111111 31.9400052556 8.8050825299 50.4134137007 
1.2647222222 30.1638424167 7.2359566188 53.175867245 
1.2808333333 26.4565021646 7.1371029095 60.3782499012 
1.2969444444 25.2832225132 6.8008668153 55.0470161047 
1.3130555556 23.7689129792 5.5421767538 45.5863552704 
1.3291666667 22.1297043613 6.6274846108 43.8785188024 
1.3452777778 21.0079173545 6.4696949021 37.4796118467 
1.3613888889 20.9856316684 3.8485760499 28.4649398409 
1.3775 18.5826137914 5.3903765196 29.5052188443 
1.3936111111 18.1554462983 5.4050565316 23.2833204436 
1.4097222222 17.2010743616 4.4018497382 16.7947497703 
1.4258333333 15.95396262 3.8395428712 14.2989872445 
1.4419444444 15.5994448705 4.0131351949 13.463421299 
1.4580555556 15.7630574959 4.7479088843 11.1417595151 
1.4741666667 15.977759686 3.8396166687 8.4223849508 
1.4902777778 14.0283305252 4.4842179649 7.7564851284 
1.5063888889 13.9670999076 3.6178050716 11.8616559724 
1.5225 13.7601562711 3.8900019838 7.8961234298 
1.5386111111 13.8430231104 3.5247122499 4.0932142257 
1.5547222222 14.1143908753 3.7304307244 4.4542456411 
1.5708333333 14.180874033 4.4724295027 5.2360150276 
1.5869444444 14.0547215898 3.633920411 6.8403207737 
1.6030555556 15.004360807 3.5088732079 5.4466091586 
1.6191666667 13.9372412293 3.9527350816 6.5707803954 
1.6352777778 13.2865130737 3.3216282684 6.4419457327 
1.6513888889 13.47268517 3.5038851541 4.7376475323 
1.6675 13.528212731 3.7269137041 6.1953890146 
1.6836111111 14.0539532908 3.1336517473 6.8370583577 
1.6997222222 14.3245055166 3.7267006222 4.8447108089 
1.7158333333 13.7367742061 4.3884536565 4.0227491852 
1.7319444444 14.6713602843 3.813656343 6.8197148722 
1.7480555556 14.314081977 4.7126362201 3.8758129661 
1.7641666667 16.6051444298 4.2810137983 5.5350481433 
1.7802777778 15.2656065358 4.2038805203 6.1147353022 
1.7963888889 15.6185914913 4.2956339749 6.005546528 
1.8125 16.4073070533 4.1786399986 3.9328376457 
1.8286111111 16.4615780444 4.3065742072 3.8638422794 
1.8447222222 16.3928132285 3.9548403446 3.4802595033 
1.8608333333 17.820313844 4.7805858295 4.6639861751 
1.8769444444 17.7831158519 4.5078575092 5.5011142485 
1.8930555556 18.3079178583 5.144994352 7.5109406598 
1.9091666667 17.7971495565 4.9108317241 5.3169907389 
1.9252777778 17.7183863332 4.3206720772 4.0665148962 
1.9413888889 19.1395134452 4.6420461714 5.9989519754 
1.9575 18.9662487459 4.8469302351 3.0907960919 
1.9736111111 20.8691633886 4.0770882117 3.8697786416 
1.9897222222 19.5637331184 4.6232279828 3.2634550467 
2.0058333333 19.9699042773 4.014051111 4.5492579258 
2.0219444444 20.1138010705 4.4441295328 4.4770490108 
2.0380555556 20.4774774045 5.1841714948 3.3697114716 
2.0541666667 20.0937337499 5.6772771547 4.5928534285 
2.0702777778 19.8136096151 5.7776611239 3.2656345483 
2.0863888889 20.4208500736 5.4414377183 4.699423484 
2.1025 20.9615544659 5.662816457 4.1405539686 
2.1186111111 19.6245064001 5.5170499276 5.2771781916 
2.1347222222 20.363064753 5.4931545237 4.0165000818 
2.1508333333 18.9972749758 5.9639224656 5.5857225044 
2.1669444444 19.2604040463 5.7036017935 4.1272294385 
2.1830555556 19.8526027837 5.8456454854 5.8738853187 
2.1991666667 19.4514786287 6.4838262096 4.4524128478 
2.2152777778 17.5378329075 6.1978893465 5.2654635156 
2.2313888889 17.880147815 5.8924750169 5.6221779978 
2.2475 18.4639939599 6.2878825029 6.1813082232 
2.2636111111 16.3503691989 5.9097719996 7.3543829328 
2.2797222222 17.155914971 6.2926601328 6.2149729706 
2.2958333333 16.9798099149 6.5621220273 4.9024413589 
2.3119444444 17.3356877029 6.068120169 5.8415098723 
2.3280555556 16.5006194198 6.0837498237 7.7474691633 
2.3441666667 15.9317064051 5.9514291413 6.4657501782 
2.3602777778 16.0652467145 6.039566434 3.478790266 
2.3763888889 15.0497865546 6.1962699987 5.338324922 
2.3925 15.2592376938 6.6303621412 5.8309567767 
2.4086111111 14.9165936164 5.9387993247 4.8252744513 
2.4247222222 14.7190257476 5.1047321022 3.2963292498 
2.4408333333 15.1917615802 6.031524672 5.4215952108 
2.4569444444 14.5138434637 5.7520301285 5.3507257009 
2.4730555556 13.45615111 5.2152212806 4.5770718412 
2.4891666667 13.9884654149 5.2999775796 5.5606322146 
2.5052777778 13.9270636914 5.0176026232 6.1755109209 
2.5213888889 13.2733354176 5.3347376798 5.9274863109 
2.5375 13.4397468197 4.9954890978 5.3508167742 
2.5536111111 13.1468633359 5.6343700011 4.4579630778 
2.5697222222 13.0538622782 5.5027990868 5.0544228649 
2.5858333333 13.0325975431 5.414314655 4.6695947954 
2.6019444444 14.0644480438 5.0095277838 6.6793703784 
2.6180555556 13.6758934759 5.5371169565 3.141626642 
2.6341666667 13.8097499686 5.7605277257 6.6721263893 
2.6502777778 13.4028533775 4.9242792252 4.4452637363 
2.6663888889 13.4874622113 4.9217405964 7.4204704376 
2.6825 13.1576100263 5.6483272608 3.74061408 
2.6986111111 13.4999449437 5.9506944174 6.2094202616 
2.7147222222 13.5136704674 5.5515619217 6.7203118 
2.7308333333 13.5892973365 5.0531251716 3.8981251324 
2.7469444444 13.8316655868 5.5647706809 4.5659656869 
2.7630555556 14.0322165501 5.1122396979 4.6539009664 
2.7791666667 13.8874208291 6.0289179509 5.7152748205 
2.7952777778 14.7181964821 6.1146398492 5.0984039306 
2.8113888889 13.8433495209 5.0912195655 4.6314773305 
2.8275 13.6355384392 5.4205473795 4.9828634296 
2.8436111111 13.7644105596 5.9418314024 4.2608090729 
2.8597222222 13.543928783 5.4801072719 5.6611318364 
2.8758333333 14.1086094124 5.4514234754 4.4262304039 
2.8919444444 13.7265593396 5.2299317531 6.4368390807 
