# Radial distribution function (400 data points):
# "Pair separation distance" 0-0 0-1 1-1
0.00375 0.0 0.0 0.0 
0.01125 0.0 0.0 0.0 
0.01875 0.0 0.0 0.0 
0.02625 0.0 0.0 0.0 
0.03375 0.0 0.0 0.0 
0.04125 0.0 0.0 0.0 
0.04875 0.0 0.0 0.0 
0.05625 0.0 0.0 0.0 
0.06375 0.0 0.0 0.0 
0.07125 0.0 0.0 0.0 
0.07875 0.0 0.0 0.0 
0.08625 0.0 0.0 0.0 
0.09375 0.0 0.0 0.0 
0.10125 0.0 0.0 0.0 
0.10875 0.0 0.0 0.0 
0.11625 0.0 0.0 0.0 
0.12375 0.0 0.0 0.0 
0.13125 0.0 0.0 0.0 
0.13875 0.0 0.0 0.0 
0.14625 0.0 0.0 0.0 
0.15375 0.0 0.0 0.0 
0.16125 0.0 0.0 0.0 
0.16875 0.0 0.0 0.0 
0.17625 0.0 0.0 0.0 
0.18375 0.0 0.0 0.0 
0.19125 0.0 0.0 0.0 
0.19875 0.0 0.0 0.0 
0.20625 0.0 0.0 0.0 
0.21375 0.0 0.0 0.0 
0.22125 0.0 0.0 0.0 
0.22875 0.0 0.0 0.0 
0.23625 0.0 0.0 0.0 
0.24375 0.0 0.0 0.0 
0.25125 0.0 0.0 0.0 
0.25875 0.0 0.0 0.0 
0.26625 0.0 0.0 0.0 
0.27375 0.0 0.0 0.0 
0.28125 0.0 0.0 0.0 
0.28875 0.0 0.0 0.0 
0.29625 0.0 0.0 0.0 
0.30375 0.0 0.0 0.0 
0.31125 0.0 0.0 0.0 
0.31875 0.0 0.0 0.0 
0.32625 0.0 0.0 0.0 
0.33375 0.0 0.0 0.0 
0.34125 0.0 0.0 0.0 
0.34875 0.0 0.0 0.0 
0.35625 0.0 0.0 0.0 
0.36375 0.0 0.0 0.0 
0.37125 0.0 0.0 0.0 
0.37875 0.0 0.0 0.0 
0.38625 0.0 0.0 0.0 
0.39375 0.0 0.0 0.0 
0.40125 0.0 0.0 0.0 
0.40875 0.0 0.0 0.0 
0.41625 0.0 0.0 0.0 
0.42375 0.0 0.0 0.0 
0.43125 0.0 0.0 0.0 
0.43875 0.0 0.0 0.0 
0.44625 0.0 0.0 0.0 
0.45375 0.0 0.0 0.0 
0.46125 0.0 0.0 0.0 
0.46875 0.0 0.0 0.0 
0.47625 0.0 0.0 0.0 
0.48375 0.0 0.0 0.0 
0.49125 0.0 0.0 0.0 
0.49875 0.0 0.0 0.0 
0.50625 0.0 0.0 0.0 
0.51375 0.0 0.0 0.0 
0.52125 0.0 0.0 0.0 
0.52875 0.0 0.0 0.0 
0.53625 0.0 0.0 0.0 
0.54375 0.0 0.0 0.0 
0.55125 0.0 0.0 0.0 
0.55875 0.0 0.0 0.0 
0.56625 0.0 0.0 0.0 
0.57375 0.0 0.0 0.0 
0.58125 0.0 0.0 0.0 
0.58875 0.0 0.0 0.0 
0.59625 0.0 0.0 0.0 
0.60375 0.0 0.0 0.0 
0.61125 0.0 0.0 0.0 
0.61875 0.0 0.0 0.0 
0.62625 0.0 0.0 0.0 
0.63375 0.0 0.0 0.0 
0.64125 0.0 0.0 0.0 
0.64875 0.0 0.0 0.0 
0.65625 0.0 0.0 0.0 
0.66375 0.0 0.0 0.0 
0.67125 0.0 0.0 0.0 
0.67875 0.0 0.0 0.0 
0.68625 0.0 0.0 0.0 
0.69375 0.0 0.0 0.0 
0.70125 0.0 0.0 0.0 
0.70875 0.0 0.0 0.0 
0.71625 0.0 0.0 0.0 
0.72375 0.0 0.0 0.0 
0.73125 0.0 0.0 0.0 
0.73875 0.0 0.0 0.0 
0.74625 0.0 0.0 0.0 
0.75375 0.0 0.0 0.0 
0.76125 0.0 0.0 0.0 
0.76875 0.0 0.0 0.0 
0.77625 0.0 0.0 0.0 
0.78375 0.0 0.0 0.0 
0.79125 0.0 0.0 0.0 
0.79875 0.0 0.0 0.0 
0.80625 0.0 0.0 0.0 
0.81375 0.0 0.0 0.0 
0.82125 0.0 0.0 0.0 
0.82875 0.0 0.0 0.0 
0.83625 0.0 0.0 0.0 
0.84375 0.0 0.0 0.0 
0.85125 0.0 0.0 0.0 
0.85875 0.0 0.0 0.0 
0.86625 0.0 0.0 0.0 
0.87375 0.0 0.0 0.0 
0.88125 0.0 0.0 0.0 
0.88875 0.0 0.0 0.0 
0.89625 0.0 0.0 0.0 
0.90375 0.0 0.0 0.0 
0.91125 0.0643499795 0.0 0.0 
0.91875 0.0633036616 0.0 0.0 
0.92625 0.4982612571 0.0 0.0 
0.93375 0.4290030923 0.0 0.0 
0.94125 1.0856408492 0.0 0.0 
0.94875 2.3151797479 0.0 0.0 
0.95625 2.5127499913 0.0 0.0 
0.96375 3.2792145249 0.0 0.0 
0.97125 5.6645018832 0.0 0.0 
0.97875 7.3629898731 0.0 0.0 
0.98625 8.7346789377 0.0 0.0 
0.99375 12.1745276549 0.0 0.0 
1.00125 12.4192331231 0.0 0.0 
1.00875 13.9681370584 0.0 0.0 
1.01625 15.6253517152 0.1034791504 0.0 
1.02375 16.5698866004 0.1019685329 0.0 
1.03125 20.1483962081 0.0 0.0 
1.03875 21.0965571288 0.1980897383 0.0 
1.04625 21.6250376203 0.0976299667 0.0 
1.05375 24.0131693772 0.2887355035 0.0 
1.06125 23.010733982 0.7591169973 0.0 
1.06875 23.2035046712 0.2806875565 0.0 
1.07625 22.327660627 0.5535783627 0.0 
1.08375 24.3399552245 2.0017907101 0.0 
1.09125 24.3206406452 1.7948812284 0.0 
1.09875 23.3258296687 2.1245537459 0.0 
1.10625 23.0106205837 2.0085171667 0.6986146667 
1.11375 22.0125204317 2.067712291 0.6892374303 
1.12125 20.5289410003 2.8051969069 0.0 
1.12875 21.9765800687 2.6002823745 0.6710406128 
1.13625 22.9704530559 3.9732675556 0.6622112593 
1.14375 19.974275513 3.1043863783 0.653555027 
1.15125 18.9488554467 2.8221699601 3.2253370973 
1.15875 17.8686308886 3.9000575214 3.8204645107 
1.16625 19.2502873659 2.9857588567 6.2858081195 
1.17375 18.1517755199 3.5682977518 8.6880293087 
1.18125 17.9603041887 4.1358482993 6.7399009322 
1.18875 15.5412257348 3.6300673249 13.310246858 
1.19625 16.5045197753 3.6593731628 15.5336656709 
1.20375 15.303826686 3.7614224626 10.6204869532 
1.21125 14.3864643919 4.2977286032 15.1513143975 
1.21875 14.1739710389 3.3096582121 20.7213383716 
1.22625 13.7523690279 4.3353721483 17.0572018951 
1.23375 13.4803603837 3.0190390443 20.2205405755 
1.24125 13.0404911218 3.1213941515 22.1965806328 
1.24875 11.6507143992 3.0840126351 19.1894119516 
1.25625 11.2411460763 2.7087098979 20.5861952241 
1.26375 11.0411999602 3.3458181698 19.807243565 
1.27125 10.9113049972 3.372585181 28.0387473867 
1.27875 10.489588253 2.5488719119 25.6194304995 
1.28625 9.883149563 2.9714044438 17.0532776774 
1.29375 8.364217098 2.6178084047 21.9640510056 
1.30125 9.4672645835 1.7672227222 25.2460388892 
1.30875 9.7646280916 1.8718136917 21.4634636645 
1.31625 8.0807057946 2.09728242 16.7782593598 
1.32375 9.422612224 2.7444501623 18.5402855411 
1.33125 7.9599343117 2.5327063719 17.3671294074 
1.33875 7.5132248182 2.2062644308 19.0812058876 
1.34625 7.8130259231 1.8279532348 15.0953557458 
1.35375 7.5225936501 2.0993284605 16.3281102483 
1.36125 7.5841132855 1.6725420934 15.6872913586 
1.36875 7.6438365214 2.2246986891 14.1468019202 
1.37625 7.165787499 2.3697879918 11.7360929117 
1.38375 7.3673880124 1.8976605486 11.609217474 
1.39125 6.2667215482 2.5950300684 7.9507304224 
1.39875 6.9644189419 2.1849157465 7.428713538 
1.40625 6.7282046675 1.7833795504 10.3760264751 
1.41375 6.416392677 1.8714478641 11.1217473068 
1.42125 6.5869342907 1.9575628013 7.1953659722 
1.42875 5.3661934418 2.5653022307 7.9576722259 
1.43625 6.3982592053 2.1759262075 5.3880077518 
1.44375 5.6397993986 1.5893980123 7.3830101218 
1.45125 5.7338846813 1.8774666656 5.683142339 
1.45875 4.8966364803 1.8582107669 4.4195283104 
1.46625 5.2692015507 1.6404118035 9.1465385408 
1.47375 5.461731523 1.5253484434 5.5109363115 
1.48125 6.3807184827 1.8508954377 3.1172975793 
1.48875 6.1719364409 1.301892843 6.1719364409 
1.49625 6.3250299307 1.6230265482 3.0551087967 
1.50375 5.1041980512 1.8904437227 7.9398636352 
1.51125 5.3344208435 2.2928650994 2.2460719341 
1.51875 5.4208618582 1.9459504106 7.4131444215 
1.52625 5.50535034 1.6974830215 6.239397052 
1.53375 4.5884636945 1.9989346788 2.5440986821 
1.54125 5.331228008 1.8895491674 3.5991412712 
1.54875 5.4802146181 2.4059478811 5.70298757 
1.55625 5.0083219049 1.676794999 3.5300947348 
1.56375 4.7418761106 1.3548217459 7.3422597841 
1.57125 4.9780857954 1.6449326976 3.4630162055 
1.57875 5.0595326901 1.5435862444 4.802268316 
1.58625 6.0311510843 1.5714971135 3.3978315968 
1.59375 5.1540761938 1.4725931982 1.6829636551 
1.60125 5.3143120019 1.3754689887 5.6685994687 
1.60875 4.6661261934 1.7343123905 2.6427617378 
1.61625 4.6638324422 1.8818973012 4.5820108204 
1.62375 4.6613818725 1.4186814395 4.5397806063 
1.63125 5.3214502551 2.0080944359 4.4981315364 
1.63875 5.3922382233 1.7509851057 4.7754139247 
1.64625 5.6981183178 1.5379004456 3.7856010969 
1.65375 5.8810108959 1.7975182805 2.8135068738 
1.66125 5.6344069439 1.3166311759 3.097955708 
1.66875 4.9506516066 1.7653486349 4.2982401545 
1.67625 5.115639369 1.7495866987 5.4769670568 
1.68375 5.8240955458 1.6209456859 3.6188554848 
1.69125 5.1747501443 1.8681408463 4.4835380312 
1.69875 5.4439437939 1.6665134063 2.6664214501 
1.70625 5.653151647 1.3215159694 3.2303723697 
1.71375 6.0040494201 1.6010798454 3.4932651171 
1.72125 5.1943336365 1.3707269318 2.8857409091 
1.72875 5.9360693144 1.323099787 5.149361333 
1.73625 5.5658359612 1.8434615922 2.8360947573 
1.74375 5.4477670712 1.5464629105 5.0611513435 
1.75125 5.5057447005 1.8120172432 2.2301750685 
1.75875 5.7698368755 1.6929461491 3.5931918266 
1.76625 6.1148972098 1.6785992341 3.0146271959 
1.77375 5.8934548129 1.902210199 2.4456988272 
1.78125 5.5744695132 1.6167645718 4.8502937154 
1.78875 6.262637658 1.703437443 4.8097057213 
1.79625 6.7404076556 1.9210989878 2.3848125366 
1.80375 6.1589106127 2.0036989193 3.1533622337 
1.81125 6.4989235081 1.8242592303 4.1697353836 
1.81875 5.9285076329 1.6477051187 3.1015625763 
1.82625 6.8091642289 1.9866737986 4.6142101128 
1.83375 6.6582348726 2.1929269986 3.5595336789 
1.84125 5.8160240426 1.9859594292 2.0174825947 
1.84875 7.2228892056 1.7510034438 4.2524369349 
1.85625 6.1411203566 2.140087397 2.7293868252 
1.86375 6.5686772464 2.3997977762 4.6765289998 
1.87125 6.6687306416 2.0753944331 4.883281019 
1.87875 6.782118868 2.0285801971 3.391059434 
1.88625 7.0737185585 1.7121102243 5.2865157804 
1.89375 6.7347041559 1.8177741306 3.0991558947 
1.90125 7.3912336995 2.0399805011 4.0208311325 
1.90875 6.5852706567 2.0239807363 3.0506376316 
1.91625 7.1886610361 1.6298178867 4.1909602802 
1.92375 6.7717509001 1.9059085689 2.5412114252 
1.93125 7.2350208323 2.4355515673 3.4384257421 
1.93875 7.5772042288 1.8480985924 2.9569577478 
1.94625 7.4201708106 2.1442318692 2.2570861781 
1.95375 6.8593586622 1.9318193783 2.9117277586 
1.96125 7.6543991182 2.0282073888 4.2231167549 
1.96875 7.4031843725 2.3160800272 2.4263695523 
1.97625 7.3470999117 1.9154450422 3.7214360819 
1.98375 7.5903771958 2.0096168604 4.5623734129 
1.99125 7.8836933307 1.7519318513 3.6655804888 
1.99875 7.945018798 2.3273287388 4.922166528 
2.00625 7.2484973526 2.4427170566 3.1861526825 
2.01375 7.4976748876 2.846217532 4.4274494942 
2.02125 7.5860094021 2.5373893517 2.7204999235 
2.02875 7.5819555503 2.2849729056 2.2849729056 
2.03625 7.3457833796 2.551693174 2.4743691384 
2.04375 7.5989986049 2.532999535 3.68436296 
2.05125 7.8991190623 2.5907078597 3.6574699195 
2.05875 8.043386192 2.2945082868 3.4291552417 
2.06625 7.6972368967 1.9775015117 3.0037997646 
2.07375 8.0392763246 1.8886707903 3.7773415806 
2.08125 7.6607021235 1.8010668439 3.1580350139 
2.08875 7.7282633722 2.4985193787 3.5273214758 
2.09625 7.8189836611 2.6995557897 2.5293135327 
2.10375 7.3045354968 2.6320475013 2.5113113774 
2.11125 7.3845983256 2.9490441365 2.8771162308 
2.11875 8.1299292517 2.5949115327 4.1899488969 
2.12625 6.8907326205 2.4111654453 3.2148872603 
2.13375 7.4644110559 2.9341238427 2.4411910372 
2.14125 7.2840139452 2.5173552195 3.356473626 
2.14875 7.6151703084 2.2683486025 4.2589402333 
2.15625 7.9645367241 2.5973813848 2.9421665243 
2.16375 7.3045139797 2.7620193486 3.2870312908 
2.17125 7.084119357 2.3802641039 3.2643621997 
2.17875 7.3956455336 2.724119055 3.7822479441 
2.18625 7.8704313557 2.7278199585 3.2197219182 
2.19375 7.694572414 2.1096230284 4.4413116387 
2.20125 7.2783129395 2.3819933257 4.2346548012 
2.20875 7.1851567036 2.5191860394 3.680202214 
2.21625 7.1474875092 2.5891963884 3.1331452095 
2.22375 7.1858022035 2.506926483 3.9765040765 
2.23125 7.3629726465 2.6832990694 3.6063539493 
2.23875 7.303060775 2.452122596 2.5587366219 
2.24625 6.8413511374 2.3086912507 4.5750211941 
2.25375 6.827453701 2.5668701126 2.8614289779 
2.26125 7.0016950553 2.5498710351 4.681730425 
2.26875 6.9762420398 2.7199038905 4.4847270256 
2.27625 6.8478417591 2.6813838214 3.3001647032 
2.28375 7.2639805278 2.499874822 3.6063767924 
2.29125 6.6668687219 2.8092454462 2.6056769356 
2.29875 6.5425395721 2.6089261354 3.8830528527 
2.30625 6.610566692 2.4111489454 2.8933787345 
2.31375 6.318244288 2.5752085724 4.6313828588 
2.32125 6.0196387189 2.2809174717 4.2841580338 
2.32875 6.2469653043 2.916564243 3.3106945461 
2.33625 6.2852415596 2.7608070402 4.85588756 
2.34375 6.0894397755 2.4513399735 4.6692189972 
2.35125 5.9153355333 2.8610119573 3.0929858998 
2.35875 5.8585695492 2.9773058365 3.9953523483 
2.36625 5.7737729871 2.672159399 5.1916239752 
2.37375 5.6614797927 2.5035689535 3.945017745 
2.38125 5.7672267152 2.4878232889 4.6740922398 
2.38875 5.8809005335 2.6033285801 3.4461327967 
2.39625 5.3137051105 2.4009385613 2.9779082931 
2.40375 6.0389325879 2.3859794911 3.2552898483 
2.41125 5.992233269 2.3527787068 3.6762167295 
2.41875 6.0647333919 2.4478140798 2.7766249264 
2.42625 5.9728333592 2.577940234 4.5023181552 
2.43375 5.773692477 2.7785895046 4.1859270458 
2.44125 5.3885952633 2.7077467047 3.2995059183 
2.44875 6.0239783954 2.7268304571 3.5644842576 
2.45625 5.500118855 2.6039210038 4.1095896115 
2.46375 5.1849865246 2.5000614142 4.3663044418 
2.47125 5.4073032266 2.9223936532 3.9198573552 
2.47875 5.8877428011 2.765586722 4.0353215062 
2.48625 5.3768312967 2.368571986 3.8727016414 
2.49375 5.7140158282 2.2684213213 3.437002002 
2.50125 5.7737518505 2.7331369707 3.4164212133 
2.50875 5.4166594436 2.411177558 3.2601837403 
2.51625 5.6460428212 3.1732617351 3.105745528 
2.52375 5.3105154134 2.5000530698 3.4900069699 
2.53125 5.2290535473 2.8355314292 4.1365399672 
2.53875 5.4800840315 2.6364095643 3.846836597 
2.54625 5.1346588707 2.0110060424 4.0879467092 
2.55375 5.129124123 2.294176924 3.8017789027 
2.56125 5.5226991794 2.1178492428 2.7369128677 
2.56875 5.4257123186 2.591384988 2.9800927362 
2.57625 5.3539125868 2.1093610492 5.2814536195 
2.58375 4.9946982131 2.4653318103 4.4824214733 
2.59125 5.4990169859 2.1168430076 3.565209276 
2.59875 5.1508349 2.705968565 3.671255597 
2.60625 5.2156330811 2.5016158669 3.5242890201 
2.61375 4.9589167271 2.1900578605 3.5040925769 
2.62125 5.5138506584 2.3175282034 3.7329313343 
2.62875 5.3509781262 2.5053712614 4.0828272408 
2.63625 5.0668480846 2.3527397783 3.5675531278 
2.64375 5.3745265361 2.6452150519 3.5473404165 
2.65125 5.1769194355 2.7823091239 3.2840369987 
2.65875 5.3972043928 2.5247426711 3.7493184577 
2.66625 5.7577485356 2.285059471 3.7282549264 
2.67375 5.4863072679 2.8104244315 3.946553457 
2.68125 5.3218676185 2.9285137454 4.281278978 
2.68875 5.5730913875 2.3208895168 3.3113328138 
2.69625 5.1305127776 2.5726066936 4.2337755872 
2.70375 5.4237106104 2.6899265561 3.1577398702 
2.71125 5.5173218128 2.6750651213 3.9544440924 
2.71875 5.2122157941 2.4000771756 4.1639893167 
2.72625 5.356123581 2.4444053927 3.7960177863 
2.73375 5.5126759059 2.8743135073 4.347220429 
2.74125 5.4896630315 2.6452780411 4.3234651854 
2.74875 5.6011909006 2.8854619791 2.7157289215 
2.75625 5.6129523702 2.5040238644 3.7138331472 
2.76375 5.4775951655 2.6583475899 4.3652865687 
2.77125 5.4062395914 2.6996408771 3.6737381007 
2.77875 5.1141230173 2.6297249615 4.7611862462 
2.78625 5.3206539762 2.4641579864 3.6342888738 
2.79375 5.5317426335 2.3550983489 3.3957232008 
2.80125 5.583876458 2.7102229638 2.5059348007 
2.80875 5.4321766771 2.4790232716 2.1674520407 
2.81625 5.6121372358 2.8296490264 4.2040499821 
2.82375 5.4617373661 2.6269951503 2.4661587126 
2.83125 5.2261914752 2.5464351321 3.3063660353 
2.83875 5.2450288773 2.5595210451 3.3950123706 
2.84625 5.5472227376 2.4800900705 1.7941077106 
2.85375 5.4721740071 2.6901574855 3.9893067102 
2.86125 5.7568202893 2.5194247525 3.8639882214 
2.86875 5.3891266048 2.6231411426 3.3243768936 
2.87625 5.483781322 2.4673786396 3.7204452785 
2.88375 5.7187418697 2.6601788023 3.3926918058 
2.89125 5.5101278772 2.3395670569 4.3978746862 
2.89875 6.0094674909 2.7471851387 4.0699039092 
2.90625 5.3268670447 2.8722062212 2.328131915 
2.91375 5.8218748728 2.6812094009 3.7259999186 
2.92125 5.4476288408 2.8177390556 4.0074511013 
2.92875 5.9119032634 2.6662746014 2.6911930556 
2.93625 5.4602881253 2.8014191063 3.1732888992 
2.94375 5.5928239692 2.2198639789 2.5651761535 
2.95125 5.6073789765 2.8343644279 4.4171913163 
2.95875 5.4508048247 2.4049463616 5.5667793955 
2.96625 5.6722725406 2.8179169795 2.3320692244 
2.97375 5.5591018921 2.5136808555 2.9004009872 
2.98125 5.6934944859 2.645340627 2.5010493201 
2.98875 5.5273696844 2.6201167985 4.019905225 
2.99625 5.2556971268 2.5832078743 4.1902726809 
