# Cluster list (194 data points):
# "Cluster Identifier" "Cluster Size" "Center of Mass.X" "Center of Mass.Y" "Center of Mass.Z"
1 4004 38.7512832168 30.9675192308 45.1432177822 
2 1344 17.9068206845 36.8758831845 18.3659278274 
3 602 20.417410299 3.7256993355 12.3189634551 
4 546 56.6676703297 19.4224377289 11.7998626374 
5 504 50.3448690476 54.5570039683 21.973609127 
6 448 14.2859598214 53.6095044643 27.9137745536 
7 322 5.3219937888 40.268515528 57.4060745342 
8 280 42.1304392857 20.9587928571 13.3542107143 
9 252 37.8365634921 19.1212896825 30.8555793651 
10 252 26.3021587302 13.7568174603 21.2184285714 
11 224 4.4899285714 16.7821026786 39.2540803571 
12 210 52.285152381 32.0209904762 62.2900904762 
13 182 43.0254505495 39.6763186813 9.4070549451 
14 154 -2.7110194805 44.2699155844 15.6135 
15 140 33.5859785714 42.9183214286 21.0641785714 
16 140 11.3588857143 52.2742571429 45.7195071429 
17 112 1.3876875 67.7134107143 44.7151964286 
18 98 59.361 59.9918061224 54.9278265306 
19 84 -0.7388095238 9.5783095238 60.379702381 
20 84 64.0978690476 39.8583333333 16.9573690476 
21 84 65.4492738095 9.8452738095 62.100297619 
22 84 -4.4315952381 21.9927142857 14.5026071429 
23 84 5.7342142857 24.5541904762 0.8003809524 
24 84 16.1234404762 33.3826428571 66.0446071429 
25 70 50.4625857143 63.2900714286 7.2018428571 
26 70 34.9957142857 -3.3869571429 45.5771714286 
27 70 67.6820857143 11.0162428571 -1.9512142857 
28 70 4.1731857143 3.6448714286 48.2267857143 
29 70 24.1391857143 10.1601571429 34.9176571429 
30 70 59.4371428571 61.7478142857 6.4764142857 
31 70 77.9828 55.8766571429 33.2865 
32 56 35.5858214286 -0.8489642857 67.161875 
33 56 50.5631785714 19.2506607143 63.0215178571 
34 56 0.7985357143 58.9964285714 4.4316964286 
35 56 21.0654642857 69.9834285714 8.5883214286 
36 56 34.2688392857 -1.9278571429 2.7790178571 
37 42 3.6239047619 18.7735 55.8005238095 
38 42 44.5419285714 53.8151904762 11.2587619048 
39 42 24.5735 16.7129761905 -2.8706904762 
40 42 55.7527380952 1.9808333333 42.4904047619 
41 42 61.097952381 41.3053809524 49.129547619 
42 42 5.8264285714 25.7108571429 67.6736904762 
43 42 62.3280952381 44.5930952381 29.2788333333 
44 42 41.1788095238 18.1634047619 68.3819047619 
45 42 56.8814761905 24.2435952381 68.2291428571 
46 42 44.5815238095 30.419 0.215047619 
47 42 34.445952381 62.9935238095 0.5619047619 
48 42 -7.7960238095 62.2624761905 69.1381428571 
49 42 4.3143095238 51.6002857143 48.7048095238 
50 42 10.744 64.4945238095 3.6376666667 
51 42 26.5807857143 50.4580238095 73.1756428571 
52 42 12.2597619048 13.4523809524 64.966452381 
53 28 65.7458214286 5.9867142857 12.6479285714 
54 28 10.7898928571 40.4403214286 1.52125 
55 28 18.9556428571 43.4890714286 64.6313928571 
56 28 36.41575 28.20225 65.4625 
57 28 -0.0067142857 30.5543571429 10.1969642857 
58 28 58.2011071429 50.2980714286 63.4031428571 
59 28 44.9308928571 47.0723928571 -8.5122142857 
60 28 -0.72 42.3183928571 48.68475 
61 28 53.7313571429 77.2586785714 2.6528928571 
62 28 65.0264642857 59.4456428571 23.9869642857 
63 28 61.7214642857 -4.6268214286 55.3206428571 
64 28 2.7735 71.6353571429 9.9592857143 
65 28 19.7915 54.7059285714 -7.0903571429 
66 28 -4.1640714286 32.2940357143 -3.3578214286 
67 28 3.7920714286 54.8718214286 62.4608571429 
68 28 36.1530714286 45.8796428571 63.4012142857 
69 28 61.6076785714 61.9021428571 67.207 
70 28 70.0060714286 28.8631071429 50.5175 
71 14 17.5801428571 16.7338571429 70.0132142857 
72 14 36.9514285714 32.4009285714 22.179 
73 14 -2.3763571429 75.4875 58.7485 
74 14 -3.2092142857 -14.0094285714 41.5454285714 
75 14 63.6229285714 48.0298571429 38.8877142857 
76 14 5.7270714286 23.4243571429 -14.3132142857 
77 14 34.0802142857 51.3232857143 53.2877142857 
78 14 61.1902142857 55.5653571429 -10.1452142857 
79 14 70.9362142857 42.4872857143 -0.3444285714 
80 14 32.9731428571 -5.6675714286 -16.6039285714 
81 14 62.6033571429 22.1209285714 50.318 
82 14 46.4395 61.3782857143 32.6064285714 
83 14 71.7137857143 -6.0574285714 20.3539285714 
84 14 -6.1525714286 -17.4102142857 21.5899285714 
85 14 49.0778571429 8.8038571429 67.9911428571 
86 14 29.2007857143 -4.4890714286 36.5616428571 
87 14 -2.2242142857 -1.3799285714 69.3552142857 
88 14 36.2315714286 15.1756428571 -3.1172857143 
89 14 74.1382857143 23.5296428571 -1.1606428571 
90 14 -10.0361428571 58.2674285714 32.8795 
91 14 6.3871428571 54.3118571429 71.7960714286 
92 14 77.8288571429 -1.6310714286 22.6220714286 
93 14 60.9609285714 52.4993571429 29.2481428571 
94 14 36.9437142857 23.8713571429 -9.7802142857 
95 14 61.1706428571 -2.2042142857 34.124 
96 14 -2.0172857143 61.4762142857 56.3367142857 
97 14 14.9144285714 78.6987142857 63.2645 
98 14 28.4088571429 35.0191428571 32.3037857143 
99 14 36.727 12.3832142857 14.5605714286 
100 14 60.3704285714 5.4239285714 -3.7295 
101 14 -2.4592857143 46.0897142857 31.9495 
102 14 53.6031428571 68.2527857143 44.8567142857 
103 14 55.3418571429 -0.3005 35.3582142857 
104 14 62.6517142857 67.3373571429 42.1276428571 
105 14 2.5121428571 2.0747142857 11.1079285714 
106 14 76.4817857143 40.0687857143 28.8157142857 
107 14 4.1338571429 59.192 43.4672142857 
108 14 46.7200714286 47.6856428571 -17.4045714286 
109 14 -12.8937857143 34.8760714286 26.8051428571 
110 14 69.8580714286 60.3732142857 11.5426428571 
111 14 41.3397857143 39.3251428571 -13.1376428571 
112 14 -0.0441428571 72.1205 -1.4827142857 
113 14 46.3306428571 40.9130714286 29.5182142857 
114 14 20.6523571429 54.5777857143 9.884 
115 14 0.3099285714 11.9092142857 -8.2686428571 
116 14 33.1795714286 17.5861428571 -14.009 
117 14 24.5267142857 60.0529285714 79.7989285714 
118 14 77.1463571429 -5.7197142857 40.2193571429 
119 14 37.6021428571 65.3017857143 36.6122142857 
120 14 44.1517857143 37.2951428571 70.9356428571 
121 14 35.5925 -5.3662857143 56.3496428571 
122 14 53.3031428571 43.3763571429 58.5221428571 
123 14 51.7394285714 34.9132857143 81.9549285714 
124 14 47.6214285714 16.3347857143 -2.0439285714 
125 14 47.7787142857 73.3293571429 14.1942857143 
126 14 -7.2153571429 45.4015714286 66.0785 
127 14 57.4649285714 3.5233571429 26.3525714286 
128 14 65.0315 44.0656428571 3.9710714286 
129 14 70.0627142857 34.2783571429 4.1196428571 
130 14 18.2288571429 -8.6692142857 56.7060714286 
131 14 5.8172142857 15.8343571429 21.1112857143 
132 14 75.8471428571 27.1250714286 10.6936428571 
133 14 -3.5861428571 30.7317142857 64.6827857143 
134 14 81.4405714286 51.3110714286 51.3977142857 
135 14 29.876 -9.9669285714 -2.9202142857 
136 14 -2.5897142857 31.1275714286 29.1766428571 
137 14 6.5092857143 59.089 16.7712857143 
138 14 44.2472142857 65.1115714286 60.8462142857 
139 14 -12.7639285714 10.5387142857 52.3115 
140 14 36.2734285714 22.1173571429 59.7274285714 
141 14 20.1687857143 67.6141428571 45.0488571429 
142 14 48.8315 55.0098571429 -14.1066428571 
143 14 77.125 82.5855714286 17.9315 
144 14 70.0927857143 12.9650714286 49.0384285714 
145 14 32.0702142857 52.0278571429 -9.1615 
146 14 -6.0570714286 21.7266428571 6.8977857143 
147 14 24.4771428571 36.0837142857 16.309 
148 14 47.379 72.8658571429 61.9318571429 
149 14 13.2572857143 1.9492857143 67.8395 
150 14 61.1713571429 19.3725 81.4176428571 
151 14 -12.7047857143 16.7185714286 63.8397142857 
152 14 9.3905 38.3240714286 72.6782142857 
153 14 -9.1579285714 47.9037142857 -3.6126428571 
154 14 12.7652142857 55.1532142857 -8.5224285714 
155 14 21.3405 28.5145 1.0336428571 
156 14 32.9232857143 25.7098571429 14.4864285714 
157 14 21.1711428571 50.9246428571 28.9445714286 
158 14 11.1715714286 12.8754285714 18.5714285714 
159 14 36.9165714286 2.9000714286 10.188 
160 14 89.1405 68.7276428571 47.1340714286 
161 14 19.9933571429 38.1096428571 55.5976428571 
162 14 66.8782142857 15.8085714286 45.4582142857 
163 14 26.7639285714 1.174 56.0247142857 
164 14 41.1432142857 71.7087142857 47.2 
165 14 65.9606428571 39.9359285714 54.2536428571 
166 14 36.2394285714 32.428 33.4426428571 
167 14 63.3395714286 33.8040714286 23.5172857143 
168 14 32.255 -18.4728571429 16.3306428571 
169 14 60.6931428571 0.6487142857 69.0138571429 
170 14 55.9740714286 39.1431428571 30.3804285714 
171 14 78.8127857143 5.4147857143 30.8705714286 
172 14 31.9137142857 23.9917142857 22.3854285714 
173 14 27.2632142857 44.7551428571 30.8916428571 
174 14 24.3662142857 -8.0801428571 15.4734285714 
175 14 30.4825 20.9210714286 -4.6784285714 
176 14 51.5375714286 52.4796428571 -0.6442142857 
177 14 23.1312857143 27.6022142857 62.5197857143 
178 14 25.6570714286 36.6515714286 43.141 
179 14 48.6276428571 6.2889285714 2.7271428571 
180 14 66.4157857143 40.5333571429 36.4185 
181 14 23.4314285714 60.5535714286 9.9318571429 
182 14 -4.5965714286 5.6614285714 15.2876428571 
183 14 57.6947857143 50.6299285714 3.3199285714 
184 14 70.2162857143 22.8752142857 28.0792857143 
185 14 30.7552142857 54.5660714286 -0.439 
186 14 41.9718571429 -10.9725714286 14.4068571429 
187 14 73.7067857143 59.8502857143 22.705 
188 14 52.3132857143 65.0287142857 65.5052857143 
189 14 16.6818571429 -10.2925 -5.5285714286 
190 14 34.2264285714 11.6358571429 59.0431428571 
191 14 73.8795714286 10.3057142857 28.1240714286 
192 14 70.9319285714 8.4413571429 21.9937142857 
193 14 36.1995714286 -28.2678571429 54.0170714286 
194 14 9.4856428571 65.9011428571 14.8472857143 
